901 30000.000 L
67.000
120.000
131.000
170.000
171.000
179.000
185.000
198.000
274.000
291.000
356.000
367.000
397.000
421.000
511.000
586.000
596.000
605.000
632.000
634.000
641.000
687.000
732.000
796.000
810.000
850.000
859.000
871.000
919.000
927.000
960.000
967.000
973.000
1008.000
1026.000
1096.000
1109.000
1122.000
1184.000
1225.000
1240.000
1305.000
1313.000
1321.000
1332.000
1358.000
1486.000
1501.000
1512.000
1657.000
1673.000
1723.000
1730.000
1751.000
1779.000
1783.000
1808.000
1815.000
1845.000
1885.000
1910.000
1911.000
2003.000
2038.000
2067.000
2096.000
2111.000
2184.000
2187.000
2194.000
2241.000
2246.000
2248.000
2339.000
2368.000
2397.000
2419.000
2430.000
2467.000
2476.000
2478.000
2514.000
2524.000
2595.000
2614.000
2635.000
2637.000
2715.000
2755.000
2768.000
2772.000
2787.000
2795.000
2820.000
2856.000
2957.000
2980.000
2996.000
3021.000
3065.000
3101.000
3119.000
3248.000
3257.000
3353.000
3398.000
3404.000
3422.000
3484.000
3489.000
3495.000
3509.000
3728.000
3750.000
3817.000
3820.000
3823.000
3825.000
3827.000
3843.000
3893.000
3971.000
3978.000
3989.000
4006.000
4007.000
4025.000
4031.000
4068.000
4091.000
4105.000
4117.000
4154.000
4157.000
4176.000
4224.000
4300.000
4349.000
4365.000
4381.000
4385.000
4413.000
4416.000
4471.000
4518.000
4523.000
4542.000
4583.000
4702.000
4751.000
4774.000
4882.000
4884.000
4943.000
4947.000
4975.000
5002.000
5010.000
5146.000
5148.000
5155.000
5206.000
5231.000
5268.000
5270.000
5304.000
5356.000
5377.000
5460.000
5478.000
5517.000
5537.000
5572.000
5644.000
5648.000
5730.000
5760.000
5867.000
5869.000
5900.000
5905.000
5962.000
5983.000
6045.000
6054.000
6064.000
6107.000
6110.000
6127.000
6146.000
6215.000
6221.000
6231.000
6239.000
6257.000
6307.000
6358.000
6377.000
6380.000
6390.000
6399.000
6430.000
6569.000
6618.000
6669.000
6718.000
6732.000
6829.000
6856.000
6891.000
6910.000
6950.000
6963.000
6986.000
6993.000
6996.000
7108.000
7185.000
7201.000
7225.000
7236.000
7274.000
7292.000
7313.000
7342.000
7417.000
7453.000
7528.000
7532.000
7546.000
7564.000
7575.000
7589.000
7608.000
7619.000
7642.000
7648.000
7654.000
7672.000
7678.000
7687.000
7689.000
7720.000
7722.000
7765.000
7773.000
7795.000
7837.000
7881.000
7899.000
7936.000
7988.000
8059.000
8133.000
8177.000
8197.000
8232.000
8251.000
8257.000
8260.000
8261.000
8267.000
8331.000
8336.000
8337.000
8380.000
8436.000
8462.000
8561.000
8590.000
8614.000
8632.000
8677.000
8689.000
8716.000
8749.000
8759.000
8838.000
8842.000
8871.000
8888.000
8902.000
8947.000
8992.000
9007.000
9008.000
9016.000
9173.000
9212.000
9217.000
9303.000
9322.000
9333.000
9432.000
9464.000
9509.000
9587.000
9591.000
9685.000
9718.000
9813.000
9815.000
9817.000
9854.000
9877.000
9933.000
9990.000
10097.000
10106.000
10123.000
10129.000
10135.000
10147.000
10183.000
10282.000
10410.000
10465.000
10575.000
10600.000
10734.000
10779.000
10841.000
10883.000
10891.000
10927.000
10961.000
11088.000
11133.000
11142.000
11203.000
11260.000
11285.000
11303.000
11314.000
11361.000
11402.000
11421.000
11433.000
11440.000
11503.000
11567.000
11571.000
11573.000
11587.000
11605.000
11609.000
11623.000
11643.000
11666.000
11672.000
11770.000
11784.000
11797.000
11807.000
11810.000
11815.000
11836.000
11852.000
12045.000
12113.000
12121.000
12175.000
12187.000
12189.000
12191.000
12192.000
12323.000
12333.000
12367.000
12368.000
12392.000
12419.000
12426.000
12437.000
12457.000
12464.000
12515.000
12522.000
12525.000
12555.000
12577.000
12585.000
12631.000
12648.000
12682.000
12704.000
12718.000
12722.000
12739.000
12783.000
12914.000
12930.000
12952.000
12953.000
12971.000
12978.000
13012.000
13020.000
13067.000
13082.000
13125.000
13151.000
13234.000
13258.000
13273.000
13326.000
13334.000
13367.000
13383.000
13421.000
13476.000
13477.000
13503.000
13536.000
13563.000
13602.000
13640.000
13714.000
13719.000
13737.000
13759.000
13794.000
13797.000
13869.000
13873.000
13876.000
13908.000
13928.000
13936.000
13987.000
14040.000
14042.000
14152.000
14189.000
14251.000
14362.000
14377.000
14402.000
14415.000
14418.000
14434.000
14437.000
14441.000
14472.000
14505.000
14506.000
14523.000
14528.000
14547.000
14674.000
14716.000
14747.000
14755.000
14835.000
14844.000
14880.000
14916.000
14971.000
15096.000
15120.000
15144.000
15247.000
15261.000
15277.000
15400.000
15408.000
15416.000
15517.000
15524.000
15531.000
15538.000
15598.000
15624.000
15694.000
15707.000
15722.000
15755.000
15764.000
15894.000
15898.000
15970.000
15979.000
16027.000
16047.000
16101.000
16117.000
16122.000
16137.000
16148.000
16149.000
16184.000
16185.000
16237.000
16246.000
16250.000
16370.000
16385.000
16388.000
16438.000
16483.000
16488.000
16493.000
16550.000
16560.000
16605.000
16625.000
16690.000
16692.000
16734.000
16751.000
16780.000
16803.000
16832.000
16875.000
16887.000
16950.000
17240.000
17261.000
17317.000
17389.000
17443.000
17447.000
17533.000
17549.000
17570.000
17598.000
17694.000
17702.000
17787.000
17805.000
17840.000
17900.000
18002.000
18003.000
18044.000
18059.000
18066.000
18136.000
18153.000
18168.000
18204.000
18207.000
18254.000
18322.000
18335.000
18368.000
18375.000
18398.000
18409.000
18414.000
18422.000
18448.000
18479.000
18500.000
18533.000
18576.000
18615.000
18631.000
18661.000
18722.000
18732.000
18772.000
18798.000
18847.000
18900.000
18923.000
18954.000
18995.000
19025.000
19046.000
19066.000
19076.000
19080.000
19092.000
19132.000
19194.000
19241.000
19361.000
19365.000
19368.000
19394.000
19399.000
19407.000
19480.000
19487.000
19590.000
19642.000
19724.000
19729.000
19755.000
19777.000
19806.000
19817.000
19859.000
19862.000
19909.000
19910.000
19922.000
19929.000
19935.000
19945.000
20032.000
20042.000
20117.000
20121.000
20155.000
20222.000
20240.000
20248.000
20255.000
20279.000
20307.000
20311.000
20325.000
20362.000
20402.000
20492.000
20507.000
20526.000
20586.000
20603.000
20617.000
20623.000
20636.000
20667.000
20718.000
20728.000
20783.000
20804.000
20825.000
20831.000
20853.000
20876.000
20885.000
20959.000
21004.000
21034.000
21050.000
21107.000
21194.000
21413.000
21415.000
21433.000
21455.000
21478.000
21481.000
21516.000
21635.000
21638.000
21665.000
21756.000
21818.000
21867.000
21879.000
21886.000
21893.000
21922.000
21925.000
21943.000
22012.000
22015.000
22047.000
22131.000
22146.000
22148.000
22161.000
22169.000
22205.000
22272.000
22369.000
22392.000
22411.000
22446.000
22490.000
22554.000
22583.000
22591.000
22681.000
22686.000
22726.000
22733.000
22735.000
22826.000
22936.000
22985.000
23005.000
23020.000
23117.000
23171.000
23189.000
23214.000
23250.000
23257.000
23316.000
23329.000
23350.000
23357.000
23358.000
23444.000
23480.000
23498.000
23517.000
23518.000
23523.000
23621.000
23675.000
23691.000
23729.000
23734.000
23746.000
23778.000
23795.000
23810.000
23834.000
23845.000
23863.000
23885.000
23941.000
23942.000
24040.000
24048.000
24068.000
24074.000
24083.000
24085.000
24105.000
24150.000
24178.000
24204.000
24234.000
24247.000
24283.000
24314.000
24318.000
24320.000
24322.000
24348.000
24450.000
24484.000
24553.000
24554.000
24574.000
24586.000
24590.000
24593.000
24601.000
24698.000
24714.000
24749.000
24806.000
24808.000
24835.000
24837.000
24847.000
24916.000
24918.000
24965.000
24990.000
25017.000
25027.000
25134.000
25141.000
25176.000
25218.000
25228.000
25280.000
25331.000
25343.000
25448.000
25481.000
25531.000
25547.000
25591.000
25658.000
25665.000
25675.000
25747.000
25750.000
25776.000
25816.000
25854.000
25865.000
25888.000
26028.000
26069.000
26086.000
26104.000
26175.000
26214.000
26284.000
26392.000
26395.000
26433.000
26469.000
26497.000
26583.000
26584.000
26636.000
26647.000
26676.000
26685.000
26697.000
26719.000
26741.000
26747.000
26834.000
26860.000
26870.000
26887.000
26904.000
26905.000
26964.000
27108.000
27124.000
27161.000
27267.000
27339.000
27360.000
27387.000
27473.000
27513.000
27528.000
27534.000
27570.000
27624.000
27626.000
27657.000
27702.000
27741.000
27768.000
27817.000
27837.000
27868.000
27870.000
27915.000
27955.000
28054.000
28131.000
28148.000
28166.000
28192.000
28194.000
28234.000
28280.000
28288.000
28292.000
28350.000
28374.000
28378.000
28420.000
28444.000
28485.000
28516.000
28521.000
28588.000
28650.000
28668.000
28728.000
28828.000
28844.000
28855.000
28922.000
28931.000
28946.000
28965.000
28993.000
29014.000
29015.000
29053.000
29080.000
29081.000
29122.000
29180.000
29194.000
29202.000
29205.000
29237.000
29249.000
29271.000
29365.000
29380.000
29402.000
29429.000
29436.000
29453.000
29487.000
29488.000
29544.000
29550.000
29588.000
29602.000
29618.000
29639.000
29711.000
29754.000
29829.000
29845.000
29860.000
29889.000
29896.000
29938.000
