846 30000.000 L
45.000
46.000
73.000
171.000
175.000
252.000
256.000
295.000
329.000
399.000
445.000
467.000
507.000
519.000
591.000
603.000
631.000
671.000
681.000
726.000
797.000
866.000
896.000
904.000
1002.000
1019.000
1023.000
1078.000
1161.000
1188.000
1258.000
1263.000
1295.000
1310.000
1368.000
1369.000
1373.000
1377.000
1446.000
1475.000
1482.000
1518.000
1540.000
1570.000
1580.000
1660.000
1704.000
1724.000
1776.000
1790.000
1834.000
1854.000
1862.000
1864.000
1950.000
1970.000
1981.000
2001.000
2006.000
2015.000
2018.000
2053.000
2111.000
2168.000
2175.000
2198.000
2220.000
2240.000
2271.000
2293.000
2311.000
2356.000
2417.000
2423.000
2450.000
2604.000
2679.000
2728.000
2783.000
2787.000
2889.000
3068.000
3071.000
3109.000
3148.000
3175.000
3181.000
3216.000
3219.000
3239.000
3240.000
3241.000
3285.000
3337.000
3369.000
3371.000
3379.000
3393.000
3439.000
3460.000
3482.000
3511.000
3530.000
3541.000
3591.000
3627.000
3633.000
3673.000
3691.000
3710.000
3781.000
3799.000
3830.000
3879.000
3900.000
3905.000
3921.000
3932.000
3988.000
4038.000
4072.000
4101.000
4258.000
4294.000
4298.000
4313.000
4358.000
4375.000
4388.000
4439.000
4440.000
4469.000
4473.000
4498.000
4556.000
4616.000
4661.000
4727.000
4750.000
4754.000
4765.000
4848.000
4870.000
4873.000
4877.000
5008.000
5012.000
5027.000
5141.000
5158.000
5162.000
5165.000
5186.000
5205.000
5218.000
5258.000
5277.000
5297.000
5437.000
5447.000
5494.000
5581.000
5683.000
5690.000
5706.000
5719.000
5784.000
5843.000
5878.000
5901.000
5911.000
5919.000
5955.000
5989.000
6006.000
6032.000
6065.000
6081.000
6100.000
6138.000
6247.000
6275.000
6294.000
6296.000
6302.000
6330.000
6367.000
6370.000
6377.000
6400.000
6419.000
6453.000
6454.000
6464.000
6479.000
6545.000
6703.000
6706.000
6748.000
6820.000
6828.000
6873.000
6909.000
6933.000
6950.000
6958.000
6998.000
7009.000
7029.000
7096.000
7111.000
7140.000
7149.000
7196.000
7197.000
7230.000
7240.000
7258.000
7298.000
7359.000
7383.000
7419.000
7443.000
7478.000
7482.000
7498.000
7510.000
7557.000
7625.000
7647.000
7658.000
7699.000
7707.000
7710.000
7725.000
7865.000
7889.000
7955.000
8012.000
8046.000
8068.000
8156.000
8168.000
8178.000
8227.000
8235.000
8266.000
8298.000
8337.000
8437.000
8440.000
8454.000
8462.000
8463.000
8465.000
8482.000
8483.000
8527.000
8533.000
8579.000
8583.000
8593.000
8594.000
8655.000
8684.000
8787.000
9062.000
9086.000
9099.000
9141.000
9154.000
9172.000
9192.000
9222.000
9264.000
9274.000
9405.000
9462.000
9467.000
9470.000
9525.000
9528.000
9533.000
9555.000
9656.000
9741.000
9807.000
9820.000
9882.000
9887.000
9914.000
9940.000
9941.000
9959.000
9971.000
9986.000
9988.000
9998.000
10053.000
10082.000
10182.000
10193.000
10225.000
10239.000
10250.000
10303.000
10387.000
10403.000
10528.000
10589.000
10633.000
10642.000
10648.000
10681.000
10689.000
10781.000
10836.000
10877.000
10887.000
10906.000
10945.000
10990.000
11010.000
11033.000
11039.000
11131.000
11173.000
11180.000
11207.000
11272.000
11377.000
11388.000
11426.000
11447.000
11467.000
11473.000
11482.000
11498.000
11503.000
11541.000
11544.000
11570.000
11668.000
11673.000
11701.000
11762.000
11772.000
11784.000
11895.000
11930.000
11955.000
11956.000
11963.000
12008.000
12020.000
12093.000
12119.000
12265.000
12302.000
12309.000
12333.000
12414.000
12438.000
12542.000
12549.000
12644.000
12764.000
12865.000
12889.000
12915.000
12970.000
13062.000
13070.000
13074.000
13129.000
13168.000
13174.000
13300.000
13317.000
13410.000
13412.000
13431.000
13481.000
13482.000
13497.000
13550.000
13561.000
13660.000
13662.000
13714.000
13840.000
13900.000
13945.000
13968.000
13975.000
13978.000
14003.000
14023.000
14074.000
14127.000
14128.000
14144.000
14159.000
14176.000
14206.000
14291.000
14322.000
14355.000
14386.000
14396.000
14404.000
14413.000
14441.000
14448.000
14457.000
14492.000
14580.000
14589.000
14594.000
14738.000
14741.000
14783.000
14820.000
14847.000
14891.000
14907.000
14936.000
14946.000
15046.000
15085.000
15141.000
15142.000
15150.000
15154.000
15197.000
15254.000
15271.000
15307.000
15314.000
15321.000
15397.000
15451.000
15609.000
15613.000
15627.000
15647.000
15650.000
15692.000
15810.000
15843.000
15856.000
15868.000
15872.000
15935.000
15999.000
16003.000
16114.000
16137.000
16149.000
16169.000
16208.000
16239.000
16249.000
16280.000
16296.000
16324.000
16370.000
16374.000
16382.000
16388.000
16448.000
16556.000
16558.000
16574.000
16619.000
16644.000
16645.000
16647.000
16683.000
16694.000
16830.000
16884.000
16960.000
17033.000
17107.000
17125.000
17182.000
17193.000
17212.000
17337.000
17386.000
17404.000
17480.000
17490.000
17503.000
17506.000
17507.000
17525.000
17557.000
17584.000
17595.000
17619.000
17622.000
17651.000
17661.000
17694.000
17711.000
17716.000
17728.000
17730.000
17766.000
17773.000
17817.000
17830.000
17870.000
17939.000
17941.000
17991.000
18037.000
18126.000
18128.000
18168.000
18178.000
18279.000
18289.000
18319.000
18382.000
18388.000
18426.000
18474.000
18528.000
18549.000
18583.000
18650.000
18674.000
18687.000
18702.000
18746.000
18759.000
18767.000
18820.000
18845.000
19014.000
19210.000
19250.000
19300.000
19312.000
19322.000
19364.000
19423.000
19437.000
19438.000
19479.000
19497.000
19588.000
19615.000
19622.000
19733.000
19758.000
19789.000
19802.000
19805.000
19815.000
19840.000
19923.000
19934.000
20020.000
20060.000
20075.000
20094.000
20113.000
20148.000
20153.000
20156.000
20210.000
20233.000
20260.000
20270.000
20271.000
20274.000
20286.000
20314.000
20348.000
20384.000
20406.000
20436.000
20549.000
20558.000
20576.000
20600.000
20643.000
20713.000
20768.000
20780.000
20802.000
20827.000
20956.000
20982.000
21021.000
21037.000
21073.000
21096.000
21101.000
21109.000
21143.000
21176.000
21182.000
21184.000
21248.000
21281.000
21330.000
21358.000
21364.000
21397.000
21400.000
21476.000
21488.000
21543.000
21582.000
21592.000
21621.000
21639.000
21713.000
21715.000
21732.000
21737.000
21740.000
21756.000
21769.000
21774.000
21840.000
21889.000
21929.000
21934.000
21975.000
22018.000
22034.000
22109.000
22223.000
22337.000
22453.000
22633.000
22650.000
22704.000
22779.000
22793.000
22796.000
22809.000
22817.000
22822.000
22843.000
22893.000
22939.000
22970.000
23007.000
23059.000
23064.000
23133.000
23203.000
23343.000
23355.000
23367.000
23384.000
23388.000
23398.000
23485.000
23486.000
23510.000
23521.000
23530.000
23557.000
23568.000
23578.000
23595.000
23606.000
23607.000
23644.000
23658.000
23675.000
23692.000
23801.000
23825.000
23841.000
23859.000
23877.000
23950.000
23970.000
24053.000
24079.000
24176.000
24329.000
24339.000
24388.000
24397.000
24405.000
24445.000
24453.000
24469.000
24497.000
24507.000
24548.000
24583.000
24600.000
24610.000
24619.000
24620.000
24625.000
24648.000
24692.000
24695.000
24743.000
24762.000
24763.000
24830.000
24844.000
24892.000
24904.000
24963.000
24990.000
25022.000
25033.000
25092.000
25149.000
25184.000
25267.000
25312.000
25352.000
25457.000
25501.000
25502.000
25517.000
25533.000
25577.000
25583.000
25690.000
25705.000
25716.000
25732.000
25776.000
25783.000
25849.000
25945.000
25949.000
25979.000
26024.000
26052.000
26153.000
26200.000
26272.000
26304.000
26317.000
26335.000
26372.000
26374.000
26480.000
26487.000
26488.000
26634.000
26649.000
26701.000
26719.000
26764.000
26765.000
26790.000
26798.000
26835.000
26856.000
26882.000
26889.000
26986.000
26991.000
27018.000
27094.000
27199.000
27279.000
27316.000
27388.000
27408.000
27425.000
27464.000
27467.000
27479.000
27480.000
27482.000
27512.000
27622.000
27627.000
27669.000
27707.000
27711.000
27864.000
27904.000
28020.000
28027.000
28065.000
28084.000
28156.000
28168.000
28178.000
28180.000
28195.000
28205.000
28242.000
28248.000
28272.000
28285.000
28309.000
28311.000
28337.000
28479.000
28497.000
28513.000
28521.000
28543.000
28549.000
28572.000
28619.000
28622.000
28662.000
28674.000
28683.000
28780.000
28788.000
28824.000
28835.000
28882.000
28884.000
28967.000
29016.000
29137.000
29209.000
29243.000
29296.000
29375.000
29412.000
29570.000
29659.000
29664.000
29683.000
29721.000
29730.000
29745.000
29825.000
29871.000
29896.000
29899.000
29934.000
