Distribution of estimated Rho values

Shuffle   Rho    Lkmax      G4     corr(r2,d)   corr(D',d)

   1     0.600  -18625704.634  829941  -0.00270  -0.00072
   2     0.600  -18625636.278  867232   0.00108  -0.00192
   3     0.600  -18625662.274  669068  -0.00145   0.00288
   4     0.600  -18625614.270  1000726  -0.00092  -0.00759
   5     0.600  -18625692.563  552600  -0.00215   0.00532
   6     0.600  -18625738.477  610972   0.00583   0.00417
   7     0.600  -18625699.979  663483   0.00327   0.00271
   8     0.600  -18625702.831  605110  -0.00157   0.00378
   9     0.600  -18625643.027  1050779   0.00487  -0.00715
  10     0.600  -18625724.121  591476   0.00138   0.00429
  11     0.600  -18625654.298  856579  -0.00705  -0.00244
  12     0.600  -18625624.996  602168  -0.02214   0.00400
  13     0.600  -18625626.387  1136776   0.00806  -0.01003
  14     0.600  -18625672.061  704368  -0.00506   0.00204
  15     0.600  -18625686.837  951040  -0.00589  -0.00606
  16     0.600  -18625679.071  1038616   0.01477  -0.00538
  17     0.600  -18625646.777  588021   0.00438   0.00454
  18     0.600  -18625682.306  760674   0.00185  -0.00015
  19     0.600  -18625673.358  1101635   0.00237  -0.00860
  20     0.600  -18625577.703  592355  -0.00555   0.00420
  21     0.600  -18625642.295  619293   0.00539   0.00409
  22     0.700  -18625648.491  1060811  -0.00623  -0.00863
  23     0.600  -18625725.439  827321   0.00182  -0.00145
  24     0.600  -18625625.758  654000   0.00589   0.00247
  25     0.600  -18625614.117  570445  -0.00218   0.00491
  26     0.600  -18625727.036  599413   0.00428   0.00408
  27     0.600  -18625597.555  640789   0.00527   0.00360
  28     0.600  -18625539.339  960945   0.00492  -0.00544
  29     0.600  -18625676.973  886701  -0.00510  -0.00261
  30     0.600  -18625601.046  871180  -0.00052  -0.00252
  31     0.600  -18625682.855  754628   0.01101  -0.00069
  32     0.600  -18625590.497  810984  -0.00068  -0.00101
  33     0.600  -18625628.875  624800  -0.00426   0.00383
  34     0.600  -18625666.646  709714   0.00101   0.00167
  35     0.600  -18625713.858  581420   0.01129   0.00495
  36     0.600  -18625648.546  581574   0.00325   0.00472
  37     0.700  -18625605.022  1050060  -0.00606  -0.00946
  38     0.600  -18625677.175  559425   0.00273   0.00524
  39     0.600  -18625640.919  965558  -0.00238  -0.00482
  40     0.600  -18625699.112  754523   0.00314   0.00005
  41     0.600  -18625686.330  575313  -0.00567   0.00442
  42     0.600  -18625658.152  702042  -0.00185   0.00126
  43     0.600  -18625579.389  948925   0.00425  -0.00522
  44     0.600  -18625647.500  655428   0.00052   0.00232
  45     0.600  -18625625.196  656112   0.00599   0.00301
  46     0.600  -18625713.209  641407   0.00474   0.00375
  47     0.600  -18625631.872  707232   0.00944   0.00063
  48     0.600  -18625708.720  975893  -0.00589  -0.00399
  49     0.600  -18625685.347  615469   0.01218   0.00476
  50     0.600  -18625628.775  833558  -0.00036  -0.00181
  51     0.700  -18625657.204  725175  -0.00107   0.00112
  52     0.600  -18625673.480  612765   0.00879   0.00421
  53     0.600  -18625597.991  796439  -0.00635  -0.00154
  54     0.600  -18625676.952  763391   0.00250   0.00021
  55     0.600  -18625699.048  867982   0.00211  -0.00258
  56     0.600  -18625581.744  605646  -0.00109   0.00388
  57     0.600  -18625613.562  595668  -0.00494   0.00437
  58     0.600  -18625638.210  866721   0.00526  -0.00321
  59     0.600  -18625664.763  670647   0.02038   0.00235
  60     0.600  -18625672.582  605312   0.00353   0.00369
  61     0.600  -18625667.861  968049   0.00073  -0.00621
  62     0.600  -18625727.744  565980   0.00028   0.00499
  63     0.600  -18625649.924  755663   0.00394   0.00008
  64     0.600  -18625599.683  1197476  -0.00314  -0.01198
  65     0.600  -18625672.225  612304   0.00325   0.00457
  66     0.600  -18625643.770  657467   0.00480   0.00204
  67     0.600  -18625720.340  640829   0.00717   0.00302
  68     0.600  -18625731.570  876758   0.00587  -0.00369
  69     0.600  -18625667.201  892715  -0.00309  -0.00352
  70     0.600  -18625674.539  1017523   0.00668  -0.00606
  71     0.700  -18625664.721  715311   0.00476   0.00003
  72     0.600  -18625693.955  581658   0.00392   0.00490
  73     0.600  -18625674.139  760966   0.00813   0.00004
  74     0.600  -18625560.865  656755  -0.00498   0.00247
  75     0.600  -18625732.663  594813  -0.01224   0.00438
  76     0.600  -18625632.689  777158  -0.01690   0.00038
  77     0.600  -18625673.500  737466  -0.01055   0.00045
  78     0.600  -18625704.380  746191   0.01272  -0.00028
  79     0.600  -18625619.824  1099298   0.01047  -0.00811
  80     0.600  -18625580.958  838128   0.00082  -0.00229
  81     0.600  -18625624.949  945796   0.00246  -0.00416
  82     0.600  -18625644.524  725206  -0.00096   0.00066
  83     0.600  -18625670.525  791329   0.00990  -0.00063
  84     0.600  -18625640.456  531770   0.00223   0.00499
  85     0.600  -18625595.224  624310   0.00321   0.00397
  86     0.600  -18625703.366  836476   0.00609  -0.00106
  87     0.600  -18625645.499  1190646   0.00820  -0.01162
  88     0.600  -18625658.674  848947  -0.00019  -0.00269
  89     0.600  -18625601.519  563625   0.00338   0.00460
  90     0.600  -18625610.706  765578   0.00252   0.00088
  91     0.600  -18625645.902  815852   0.00212  -0.00152
  92     0.600  -18625705.753  600954  -0.00346   0.00441
  93     0.600  -18625647.240  857560  -0.00210  -0.00200
  94     0.600  -18625690.882  704357   0.00841   0.00185
  95     0.600  -18625639.321  892084  -0.00231  -0.00302
  96     0.600  -18625672.031  988678   0.00470  -0.00594
  97     0.600  -18625656.205  575668  -0.01254   0.00522
  98     0.600  -18625601.415  897132   0.00533  -0.00396
  99     0.700  -18625723.913  669149   0.00207   0.00276
 100     0.600  -18625665.343  601468  -0.00927   0.00339
 101     0.600  -18625609.810  1106505   0.00985  -0.00892
 102     0.600  -18625744.032  577238   0.00104   0.00545
 103     0.600  -18625693.849  577812   0.01491   0.00472
 104     0.600  -18625671.075  608245  -0.00454   0.00411
 105     0.600  -18625615.959  756904   0.00371  -0.00048
 106     0.600  -18625643.381  592374   0.01609   0.00390
 107     0.600  -18625697.992  608037   0.01048   0.00394
 108     0.600  -18625671.991  838669   0.00796  -0.00085
 109     0.600  -18625666.241  720761   0.00731   0.00184
 110     0.600  -18625591.551  919801  -0.00038  -0.00383
 111     0.600  -18625709.303  583362   0.00007   0.00475
 112     0.700  -18625689.819  899266  -0.00261  -0.00572
 113     0.600  -18625690.229  1022028   0.00112  -0.00539
 114     0.600  -18625702.592  535310  -0.01276   0.00628
 115     0.600  -18625636.320  904587   0.00942  -0.00337
 116     0.600  -18625678.895  639032   0.01196   0.00300
 117     0.600  -18625692.386  587668  -0.00089   0.00518
 118     0.600  -18625691.275  664889   0.00116   0.00278
 119     0.600  -18625713.826  549290  -0.00661   0.00565
 120     0.600  -18625650.025  957137   0.00109  -0.00495
 121     0.600  -18625651.734  899746  -0.01158  -0.00325
 122     0.600  -18625697.382  814032  -0.00514  -0.00167
 123     0.600  -18625695.458  580597   0.00974   0.00471
 124     0.600  -18625668.713  753568  -0.00204   0.00008
 125     0.600  -18625605.227  789214   0.00272  -0.00125
 126     0.700  -18625714.797  1009199   0.00594  -0.00759
 127     0.600  -18625675.336  635215  -0.00735   0.00313
 128     0.600  -18625664.451  875754   0.00259  -0.00256
 129     0.600  -18625702.125  627756   0.00091   0.00371
 130     0.600  -18625666.867  1083526   0.00520  -0.00941
 131     0.600  -18625675.905  561627  -0.00088   0.00478
 132     0.600  -18625697.211  807624  -0.00155  -0.00055
 133     0.600  -18625719.189  790822   0.00247   0.00022
 134     0.600  -18625617.931  879081  -0.00684  -0.00254
 135     0.600  -18625694.460  977209  -0.00492  -0.00513
 136     0.600  -18625675.659  897008   0.00483  -0.00366
 137     0.600  -18625677.114  564130  -0.00536   0.00526
 138     0.600  -18625657.941  1029427   0.00656  -0.00687
 139     0.600  -18625699.902  1015161   0.00040  -0.00624
 140     0.600  -18625712.311  691120  -0.00707   0.00159
 141     0.600  -18625542.365  1104600   0.00493  -0.00980
 142     0.600  -18625735.325  567725  -0.01317   0.00477
 143     0.600  -18625662.970  1072002   0.00853  -0.00729
 144     0.600  -18625621.127  624112   0.00531   0.00341
 145     0.600  -18625660.849  868435   0.00080  -0.00178
 146     0.600  -18625607.185  617342  -0.00451   0.00304
 147     0.600  -18625675.146  883305   0.00364  -0.00270
 148     0.600  -18625625.310  1262947  -0.00026  -0.01217
 149     0.700  -18625632.861  520760  -0.00573   0.00591
 150     0.600  -18625664.224  661083   0.00467   0.00218
 151     0.600  -18625694.605  556782  -0.00034   0.00546
 152     0.600  -18625638.094  1142051   0.01216  -0.00905
 153     0.600  -18625695.822  782853   0.01113  -0.00092
 154     0.600  -18625677.814  1013435  -0.00241  -0.00629
 155     0.600  -18625670.035  670830   0.00302   0.00290
 156     0.600  -18625613.428  710630   0.00662   0.00121
 157     0.600  -18625620.209  1193095   0.01461  -0.01119
 158     0.600  -18625689.770  732000   0.00756   0.00078
 159     0.600  -18625744.224  1126431  -0.00450  -0.00855
 160     0.700  -18625754.707  770120  -0.01012  -0.00038
 161     0.600  -18625641.831  698007  -0.00575   0.00146
 162     0.600  -18625656.798  627199   0.00359   0.00368
 163     0.600  -18625679.504  783849   0.00260  -0.00063
 164     0.600  -18625691.702  984798  -0.00321  -0.00492
 165     0.600  -18625639.883  1028616  -0.01056  -0.00752
 166     0.600  -18625650.353  685929  -0.00064   0.00233
 167     0.600  -18625669.628  979001  -0.00655  -0.00386
 168     0.600  -18625724.250  1086557  -0.00493  -0.00849
 169     0.600  -18625684.410  687180  -0.00406   0.00110
 170     0.600  -18625636.066  966764  -0.01603  -0.00617
 171     0.600  -18625704.133  562865  -0.01794   0.00516
 172     0.600  -18625606.300  753703   0.00903   0.00010
 173     0.600  -18625597.378  545883  -0.00064   0.00592
 174     0.600  -18625711.923  621970  -0.00166   0.00359
 175     0.600  -18625705.547  1032497  -0.00570  -0.00831
 176     0.600  -18625664.825  1084397   0.00230  -0.01034
 177     0.600  -18625711.472  890351   0.00812  -0.00295
 178     0.600  -18625705.096  583581  -0.00240   0.00506
 179     0.600  -18625626.559  961918   0.00899  -0.00518
 180     0.600  -18625647.602  930251   0.00239  -0.00578
 181     0.700  -18625639.460  1107511   0.01407  -0.00872
 182     0.600  -18625666.974  570621  -0.00571   0.00560
 183     0.600  -18625584.405  1107626  -0.00616  -0.00835
 184     0.600  -18625757.213  581486  -0.00745   0.00476
 185     0.600  -18625634.548  1195213   0.01219  -0.01124
 186     0.600  -18625659.424  602354  -0.00158   0.00456
 187     0.600  -18625659.476  1067414  -0.01527  -0.00901
 188     0.700  -18625670.615  580665  -0.00157   0.00479
 189     0.600  -18625705.336  588523   0.00087   0.00477
 190     0.600  -18625634.054  1095808  -0.00868  -0.00933
 191     0.600  -18625587.661  1048951  -0.00112  -0.00665
 192     0.600  -18625703.545  803837   0.00176   0.00070
 193     0.600  -18625746.549  602369  -0.00381   0.00438
 194     0.600  -18625758.725  1099065  -0.00022  -0.00985
 195     0.600  -18625567.898  602878  -0.00232   0.00383
 196     0.600  -18625701.965  603479   0.00258   0.00499
 197     0.600  -18625663.807  824672  -0.00385  -0.00144
 198     0.600  -18625712.418  621810   0.00012   0.00410
 199     0.600  -18625690.307  583995   0.00114   0.00453
 200     0.600  -18625597.474  882663  -0.00267  -0.00315
 201     0.600  -18625668.927  631900  -0.00412   0.00308
 202     0.600  -18625668.263  523630  -0.00422   0.00586
 203     0.600  -18625654.495  564545  -0.00495   0.00503
 204     0.600  -18625661.129  625674   0.00538   0.00356
 205     0.600  -18625607.719  697197   0.00148   0.00161
 206     0.600  -18625674.644  1000353   0.00383  -0.00612
 207     0.600  -18625660.366  1014341   0.00201  -0.00718
 208     0.600  -18625695.342  635318   0.00435   0.00364
 209     0.600  -18625619.694  912206   0.00042  -0.00313
 210     0.600  -18625699.888  746008   0.00241   0.00143
 211     0.600  -18625625.634  564875  -0.00039   0.00505
 212     0.600  -18625655.025  582280   0.00025   0.00541
 213     0.600  -18625599.183  708968   0.00651   0.00173
 214     0.600  -18625649.625  572649  -0.00140   0.00428
 215     0.600  -18625676.710  1133924  -0.00211  -0.00964
 216     0.600  -18625677.331  712530   0.00156   0.00226
 217     0.600  -18625627.677  1017293   0.00466  -0.00670
 218     0.600  -18625641.429  984635   0.00232  -0.00560
 219     0.600  -18625598.150  580642  -0.00074   0.00479
 220     0.600  -18625612.564  639134   0.00501   0.00346
 221     0.600  -18625663.574  656878   0.00229   0.00305
 222     0.600  -18625624.206  825689  -0.00765  -0.00151
 223     0.600  -18625735.762  927693  -0.01074  -0.00384
 224     0.600  -18625714.407  725299   0.00812   0.00136
 225     0.600  -18625702.986  598429   0.00584   0.00447
 226     0.600  -18625660.161  534033  -0.00216   0.00579
 227     0.600  -18625571.217  536696  -0.00314   0.00663
 228     0.700  -18625598.385  1031271  -0.00125  -0.00781
 229     0.600  -18625673.660  607649  -0.00311   0.00401
 230     0.600  -18625699.183  554780   0.00128   0.00535
 231     0.600  -18625656.068  864079   0.00264  -0.00227
 232     0.600  -18625536.635  1031484  -0.00802  -0.00659
 233     0.600  -18625585.831  844908   0.00618  -0.00071
 234     0.600  -18625654.807  698249  -0.00220   0.00174
 235     0.600  -18625675.749  726167   0.00238   0.00141
 236     0.700  -18625610.368  920616   0.00658  -0.00451
 237     0.600  -18625729.274  940804   0.01098  -0.00526
 238     0.600  -18625555.128  656879  -0.00721   0.00288
 239     0.600  -18625659.437  700537  -0.00553   0.00189
 240     0.600  -18625726.985  804844   0.01157  -0.00033
 241     0.600  -18625698.911  914790   0.00068  -0.00398
 242     0.600  -18625674.824  618167  -0.00194   0.00410
 243     0.600  -18625709.352  685316  -0.00860   0.00148
 244     0.600  -18625671.262  575513   0.00224   0.00471
 245     0.600  -18625657.888  630192   0.00898   0.00338
 246     0.600  -18625595.412  696972   0.00540   0.00110
 247     0.600  -18625643.921  1109586   0.00033  -0.00916
 248     0.600  -18625750.726  737736  -0.00232   0.00061
 249     0.600  -18625647.258  1063835  -0.00733  -0.00760
 250     0.600  -18625663.926  599064  -0.00534   0.00486
 251     0.700  -18625639.368  936430   0.00229  -0.00523
 252     0.600  -18625636.460  814267   0.00096  -0.00135
 253     0.600  -18625649.402  937869  -0.00652  -0.00528
 254     0.600  -18625666.975  546801  -0.00372   0.00554
 255     0.600  -18625642.036  622750  -0.00219   0.00324
 256     0.600  -18625665.027  841517   0.00268  -0.00194
 257     0.700  -18625684.579  802712   0.00153  -0.00113
 258     0.600  -18625539.510  735232  -0.00041   0.00020
 259     0.600  -18625630.765  830844   0.00677  -0.00217
 260     0.600  -18625613.253  715717   0.00239   0.00146
 261     0.600  -18625783.776  582651   0.00015   0.00472
 262     0.600  -18625691.580  773816   0.01340  -0.00083
 263     0.600  -18625638.742  567390   0.01300   0.00538
 264     0.600  -18625537.284  572275  -0.00727   0.00480
 265     0.600  -18625610.420  1272174  -0.00476  -0.01239
 266     0.600  -18625646.200  589941  -0.00199   0.00459
 267     0.600  -18625652.256  839001  -0.00574  -0.00249
 268     0.600  -18625758.544  719957  -0.00524   0.00163
 269     0.600  -18625689.096  1148319  -0.00463  -0.01025
 270     0.600  -18625703.722  862739   0.00743  -0.00261
 271     0.600  -18625627.166  1064527   0.00137  -0.00818
 272     0.700  -18625653.108  606510   0.00299   0.00383
 273     0.600  -18625684.540  1125064  -0.00017  -0.00924
 274     0.600  -18625698.238  541272  -0.00745   0.00608
 275     0.600  -18625680.984  747832   0.00068   0.00073
 276     0.600  -18625637.475  583019  -0.00420   0.00384
 277     0.600  -18625702.351  658798  -0.00941   0.00235
 278     0.600  -18625722.467  678373   0.01608   0.00097
 279     0.600  -18625658.563  617003   0.00780   0.00389
 280     0.600  -18625593.436  692691   0.00483   0.00340
 281     0.600  -18625689.235  874612  -0.00586  -0.00267
 282     0.600  -18625639.228  597145  -0.00218   0.00378
 283     0.600  -18625730.627  609787   0.00754   0.00372
 284     0.700  -18625677.749  815531   0.00475  -0.00142
 285     0.600  -18625669.377  506717  -0.01052   0.00636
 286     0.600  -18625657.307  580131   0.00546   0.00463
 287     0.600  -18625598.316  1084989  -0.00104  -0.00809
 288     0.600  -18625716.457  779857   0.00001  -0.00042
 289     0.600  -18625706.380  666186  -0.00035   0.00278
 290     0.600  -18625679.595  934535   0.00194  -0.00447
 291     0.600  -18625711.393  884358  -0.00228  -0.00343
 292     0.600  -18625686.028  590870  -0.00686   0.00476
 293     0.700  -18625696.934  690188  -0.00740   0.00250
 294     0.600  -18625719.090  571315  -0.00362   0.00451
 295     0.600  -18625735.166  595729   0.00099   0.00457
 296     0.600  -18625630.306  695375   0.00449   0.00204
 297     0.600  -18625649.525  1153827  -0.01053  -0.01122
 298     0.600  -18625656.444  898071   0.00387  -0.00346
 299     0.600  -18625603.897  1114180   0.01162  -0.00791
 300     0.600  -18625600.442  726895  -0.00054   0.00079
 301     0.600  -18625663.981  918171  -0.00615  -0.00410
 302     0.600  -18625676.316  1197080   0.00617  -0.01046
 303     0.600  -18625662.783  641792  -0.00423   0.00336
 304     0.600  -18625703.287  1127318  -0.00830  -0.01105
 305     0.600  -18625708.631  639231   0.00507   0.00319
 306     0.600  -18625667.859  714644   0.00064   0.00179
 307     0.600  -18625680.379  808349   0.01453   0.00004
 308     0.600  -18625673.513  522871  -0.00468   0.00654
 309     0.600  -18625580.145  697881   0.00008   0.00222
 310     0.600  -18625575.693  1086719   0.01200  -0.00762
 311     0.600  -18625647.043  568536   0.00405   0.00506
 312     0.600  -18625670.344  622730  -0.00549   0.00433
 313     0.600  -18625582.248  982741   0.00046  -0.00624
 314     0.600  -18625703.809  567531   0.00432   0.00536
 315     0.600  -18625611.552  640325  -0.00531   0.00183
 316     0.600  -18625642.953  699670  -0.00368   0.00193
 317     0.600  -18625658.810  541886  -0.01048   0.00578
 318     0.600  -18625686.678  836746  -0.00800  -0.00130
 319     0.600  -18625670.176  552668   0.00125   0.00537
 320     0.600  -18625640.338  907975   0.00104  -0.00318
 321     0.600  -18625711.203  638552   0.01049   0.00306
 322     0.600  -18625558.799  951059  -0.00152  -0.00373
 323     0.600  -18625660.762  785965  -0.00058  -0.00015
 324     0.600  -18625625.944  891349  -0.00264  -0.00212
 325     0.600  -18625659.754  789464   0.00998  -0.00102
 326     0.600  -18625641.019  946333   0.00968  -0.00521
 327     0.600  -18625669.114  537516   0.00866   0.00519
 328     0.600  -18625620.710  645450   0.00166   0.00369
 329     0.600  -18625685.325  745989  -0.01170   0.00018
 330     0.600  -18625689.980  747107  -0.01728   0.00002
 331     0.700  -18625626.885  831777  -0.00746  -0.00220
 332     0.600  -18625719.395  906794  -0.00310  -0.00381
 333     0.600  -18625659.363  540542   0.00466   0.00591
 334     0.600  -18625678.584  635147   0.00631   0.00343
 335     0.700  -18625686.276  898707  -0.00689  -0.00291
 336     0.600  -18625718.879  616868   0.00120   0.00394
 337     0.600  -18625644.942  551692  -0.00045   0.00608
 338     0.600  -18625745.533  547479   0.00747   0.00563
 339     0.600  -18625711.265  665983  -0.00475   0.00301
 340     0.600  -18625727.120  874113   0.00421  -0.00334
 341     0.600  -18625627.289  981017  -0.00287  -0.00561
 342     0.600  -18625725.913  604342  -0.00973   0.00417
 343     0.600  -18625700.507  597813  -0.00037   0.00468
 344     0.600  -18625773.187  621741  -0.00168   0.00348
 345     0.600  -18625698.273  604531   0.00007   0.00342
 346     0.600  -18625637.503  1018377  -0.00442  -0.00626
 347     0.600  -18625607.315  645273   0.01221   0.00354
 348     0.600  -18625709.306  766217   0.00572   0.00123
 349     0.600  -18625655.639  882014  -0.00407  -0.00373
 350     0.600  -18625707.110  574146   0.00800   0.00549
 351     0.700  -18625734.447  580536   0.00721   0.00462
 352     0.600  -18625625.947  693579   0.00106   0.00182
 353     0.600  -18625598.352  1092931   0.00377  -0.00754
 354     0.600  -18625628.344  838876   0.00181  -0.00125
 355     0.600  -18625681.754  670607   0.01274   0.00160
 356     0.600  -18625635.193  800086   0.00415  -0.00022
 357     0.600  -18625640.238  734974  -0.01256   0.00083
 358     0.600  -18625737.370  526636   0.00179   0.00624
 359     0.600  -18625725.582  578263   0.00736   0.00497
 360     0.600  -18625594.043  729566   0.00972   0.00150
 361     0.600  -18625645.947  632951  -0.00099   0.00289
 362     0.600  -18625619.353  822816  -0.00925  -0.00188
 363     0.600  -18625658.175  561117  -0.00556   0.00500
 364     0.600  -18625608.955  986130   0.00338  -0.00535
 365     0.600  -18625656.373  568582   0.01106   0.00579
 366     0.600  -18625642.506  701828  -0.00628   0.00231
 367     0.600  -18625685.534  556969  -0.01479   0.00491
 368     0.600  -18625691.388  615267   0.00884   0.00394
 369     0.600  -18625602.659  1132092  -0.00252  -0.01007
 370     0.700  -18625661.715  984827   0.00197  -0.00478
 371     0.600  -18625666.147  1036128  -0.01204  -0.00745
 372     0.600  -18625691.214  716900  -0.00344   0.00136
 373     0.600  -18625680.324  592240   0.00635   0.00437
 374     0.600  -18625690.845  626717   0.00425   0.00346
 375     0.600  -18625665.449  842045  -0.00319  -0.00132
 376     0.600  -18625682.542  782064   0.00476  -0.00125
 377     0.600  -18625678.860  1089763   0.00486  -0.00728
 378     0.600  -18625730.840  812848   0.00043  -0.00211
 379     0.600  -18625619.698  730639  -0.00100   0.00032
 380     0.600  -18625689.527  631363   0.00363   0.00382
 381     0.600  -18625620.631  688839  -0.00654   0.00205
 382     0.600  -18625737.852  581718  -0.00035   0.00474
 383     0.600  -18625589.626  791636  -0.00747  -0.00096
 384     0.600  -18625628.264  571990  -0.00176   0.00489
 385     0.600  -18625688.127  652833   0.00003   0.00338
 386     0.700  -18625637.743  1058633   0.01486  -0.00746
 387     0.600  -18625661.350  684237   0.00601   0.00166
 388     0.600  -18625638.075  666546  -0.01201   0.00146
 389     0.600  -18625692.229  796659  -0.00585  -0.00136
 390     0.600  -18625649.232  831329  -0.00816  -0.00104
 391     0.600  -18625609.887  546900  -0.00110   0.00627
 392     0.600  -18625663.751  649502  -0.00000   0.00299
 393     0.700  -18625613.394  916943  -0.00397  -0.00460
 394     0.600  -18625619.923  686688   0.00055   0.00277
 395     0.600  -18625668.630  708738   0.00100   0.00130
 396     0.600  -18625707.347  676513  -0.01104   0.00295
 397     0.600  -18625628.982  1112916  -0.00231  -0.01036
 398     0.600  -18625595.058  1101725  -0.00501  -0.00808
 399     0.600  -18625601.133  1120123  -0.00079  -0.00954
 400     0.600  -18625658.966  607549   0.00301   0.00377
 401     0.600  -18625643.178  587718   0.01201   0.00462
 402     0.600  -18625636.167  901179  -0.00864  -0.00256
 403     0.600  -18625682.206  631721   0.01195   0.00348
 404     0.600  -18625548.035  947897   0.00518  -0.00399
 405     0.600  -18625739.214  589628   0.00461   0.00396
 406     0.600  -18625656.555  999581   0.00692  -0.00665
 407     0.600  -18625644.432  1002900   0.00439  -0.00494
 408     0.600  -18625671.700  958321   0.00537  -0.00533
 409     0.600  -18625655.668  1037164   0.00131  -0.00724
 410     0.600  -18625638.541  653717  -0.00637   0.00276
 411     0.600  -18625675.881  862904   0.00184  -0.00358
 412     0.600  -18625595.072  978909   0.02095  -0.00613
 413     0.600  -18625712.576  825829   0.00094  -0.00098
 414     0.600  -18625620.831  809395  -0.00380  -0.00116
 415     0.600  -18625692.986  530615  -0.00567   0.00556
 416     0.600  -18625623.038  682970   0.01240   0.00200
 417     0.600  -18625710.292  618903   0.00307   0.00336
 418     0.600  -18625559.934  818122  -0.00193  -0.00166
 419     0.600  -18625617.103  834483  -0.00986  -0.00158
 420     0.600  -18625633.954  552598   0.00153   0.00538
 421     0.600  -18625608.395  894435   0.00995  -0.00261
 422     0.600  -18625722.866  617565   0.00424   0.00378
 423     0.600  -18625642.953  1017144  -0.00253  -0.00692
 424     0.600  -18625635.066  1035896   0.00462  -0.00665
 425     0.600  -18625668.892  1102557  -0.00342  -0.00835
 426     0.600  -18625626.937  960737   0.00212  -0.00504
 427     0.600  -18625744.017  645911   0.00496   0.00390
 428     0.600  -18625714.572  654332   0.00527   0.00359
 429     0.600  -18625634.290  784515  -0.00557  -0.00076
 430     0.600  -18625647.897  535166  -0.01409   0.00573
 431     0.600  -18625592.398  915473  -0.00607  -0.00417
 432     0.600  -18625625.884  649970   0.00208   0.00365
 433     0.600  -18625726.646  652341   0.00290   0.00231
 434     0.600  -18625672.174  617717   0.00228   0.00385
 435     0.600  -18625672.924  1048702   0.00838  -0.00726
 436     0.600  -18625710.682  789577   0.00489  -0.00169
 437     0.600  -18625657.438  619272   0.00658   0.00354
 438     0.600  -18625703.957  944757   0.00398  -0.00435
 439     0.600  -18625671.950  590985  -0.00036   0.00431
 440     0.600  -18625611.046  1021211   0.00819  -0.00641
 441     0.600  -18625680.485  1062045  -0.00233  -0.00820
 442     0.600  -18625656.795  739213   0.00928   0.00029
 443     0.600  -18625698.030  535728  -0.00283   0.00581
 444     0.600  -18625660.390  569962   0.00719   0.00534
 445     0.600  -18625695.951  454759   0.00083   0.00872
 446     0.600  -18625701.994  527463  -0.00454   0.00641
 447     0.600  -18625659.619  740690   0.00725   0.00096
 448     0.600  -18625594.952  575801  -0.00763   0.00529
 449     0.600  -18625724.573  966768  -0.00175  -0.00500
 450     0.600  -18625628.513  741027  -0.00657   0.00066
 451     0.600  -18625692.963  595705  -0.01334   0.00414
 452     0.600  -18625714.746  666848   0.00265   0.00167
 453     0.600  -18625745.663  862376  -0.00370  -0.00292
 454     0.600  -18625783.502  682795   0.01052   0.00239
 455     0.600  -18625664.948  561465  -0.00376   0.00444
 456     0.600  -18625630.155  526013   0.00671   0.00593
 457     0.600  -18625706.925  637547   0.00549   0.00264
 458     0.600  -18625703.723  561796   0.00177   0.00524
 459     0.600  -18625650.550  1108373  -0.00047  -0.00915
 460     0.600  -18625723.188  682617   0.00028   0.00182
 461     0.600  -18625559.208  853283  -0.00422  -0.00257
 462     0.600  -18625652.782  644352   0.00438   0.00344
 463     0.600  -18625660.350  968190   0.00106  -0.00559
 464     0.600  -18625695.080  639139   0.00111   0.00304
 465     0.600  -18625701.853  672354  -0.00956   0.00285
 466     0.600  -18625661.038  931720   0.00141  -0.00487
 467     0.700  -18625653.048  891911  -0.00264  -0.00390
 468     0.600  -18625703.388  600726   0.00438   0.00482
 469     0.700  -18625660.082  575096  -0.00074   0.00467
 470     0.600  -18625657.897  632599   0.00442   0.00368
 471     0.600  -18625681.989  626888  -0.01128   0.00416
 472     0.700  -18625671.424  803066   0.00817  -0.00052
 473     0.600  -18625676.093  1006617   0.00757  -0.00724
 474     0.600  -18625706.237  531219   0.01031   0.00629
 475     0.600  -18625711.120  634925  -0.00300   0.00375
 476     0.600  -18625690.667  672789   0.00109   0.00182
 477     0.600  -18625739.617  516671  -0.00712   0.00635
 478     0.600  -18625588.647  930744  -0.00052  -0.00556
 479     0.600  -18625683.117  914915   0.00822  -0.00397
 480     0.600  -18625619.472  550268  -0.00037   0.00571
 481     0.600  -18625665.874  717400  -0.00593   0.00255
 482     0.600  -18625629.313  544258  -0.00862   0.00608
 483     0.600  -18625659.959  778193   0.00469   0.00048
 484     0.600  -18625695.267  727613   0.00225   0.00104
 485     0.600  -18625737.248  1073712   0.00575  -0.00817
 486     0.600  -18625706.882  881582  -0.01249  -0.00336
 487     0.600  -18625626.493  879611   0.00916  -0.00345
 488     0.600  -18625633.104  610270  -0.00397   0.00356
 489     0.600  -18625700.765  946884  -0.00350  -0.00531
 490     0.600  -18625739.220  537799  -0.00061   0.00606
 491     0.600  -18625711.813  685103   0.00962   0.00199
 492     0.700  -18625666.736  824754   0.00090  -0.00177
 493     0.600  -18625698.582  996847  -0.01275  -0.00684
 494     0.600  -18625778.719  620876   0.00308   0.00353
 495     0.600  -18625733.303  610865  -0.01652   0.00295
 496     0.600  -18625681.940  737796  -0.00991   0.00050
 497     0.600  -18625708.252  669627  -0.01206   0.00290
 498     0.600  -18625584.302  770256  -0.00787  -0.00012
 499     0.600  -18625707.749  666868   0.01628   0.00290
 500     0.600  -18625696.956  693663  -0.00555   0.00187
 501     0.600  -18625664.327  892526   0.00433  -0.00433
 502     0.600  -18625701.638  836197  -0.00385  -0.00252
 503     0.600  -18625671.285  508510  -0.00170   0.00677
 504     0.600  -18625599.954  626031  -0.00852   0.00378
 505     0.600  -18625721.625  718335   0.00200   0.00087
 506     0.600  -18625712.302  815921   0.00043  -0.00136
 507     0.600  -18625589.056  1035794   0.00095  -0.00668
 508     0.600  -18625614.521  1001975  -0.00630  -0.00641
 509     0.600  -18625557.321  638247  -0.00464   0.00314
 510     0.700  -18625594.937  620888  -0.00318   0.00388
 511     0.700  -18625664.043  677669   0.01036   0.00254
 512     0.600  -18625741.127  580168  -0.00099   0.00426
 513     0.600  -18625697.667  613334   0.00690   0.00404
 514     0.600  -18625627.238  604979   0.00322   0.00470
 515     0.600  -18625683.124  581099   0.00550   0.00520
 516     0.600  -18625577.408  1046405   0.00239  -0.00650
 517     0.600  -18625644.059  501274  -0.00604   0.00666
 518     0.600  -18625704.090  516228   0.00758   0.00612
 519     0.600  -18625653.254  678775  -0.00426   0.00188
 520     0.600  -18625630.609  576135  -0.00401   0.00473
 521     0.600  -18625631.641  1134319   0.00078  -0.00959
 522     0.600  -18625642.443  789213   0.00279  -0.00067
 523     0.600  -18625584.195  1064158   0.00341  -0.00843
 524     0.600  -18625628.939  732882  -0.01811  -0.00010
 525     0.600  -18625661.559  1106344   0.00740  -0.00800
 526     0.600  -18625673.116  652221  -0.00904   0.00328
 527     0.600  -18625712.252  737133  -0.00178  -0.00009
 528     0.600  -18625698.332  935835   0.00463  -0.00495
 529     0.600  -18625719.836  1106197  -0.00306  -0.00857
 530     0.600  -18625695.354  691137   0.01068   0.00191
 531     0.700  -18625674.870  949268   0.01134  -0.00473
 532     0.600  -18625667.692  735460  -0.00266   0.00117
 533     0.600  -18625653.185  686654  -0.00275   0.00171
 534     0.600  -18625718.665  656547   0.00305   0.00330
 535     0.600  -18625692.792  652830  -0.00410   0.00386
 536     0.600  -18625728.610  643105  -0.00549   0.00397
 537     0.600  -18625580.864  1007827   0.00213  -0.00583
 538     0.600  -18625647.897  836380  -0.00605  -0.00132
 539     0.600  -18625748.726  755756   0.00478   0.00019
 540     0.600  -18625628.081  1034981  -0.01530  -0.00569
 541     0.600  -18625603.620  740141   0.00140  -0.00029
 542     0.600  -18625603.132  717928   0.00432   0.00118
 543     0.600  -18625576.722  591936  -0.00847   0.00484
 544     0.600  -18625647.813  521144  -0.00323   0.00723
 545     0.600  -18625614.680  1072396   0.00146  -0.00813
 546     0.600  -18625584.473  582606   0.00160   0.00435
 547     0.600  -18625615.882  566944  -0.00753   0.00489
 548     0.600  -18625666.471  939222  -0.00938  -0.00483
 549     0.600  -18625644.216  588903   0.00294   0.00403
 550     0.600  -18625622.089  666708   0.00108   0.00274
 551     0.600  -18625676.668  699165   0.00144   0.00173
 552     0.600  -18625692.580  683474  -0.00459   0.00134
 553     0.600  -18625653.289  553129  -0.01199   0.00579
 554     0.600  -18625633.484  952139  -0.00221  -0.00506
 555     0.600  -18625627.004  621130   0.01523   0.00392
 556     0.600  -18625627.160  559579   0.00962   0.00483
 557     0.600  -18625757.747  787721   0.00130  -0.00130
 558     0.600  -18625639.636  551876   0.00244   0.00635
 559     0.600  -18625691.692  575995  -0.00584   0.00441
 560     0.600  -18625661.204  629074   0.00631   0.00385
 561     0.600  -18625758.752  640616  -0.00046   0.00268
 562     0.600  -18625682.991  787927   0.00362  -0.00024
 563     0.600  -18625722.454  670125  -0.00139   0.00200
 564     0.600  -18625680.425  766398  -0.00236  -0.00008
 565     0.600  -18625693.688  859357   0.00235  -0.00238
 566     0.600  -18625635.826  974902   0.00100  -0.00570
 567     0.600  -18625661.364  923789  -0.00363  -0.00461
 568     0.600  -18625624.532  608361  -0.00269   0.00371
 569     0.600  -18625647.947  643008  -0.00251   0.00315
 570     0.600  -18625727.375  739257  -0.00163   0.00037
 571     0.600  -18625692.250  574760  -0.00601   0.00517
 572     0.600  -18625634.234  1205789  -0.00284  -0.01137
 573     0.600  -18625654.277  1159233  -0.00059  -0.01111
 574     0.600  -18625689.654  601081  -0.00343   0.00407
 575     0.600  -18625731.525  897643   0.00915  -0.00404
 576     0.600  -18625754.750  1134596  -0.00222  -0.01046
 577     0.600  -18625569.021  776495   0.01388  -0.00099
 578     0.600  -18625622.522  684304   0.00036   0.00188
 579     0.600  -18625703.343  572315  -0.00091   0.00519
 580     0.600  -18625656.121  969362   0.00268  -0.00422
 581     0.600  -18625677.022  568739  -0.01204   0.00548
 582     0.600  -18625732.651  956314  -0.00141  -0.00603
 583     0.600  -18625737.405  554211  -0.00078   0.00598
 584     0.600  -18625674.133  573356   0.00125   0.00475
 585     0.600  -18625688.325  693246   0.01259   0.00152
 586     0.600  -18625630.881  531838   0.00145   0.00608
 587     0.600  -18625676.854  573646   0.00602   0.00523
 588     0.600  -18625673.809  793010   0.01570   0.00003
 589     0.600  -18625672.756  665522  -0.00015   0.00308
 590     0.600  -18625705.045  859464  -0.00993  -0.00202
 591     0.600  -18625698.686  630214   0.00439   0.00304
 592     0.600  -18625707.010  561094  -0.01112   0.00555
 593     0.600  -18625689.863  645451   0.00014   0.00257
 594     0.600  -18625652.547  1006527   0.00207  -0.00795
 595     0.600  -18625656.084  763131  -0.00232   0.00073
 596     0.600  -18625644.849  581568   0.00363   0.00541
 597     0.600  -18625712.591  829907  -0.00579  -0.00184
 598     0.600  -18625556.911  577870   0.00268   0.00535
 599     0.600  -18625648.981  858581  -0.00602  -0.00273
 600     0.600  -18625655.935  745126   0.00166  -0.00033
 601     0.600  -18625675.663  611013  -0.00362   0.00466
 602     0.600  -18625695.683  855424  -0.01040  -0.00289
 603     0.600  -18625685.910  910833   0.00080  -0.00467
 604     0.600  -18625618.840  646791  -0.01412   0.00236
 605     0.600  -18625595.690  728920   0.00709   0.00037
 606     0.600  -18625738.619  637416  -0.00469   0.00290
 607     0.600  -18625594.819  1127259   0.00220  -0.00914
 608     0.600  -18625687.898  877847   0.00964  -0.00369
 609     0.600  -18625674.692  732043  -0.00142   0.00044
 610     0.600  -18625703.619  761522  -0.00300  -0.00002
 611     0.600  -18625564.528  1319265  -0.00204  -0.01372
 612     0.600  -18625652.277  758666   0.00544  -0.00040
 613     0.600  -18625623.005  877041   0.00564  -0.00275
 614     0.600  -18625608.670  973748  -0.00472  -0.00511
 615     0.600  -18625676.602  1233100  -0.00192  -0.01070
 616     0.600  -18625577.797  886250  -0.00961  -0.00256
 617     0.600  -18625687.911  605995  -0.00288   0.00461
 618     0.600  -18625642.911  580526  -0.00751   0.00485
 619     0.600  -18625626.381  813455  -0.00652  -0.00123
 620     0.600  -18625583.218  631272   0.00271   0.00403
 621     0.600  -18625644.140  615810  -0.01021   0.00359
 622     0.600  -18625651.549  1015445  -0.00871  -0.00592
 623     0.600  -18625669.837  833537  -0.00235  -0.00077
 624     0.600  -18625558.645  902096  -0.01006  -0.00463
 625     0.600  -18625553.238  780151   0.00329  -0.00043
 626     0.600  -18625678.886  977599  -0.00225  -0.00461
 627     0.600  -18625663.354  839002  -0.00357  -0.00324
 628     0.600  -18625699.866  537161   0.01005   0.00552
 629     0.600  -18625618.098  748953  -0.00213  -0.00011
 630     0.600  -18625688.853  784385  -0.00103  -0.00059
 631     0.600  -18625550.136  1132009  -0.00289  -0.00944
 632     0.600  -18625674.662  903706   0.00318  -0.00158
 633     0.700  -18625743.642  701883   0.00206   0.00212
 634     0.600  -18625659.178  574874  -0.01349   0.00444
 635     0.600  -18625663.505  664663   0.00522   0.00256
 636     0.600  -18625584.661  835740   0.00237  -0.00160
 637     0.600  -18625753.053  604247  -0.00257   0.00451
 638     0.600  -18625693.814  645087  -0.00174   0.00379
 639     0.600  -18625744.727  535182  -0.00312   0.00662
 640     0.600  -18625700.785  908741  -0.00004  -0.00386
 641     0.600  -18625651.779  578749   0.00423   0.00515
 642     0.600  -18625630.812  656258   0.00267   0.00286
 643     0.600  -18625699.251  798746  -0.00226  -0.00055
 644     0.600  -18625653.494  657973   0.01694   0.00261
 645     0.600  -18625664.332  1056004   0.00756  -0.00784
 646     0.600  -18625589.552  983445   0.00087  -0.00587
 647     0.600  -18625697.409  599261   0.00104   0.00444
 648     0.600  -18625686.765  548283  -0.00242   0.00582
 649     0.600  -18625709.073  538431  -0.00134   0.00603
 650     0.600  -18625658.957  706448   0.00707   0.00188
 651     0.600  -18625695.511  733140  -0.00481   0.00042
 652     0.600  -18625612.859  738996  -0.00030   0.00116
 653     0.600  -18625725.008  644955   0.01212   0.00263
 654     0.600  -18625768.190  579767  -0.00372   0.00476
 655     0.700  -18625706.948  711629   0.00331   0.00073
 656     0.600  -18625715.288  942559  -0.00409  -0.00465
 657     0.600  -18625653.927  692991  -0.00628   0.00159
 658     0.600  -18625697.409  729532  -0.00275   0.00110
 659     0.600  -18625631.854  730675   0.00446   0.00154
 660     0.600  -18625610.380  680740   0.00506   0.00239
 661     0.600  -18625625.411  695446   0.00040   0.00152
 662     0.700  -18625681.828  700507   0.00364   0.00217
 663     0.600  -18625656.480  895125  -0.00081  -0.00319
 664     0.600  -18625672.303  583634  -0.00341   0.00510
 665     0.600  -18625720.941  584463   0.00780   0.00548
 666     0.700  -18625639.856  608163  -0.00918   0.00385
 667     0.600  -18625612.364  664227  -0.01058   0.00193
 668     0.600  -18625638.948  1118325   0.00528  -0.00908
 669     0.600  -18625608.135  1053327   0.00505  -0.00828
 670     0.600  -18625682.867  956724  -0.00044  -0.00597
 671     0.600  -18625679.559  829389  -0.01186  -0.00072
 672     0.600  -18625607.483  702690   0.00274   0.00189
 673     0.600  -18625625.252  566731   0.00441   0.00514
 674     0.600  -18625671.358  560388  -0.00019   0.00554
 675     0.600  -18625724.473  475385  -0.01479   0.00784
 676     0.600  -18625688.641  675576  -0.00167   0.00116
 677     0.600  -18625628.878  1107056   0.00428  -0.00886
 678     0.600  -18625686.450  594115   0.00414   0.00515
 679     0.600  -18625588.263  921117   0.00535  -0.00418
 680     0.600  -18625757.121  625421   0.00910   0.00315
 681     0.600  -18625803.177  578417  -0.00951   0.00474
 682     0.600  -18625761.847  685822   0.01907   0.00264
 683     0.600  -18625621.782  1075698  -0.00948  -0.00722
 684     0.600  -18625815.186  663632  -0.00565   0.00254
 685     0.600  -18625623.685  884870  -0.00024  -0.00228
 686     0.600  -18625687.569  956991   0.00225  -0.00402
 687     0.600  -18625634.878  667660   0.00516   0.00324
 688     0.600  -18625594.438  1015818   0.00434  -0.00475
 689     0.600  -18625751.040  578650  -0.00300   0.00509
 690     0.600  -18625713.171  934305   0.00270  -0.00412
 691     0.600  -18625562.552  967349  -0.00072  -0.00467
 692     0.600  -18625760.400  831846   0.00576  -0.00223
 693     0.600  -18625676.179  889800  -0.00109  -0.00350
 694     0.600  -18625720.109  546587   0.00761   0.00531
 695     0.600  -18625591.986  701132  -0.00779   0.00097
 696     0.600  -18625594.195  584472   0.00716   0.00451
 697     0.600  -18625564.513  1243684   0.00209  -0.01249
 698     0.600  -18625708.087  640792  -0.00381   0.00324
 699     0.600  -18625624.910  902304   0.00250  -0.00339
 700     0.600  -18625714.433  909738  -0.00556  -0.00279
 701     0.600  -18625680.946  611072  -0.00488   0.00356
 702     0.600  -18625600.425  1013867   0.00063  -0.00630
 703     0.600  -18625644.217  590542   0.00196   0.00459
 704     0.600  -18625625.757  1030666   0.00616  -0.00738
 705     0.600  -18625647.631  624683   0.00484   0.00422
 706     0.600  -18625641.473  977194  -0.00120  -0.00517
 707     0.700  -18625686.597  752332  -0.01899   0.00005
 708     0.600  -18625708.798  574657  -0.01169   0.00453
 709     0.600  -18625698.880  950026   0.00196  -0.00444
 710     0.600  -18625616.252  599653  -0.00249   0.00431
 711     0.700  -18625643.752  590609   0.01019   0.00477
 712     0.600  -18625660.177  622187   0.00447   0.00387
 713     0.600  -18625513.148  555509   0.00166   0.00503
 714     0.600  -18625656.051  1171028   0.00478  -0.01109
 715     0.600  -18625718.300  562886  -0.00019   0.00452
 716     0.600  -18625648.745  651536  -0.00171   0.00283
 717     0.600  -18625627.074  655008  -0.00492   0.00352
 718     0.600  -18625769.020  658402  -0.00251   0.00273
 719     0.600  -18625665.518  568945  -0.00224   0.00533
 720     0.600  -18625651.694  1170951  -0.00099  -0.01079
 721     0.600  -18625671.301  714951  -0.01026   0.00123
 722     0.600  -18625606.776  890699  -0.00641  -0.00369
 723     0.600  -18625739.274  646738   0.00968   0.00325
 724     0.600  -18625632.776  724022  -0.00116   0.00113
 725     0.600  -18625632.699  780934   0.00227   0.00015
 726     0.600  -18625647.045  580610   0.00773   0.00462
 727     0.600  -18625625.473  903663   0.00292  -0.00377
 728     0.700  -18625615.498  1185313   0.00075  -0.01101
 729     0.600  -18625708.811  778623   0.00605   0.00056
 730     0.600  -18625708.026  592542   0.00925   0.00441
 731     0.600  -18625649.291  513304   0.00799   0.00583
 732     0.600  -18625618.536  1094777   0.00950  -0.00807
 733     0.600  -18625757.473  803884  -0.01213  -0.00092
 734     0.600  -18625604.427  957845   0.00141  -0.00416
 735     0.600  -18625666.122  629678   0.00528   0.00383
 736     0.600  -18625681.047  600486  -0.00340   0.00443
 737     0.600  -18625590.794  942173  -0.00060  -0.00454
 738     0.600  -18625707.673  770993   0.00107  -0.00001
 739     0.600  -18625706.467  604309  -0.00835   0.00374
 740     0.600  -18625601.488  742019   0.00254   0.00105
 741     0.600  -18625577.320  820084   0.00036  -0.00060
 742     0.600  -18625627.339  770355  -0.00289  -0.00103
 743     0.600  -18625650.464  1083902  -0.00448  -0.00940
 744     0.600  -18625558.370  611960  -0.00286   0.00385
 745     0.600  -18625718.249  691785  -0.00748   0.00213
 746     0.600  -18625678.711  880656  -0.01136  -0.00345
 747     0.600  -18625663.403  1072408  -0.00255  -0.00938
 748     0.600  -18625602.415  704929   0.00213   0.00196
 749     0.600  -18625672.336  1025160   0.01421  -0.00570
 750     0.600  -18625777.435  799173   0.00463  -0.00100
 751     0.600  -18625666.146  778484  -0.01282  -0.00039
 752     0.600  -18625642.308  830876   0.00359  -0.00205
 753     0.600  -18625701.011  850232   0.00681  -0.00163
 754     0.600  -18625638.913  764247  -0.01362   0.00046
 755     0.600  -18625664.579  743057   0.00174   0.00043
 756     0.600  -18625682.642  654864  -0.01257   0.00328
 757     0.600  -18625720.808  1074138  -0.00028  -0.00732
 758     0.600  -18625681.572  660006   0.01522   0.00266
 759     0.600  -18625632.327  740899  -0.00324   0.00119
 760     0.600  -18625593.441  1122267   0.00908  -0.00966
 761     0.600  -18625675.696  615951  -0.02635   0.00471
 762     0.600  -18625676.833  793175  -0.00380  -0.00104
 763     0.600  -18625609.519  519597   0.00247   0.00626
 764     0.600  -18625668.260  607122   0.00139   0.00429
 765     0.600  -18625695.028  1088542  -0.00221  -0.00901
 766     0.600  -18625702.943  741741  -0.00272   0.00089
 767     0.600  -18625682.405  535203  -0.00739   0.00673
 768     0.600  -18625690.131  843882   0.01394  -0.00321
 769     0.600  -18625584.955  910328  -0.00051  -0.00313
 770     0.600  -18625631.917  961938   0.00102  -0.00433
 771     0.600  -18625662.209  565740  -0.00227   0.00461
 772     0.600  -18625606.277  573590   0.00041   0.00545
 773     0.600  -18625758.496  1042826   0.00638  -0.00856
 774     0.600  -18625661.766  664759   0.00535   0.00224
 775     0.600  -18625666.691  665430   0.01282   0.00158
 776     0.600  -18625678.219  618901  -0.00154   0.00465
 777     0.600  -18625611.423  674643   0.00056   0.00315
 778     0.600  -18625617.570  939062  -0.01369  -0.00467
 779     0.600  -18625597.876  951379  -0.00011  -0.00346
 780     0.600  -18625690.690  578024  -0.00339   0.00540
 781     0.600  -18625728.818  812314   0.00286  -0.00144
 782     0.600  -18625721.082  517627   0.00103   0.00591
 783     0.600  -18625793.039  649681  -0.00242   0.00305
 784     0.600  -18625822.018  587234  -0.00848   0.00478
 785     0.600  -18625676.868  603397   0.00027   0.00413
 786     0.600  -18625660.006  1017603   0.00961  -0.00598
 787     0.600  -18625574.827  1178334  -0.00341  -0.01070
 788     0.600  -18625624.414  588647  -0.00846   0.00428
 789     0.600  -18625606.745  714020  -0.00320   0.00129
 790     0.600  -18625727.200  666961  -0.00989   0.00247
 791     0.600  -18625679.105  644775  -0.00051   0.00285
 792     0.600  -18625691.237  668733   0.00435   0.00197
 793     0.600  -18625690.535  1102933  -0.00952  -0.00840
 794     0.700  -18625740.784  605596   0.00195   0.00468
 795     0.600  -18625736.736  775745  -0.00361   0.00066
 796     0.700  -18625658.231  597585   0.01159   0.00470
 797     0.600  -18625737.010  653015   0.00596   0.00266
 798     0.600  -18625648.212  928714  -0.00137  -0.00423
 799     0.600  -18625616.733  734959  -0.01190   0.00099
 800     0.600  -18625694.984  962965   0.00643  -0.00502
 801     0.600  -18625743.142  517638  -0.00491   0.00651
 802     0.600  -18625610.750  1139051   0.00631  -0.00902
 803     0.700  -18625634.465  844338  -0.01193  -0.00108
 804     0.600  -18625740.703  643940   0.00695   0.00300
 805     0.600  -18625685.948  695009   0.00641   0.00226
 806     0.600  -18625621.820  945350   0.00751  -0.00422
 807     0.600  -18625733.269  659879   0.00153   0.00282
 808     0.600  -18625646.210  533587  -0.00893   0.00538
 809     0.600  -18625739.079  1109972  -0.01161  -0.00916
 810     0.600  -18625685.962  578157  -0.01099   0.00535
 811     0.600  -18625558.138  900234  -0.00269  -0.00279
 812     0.600  -18625677.214  733841   0.00341   0.00053
 813     0.600  -18625663.486  696674  -0.00328   0.00240
 814     0.600  -18625707.071  558251   0.00075   0.00546
 815     0.600  -18625648.882  689390   0.00079   0.00191
 816     0.600  -18625679.634  604467   0.00713   0.00441
 817     0.600  -18625600.462  936206   0.00855  -0.00421
 818     0.600  -18625737.829  544531   0.00024   0.00600
 819     0.600  -18625687.866  704560  -0.00245   0.00177
 820     0.700  -18625589.563  809811   0.00462  -0.00172
 821     0.600  -18625718.476  588881   0.00617   0.00466
 822     0.600  -18625662.083  638185   0.00142   0.00259
 823     0.600  -18625683.995  511379  -0.00901   0.00597
 824     0.600  -18625562.145  993276  -0.00132  -0.00620
 825     0.600  -18625698.068  606926  -0.00829   0.00395
 826     0.600  -18625582.769  1125301   0.00895  -0.00984
 827     0.600  -18625678.029  610745   0.00241   0.00394
 828     0.600  -18625773.884  872690  -0.00794  -0.00306
 829     0.600  -18625627.960  564725  -0.00200   0.00530
 830     0.600  -18625688.749  711452   0.00117   0.00073
 831     0.600  -18625611.258  769129  -0.00221   0.00121
 832     0.600  -18625581.404  567904  -0.00146   0.00517
 833     0.600  -18625571.810  964770   0.00010  -0.00530
 834     0.600  -18625657.673  894910  -0.01011  -0.00348
 835     0.600  -18625644.055  739982   0.00690   0.00036
 836     0.600  -18625570.643  656730   0.00407   0.00281
 837     0.600  -18625554.312  874267  -0.00280  -0.00310
 838     0.600  -18625608.646  619122   0.00927   0.00390
 839     0.600  -18625671.892  549167   0.00521   0.00524
 840     0.600  -18625653.806  553575  -0.00010   0.00533
 841     0.600  -18625647.914  761027  -0.00019  -0.00050
 842     0.600  -18625766.333  752378  -0.00391   0.00115
 843     0.600  -18625602.886  582722  -0.00164   0.00500
 844     0.600  -18625610.111  848931   0.00022  -0.00213
 845     0.600  -18625653.038  699863  -0.00984   0.00211
 846     0.600  -18625600.307  549520  -0.00653   0.00497
 847     0.600  -18625601.588  820839   0.00948  -0.00167
 848     0.600  -18625609.470  752350   0.00414   0.00089
 849     0.600  -18625660.472  912554  -0.00453  -0.00440
 850     0.600  -18625679.657  893676  -0.00077  -0.00345
 851     0.600  -18625602.979  641792  -0.00372   0.00355
 852     0.600  -18625637.517  650690  -0.00415   0.00252
 853     0.700  -18625695.815  764238  -0.00643   0.00024
 854     0.600  -18625734.893  781251   0.00101  -0.00047
 855     0.600  -18625689.955  602911  -0.00055   0.00492
 856     0.600  -18625640.294  556766  -0.00615   0.00477
 857     0.600  -18625668.186  1187123   0.00075  -0.01177
 858     0.600  -18625690.139  656720  -0.00255   0.00292
 859     0.600  -18625680.258  1068789  -0.00202  -0.00632
 860     0.600  -18625674.957  838322  -0.00819  -0.00286
 861     0.600  -18625548.587  809990  -0.00412   0.00040
 862     0.600  -18625643.689  785700   0.00100  -0.00081
 863     0.600  -18625547.951  1120235   0.00224  -0.00811
 864     0.600  -18625660.276  623999  -0.00480   0.00392
 865     0.600  -18625695.004  684478  -0.00539   0.00230
 866     0.600  -18625704.669  615901   0.00459   0.00345
 867     0.600  -18625575.700  944823   0.00560  -0.00465
 868     0.600  -18625619.958  828175   0.00636  -0.00101
 869     0.600  -18625633.434  537353  -0.00593   0.00581
 870     0.600  -18625600.169  529510   0.00866   0.00662
 871     0.600  -18625644.528  616156  -0.00194   0.00448
 872     0.600  -18625599.509  661537   0.00835   0.00170
 873     0.700  -18625677.938  938187  -0.00285  -0.00558
 874     0.600  -18625658.569  540750   0.00733   0.00508
 875     0.600  -18625669.499  615090  -0.00019   0.00329
 876     0.600  -18625684.422  939099   0.00241  -0.00448
 877     0.600  -18625662.690  758072   0.00908   0.00062
 878     0.600  -18625579.650  856506  -0.00016  -0.00359
 879     0.600  -18625656.023  630295  -0.00195   0.00323
 880     0.600  -18625554.287  1188465  -0.00775  -0.01137
 881     0.600  -18625584.564  1015362  -0.00125  -0.00691
 882     0.600  -18625684.707  793689  -0.00611  -0.00027
 883     0.600  -18625668.442  909983  -0.00156  -0.00402
 884     0.600  -18625567.521  577301  -0.00879   0.00452
 885     0.600  -18625720.220  792725   0.00090  -0.00088
 886     0.600  -18625687.429  993604   0.00445  -0.00737
 887     0.600  -18625658.599  805595  -0.00224  -0.00203
 888     0.700  -18625630.434  657993   0.00095   0.00297
 889     0.700  -18625641.017  575449   0.00183   0.00504
 890     0.600  -18625675.312  1151340  -0.00211  -0.00988
 891     0.600  -18625651.706  612179   0.00671   0.00326
 892     0.600  -18625690.559  592658   0.01036   0.00473
 893     0.600  -18625648.465  512304  -0.00924   0.00666
 894     0.600  -18625640.173  764552   0.01516   0.00003
 895     0.600  -18625722.609  924317   0.00120  -0.00520
 896     0.600  -18625683.596  581572  -0.00617   0.00404
 897     0.600  -18625611.973  525612   0.00265   0.00557
 898     0.600  -18625586.853  634440  -0.01240   0.00299
 899     0.600  -18625718.426  628802  -0.00678   0.00363
 900     0.600  -18625626.109  687872  -0.00821   0.00233
 901     0.600  -18625678.046  671609  -0.00111   0.00288
 902     0.600  -18625601.715  741709   0.00217   0.00044
 903     0.600  -18625640.952  852469   0.00075  -0.00130
 904     0.600  -18625668.108  1018817   0.00843  -0.00568
 905     0.600  -18625658.431  865607  -0.00308  -0.00321
 906     0.600  -18625745.847  686518   0.00872   0.00261
 907     0.600  -18625682.430  784007  -0.00481  -0.00076
 908     0.600  -18625607.581  1017959   0.00098  -0.00733
 909     0.600  -18625643.171  571938   0.00368   0.00465
 910     0.600  -18625658.796  914505   0.00595  -0.00384
 911     0.600  -18625637.829  1007722  -0.00511  -0.00700
 912     0.600  -18625674.675  597681   0.00026   0.00481
 913     0.600  -18625573.163  1094346  -0.00310  -0.00797
 914     0.600  -18625616.624  1231022  -0.00967  -0.01264
 915     0.600  -18625701.184  560904  -0.00210   0.00479
 916     0.600  -18625584.000  843676   0.00632  -0.00121
 917     0.600  -18625749.962  566535   0.00042   0.00490
 918     0.600  -18625569.740  1268160  -0.01670  -0.01344
 919     0.600  -18625711.947  1017557  -0.00557  -0.00727
 920     0.600  -18625623.129  918171   0.00409  -0.00436
 921     0.600  -18625510.434  781199   0.00115  -0.00094
 922     0.600  -18625647.877  623656  -0.00303   0.00300
 923     0.700  -18625625.536  1083757  -0.00017  -0.00991
 924     0.600  -18625643.939  637060   0.00596   0.00359
 925     0.600  -18625523.499  910271  -0.00983  -0.00298
 926     0.600  -18625678.490  623486  -0.00400   0.00338
 927     0.600  -18625702.353  1065132   0.00197  -0.00777
 928     0.600  -18625725.695  740392   0.00755   0.00051
 929     0.600  -18625637.323  1062035  -0.00051  -0.00668
 930     0.600  -18625636.635  701688   0.00745   0.00200
 931     0.600  -18625687.870  661558   0.00173   0.00148
 932     0.600  -18625707.887  568757  -0.00349   0.00499
 933     0.600  -18625598.825  741357   0.01746  -0.00033
 934     0.600  -18625687.421  819165   0.00908  -0.00251
 935     0.600  -18625696.703  892634   0.00021  -0.00344
 936     0.600  -18625759.795  612148   0.00290   0.00311
 937     0.600  -18625614.317  820860  -0.00410  -0.00129
 938     0.600  -18625629.787  534037  -0.00068   0.00618
 939     0.600  -18625689.793  674626  -0.01535   0.00272
 940     0.600  -18625726.807  1007905  -0.00384  -0.00577
 941     0.600  -18625639.396  598607  -0.00087   0.00423
 942     0.600  -18625731.998  628354  -0.00578   0.00398
 943     0.600  -18625701.829  543952  -0.00070   0.00606
 944     0.600  -18625727.273  857464   0.00380  -0.00156
 945     0.600  -18625651.780  692011   0.01007   0.00161
 946     0.600  -18625640.767  958345   0.00738  -0.00406
 947     0.600  -18625704.873  606009   0.00331   0.00474
 948     0.600  -18625614.943  1105845  -0.00105  -0.01004
 949     0.600  -18625714.489  758067   0.01532  -0.00023
 950     0.600  -18625721.056  528423  -0.00728   0.00628
 951     0.600  -18625651.144  524851  -0.00138   0.00663
 952     0.600  -18625695.608  623880   0.00963   0.00271
 953     0.600  -18625651.834  565349  -0.00510   0.00520
 954     0.600  -18625593.662  650213  -0.00663   0.00307
 955     0.600  -18625584.287  618199  -0.00251   0.00440
 956     0.600  -18625609.357  663035  -0.00092   0.00300
 957     0.700  -18625661.645  933592  -0.00521  -0.00406
 958     0.600  -18625679.415  649567  -0.00737   0.00354
 959     0.700  -18625578.354  777183   0.00219  -0.00063
 960     0.600  -18625702.912  1204662   0.00086  -0.00996
 961     0.600  -18625696.974  578407   0.00314   0.00533
 962     0.600  -18625685.987  983570  -0.00725  -0.00585
 963     0.600  -18625653.072  602761  -0.01229   0.00394
 964     0.600  -18625630.314  685657   0.01448   0.00239
 965     0.600  -18625622.337  796857  -0.00707  -0.00043
 966     0.600  -18625691.082  919361   0.00247  -0.00325
 967     0.600  -18625674.024  633250   0.00203   0.00308
 968     0.600  -18625649.160  858719  -0.00199  -0.00157
 969     0.600  -18625680.512  709212   0.00291   0.00173
 970     0.600  -18625665.229  577034  -0.00199   0.00493
 971     0.600  -18625685.563  1138767  -0.00490  -0.01029
 972     0.600  -18625611.645  608633   0.00710   0.00362
 973     0.700  -18625738.036  661771   0.00029   0.00373
 974     0.600  -18625666.077  685539  -0.00727   0.00229
 975     0.600  -18625637.353  1070918   0.00398  -0.00841
 976     0.700  -18625543.493  1107615  -0.00667  -0.00831
 977     0.600  -18625669.083  1048628   0.00435  -0.00793
 978     0.600  -18625691.101  805219   0.01070  -0.00132
 979     0.600  -18625683.142  565836  -0.00239   0.00535
 980     0.600  -18625693.411  665385   0.00351   0.00259
 981     0.600  -18625656.251  623512   0.00154   0.00344
 982     0.700  -18625689.823  858250   0.00340  -0.00228
 983     0.600  -18625710.956  909678   0.00941  -0.00392
 984     0.600  -18625650.520  1097003  -0.00406  -0.00890
 985     0.600  -18625752.470  935648  -0.01416  -0.00426
 986     0.600  -18625668.199  621837   0.01368   0.00413
 987     0.600  -18625634.735  633215  -0.00186   0.00283
 988     0.600  -18625607.122  673392  -0.00374   0.00192
 989     0.600  -18625667.108  641674  -0.00825   0.00292
 990     0.600  -18625645.728  1057254   0.00812  -0.00745
 991     0.600  -18625572.925  934797  -0.00122  -0.00510
 992     0.600  -18625619.550  912867   0.00698  -0.00480
 993     0.600  -18625643.942  475361   0.00335   0.00827
 994     0.600  -18625695.527  584540  -0.00398   0.00492
 995     0.600  -18625619.792  630647  -0.00129   0.00234
 996     0.600  -18625664.884  572938  -0.00172   0.00442
 997     0.700  -18625613.981  633707   0.00164   0.00348
 998     0.600  -18625599.063  1010216   0.00972  -0.00665
 999     0.600  -18625689.109  655953   0.00126   0.00274
1000     0.600  -18625684.887  571931  -0.00010   0.00520
