839 30000.000 L
5.000
163.000
195.000
196.000
209.000
264.000
375.000
412.000
456.000
505.000
543.000
687.000
773.000
796.000
804.000
807.000
818.000
841.000
866.000
891.000
906.000
928.000
953.000
990.000
991.000
1070.000
1106.000
1107.000
1139.000
1146.000
1165.000
1201.000
1204.000
1253.000
1267.000
1280.000
1300.000
1308.000
1309.000
1318.000
1426.000
1477.000
1584.000
1602.000
1613.000
1615.000
1620.000
1636.000
1670.000
1672.000
1692.000
1697.000
1751.000
1824.000
1840.000
1844.000
1864.000
1919.000
1965.000
2007.000
2026.000
2038.000
2045.000
2121.000
2151.000
2154.000
2157.000
2167.000
2186.000
2320.000
2348.000
2403.000
2432.000
2503.000
2512.000
2517.000
2528.000
2549.000
2617.000
2661.000
2678.000
2680.000
2734.000
2780.000
2817.000
2836.000
2847.000
2870.000
2884.000
2890.000
2892.000
2895.000
2930.000
2991.000
3058.000
3100.000
3119.000
3141.000
3206.000
3348.000
3386.000
3410.000
3451.000
3491.000
3513.000
3528.000
3568.000
3596.000
3616.000
3617.000
3699.000
3703.000
3726.000
3728.000
3977.000
4025.000
4066.000
4097.000
4130.000
4137.000
4149.000
4198.000
4429.000
4579.000
4585.000
4600.000
4627.000
4647.000
4669.000
4673.000
4708.000
4737.000
4755.000
4781.000
4798.000
4843.000
4849.000
4859.000
4864.000
4907.000
4920.000
4956.000
4995.000
5002.000
5083.000
5185.000
5221.000
5231.000
5232.000
5257.000
5258.000
5263.000
5292.000
5344.000
5419.000
5567.000
5572.000
5633.000
5656.000
5728.000
5762.000
5790.000
5830.000
5877.000
5916.000
5978.000
6015.000
6028.000
6140.000
6246.000
6304.000
6314.000
6333.000
6453.000
6483.000
6519.000
6527.000
6586.000
6617.000
6708.000
6760.000
6807.000
6814.000
6893.000
6911.000
6939.000
6942.000
7060.000
7080.000
7083.000
7152.000
7189.000
7208.000
7285.000
7361.000
7366.000
7372.000
7412.000
7424.000
7447.000
7452.000
7472.000
7483.000
7517.000
7533.000
7540.000
7593.000
7634.000
7635.000
7701.000
7708.000
7714.000
7718.000
7729.000
7795.000
7872.000
7875.000
7917.000
7937.000
8018.000
8023.000
8033.000
8082.000
8200.000
8202.000
8232.000
8261.000
8283.000
8284.000
8296.000
8297.000
8409.000
8484.000
8490.000
8615.000
8623.000
8658.000
8669.000
8714.000
8724.000
8728.000
8729.000
8742.000
8778.000
8872.000
8893.000
8927.000
8928.000
8994.000
9009.000
9064.000
9122.000
9209.000
9238.000
9300.000
9316.000
9317.000
9325.000
9331.000
9339.000
9350.000
9448.000
9461.000
9489.000
9495.000
9514.000
9522.000
9571.000
9578.000
9596.000
9601.000
9728.000
9730.000
9753.000
9757.000
9784.000
9793.000
9812.000
9822.000
9860.000
9868.000
9914.000
9973.000
9979.000
10019.000
10034.000
10044.000
10078.000
10096.000
10198.000
10211.000
10217.000
10247.000
10265.000
10273.000
10317.000
10388.000
10401.000
10466.000
10473.000
10487.000
10490.000
10531.000
10547.000
10566.000
10618.000
10621.000
10648.000
10666.000
10797.000
10811.000
10879.000
10923.000
10938.000
10962.000
11025.000
11028.000
11037.000
11125.000
11179.000
11196.000
11222.000
11316.000
11341.000
11395.000
11397.000
11401.000
11407.000
11458.000
11481.000
11504.000
11527.000
11538.000
11546.000
11551.000
11584.000
11633.000
11662.000
11689.000
11815.000
11817.000
11848.000
11912.000
11927.000
11928.000
11954.000
12065.000
12087.000
12154.000
12159.000
12195.000
12228.000
12278.000
12324.000
12346.000
12379.000
12391.000
12399.000
12400.000
12455.000
12511.000
12586.000
12590.000
12601.000
12621.000
12656.000
12683.000
12711.000
12745.000
12758.000
12772.000
12778.000
12802.000
12831.000
12872.000
12874.000
12923.000
12929.000
12952.000
12970.000
13056.000
13066.000
13087.000
13109.000
13210.000
13293.000
13313.000
13355.000
13474.000
13508.000
13613.000
13634.000
13661.000
13693.000
13703.000
13707.000
13804.000
13811.000
13827.000
13875.000
13891.000
13932.000
13984.000
14014.000
14078.000
14086.000
14105.000
14148.000
14150.000
14186.000
14230.000
14259.000
14273.000
14282.000
14317.000
14354.000
14414.000
14453.000
14546.000
14557.000
14664.000
14684.000
14702.000
14714.000
14872.000
14887.000
14906.000
14943.000
15085.000
15088.000
15114.000
15124.000
15152.000
15165.000
15191.000
15244.000
15259.000
15262.000
15344.000
15359.000
15399.000
15456.000
15475.000
15498.000
15518.000
15523.000
15534.000
15547.000
15556.000
15601.000
15663.000
15672.000
15673.000
15675.000
15701.000
15725.000
15740.000
15767.000
15775.000
15880.000
15945.000
16004.000
16021.000
16033.000
16038.000
16041.000
16043.000
16097.000
16145.000
16196.000
16224.000
16377.000
16391.000
16420.000
16426.000
16433.000
16547.000
16581.000
16629.000
16668.000
16690.000
16705.000
16736.000
16848.000
16865.000
16892.000
16901.000
16929.000
16980.000
17014.000
17033.000
17063.000
17076.000
17195.000
17206.000
17228.000
17311.000
17332.000
17394.000
17405.000
17418.000
17528.000
17596.000
17611.000
17617.000
17630.000
17644.000
17651.000
17678.000
17693.000
17718.000
17739.000
17778.000
17810.000
17812.000
17824.000
17887.000
17891.000
17949.000
17982.000
17996.000
18078.000
18090.000
18156.000
18162.000
18200.000
18201.000
18225.000
18236.000
18297.000
18329.000
18483.000
18484.000
18513.000
18547.000
18549.000
18552.000
18596.000
18668.000
18680.000
18708.000
18733.000
18808.000
18815.000
18839.000
18850.000
18853.000
18864.000
18880.000
18902.000
18913.000
18970.000
19070.000
19171.000
19193.000
19230.000
19236.000
19245.000
19268.000
19286.000
19292.000
19295.000
19321.000
19338.000
19378.000
19382.000
19426.000
19474.000
19506.000
19511.000
19627.000
19656.000
19657.000
19659.000
19708.000
19804.000
19817.000
19891.000
19918.000
19920.000
19945.000
20146.000
20243.000
20256.000
20287.000
20302.000
20350.000
20442.000
20462.000
20498.000
20541.000
20550.000
20738.000
20739.000
20760.000
20880.000
20884.000
20900.000
20967.000
20975.000
21053.000
21072.000
21106.000
21141.000
21153.000
21224.000
21258.000
21259.000
21302.000
21346.000
21388.000
21516.000
21543.000
21576.000
21612.000
21618.000
21628.000
21686.000
21769.000
21822.000
21901.000
21916.000
21931.000
22004.000
22030.000
22058.000
22091.000
22122.000
22125.000
22130.000
22185.000
22208.000
22303.000
22318.000
22345.000
22430.000
22457.000
22480.000
22483.000
22517.000
22535.000
22553.000
22567.000
22599.000
22600.000
22602.000
22751.000
22804.000
22835.000
22837.000
22936.000
22957.000
22958.000
23009.000
23038.000
23044.000
23058.000
23085.000
23144.000
23147.000
23196.000
23239.000
23256.000
23258.000
23416.000
23471.000
23557.000
23571.000
23652.000
23763.000
23813.000
23823.000
23874.000
23892.000
23974.000
24003.000
24011.000
24028.000
24030.000
24034.000
24043.000
24053.000
24133.000
24169.000
24226.000
24229.000
24230.000
24287.000
24305.000
24324.000
24335.000
24353.000
24370.000
24390.000
24395.000
24415.000
24507.000
24509.000
24535.000
24577.000
24640.000
24675.000
24723.000
24730.000
24765.000
24783.000
24786.000
24806.000
24807.000
24849.000
24865.000
24871.000
24881.000
24925.000
25027.000
25036.000
25051.000
25055.000
25080.000
25082.000
25128.000
25170.000
25213.000
25248.000
25259.000
25275.000
25300.000
25322.000
25323.000
25331.000
25371.000
25389.000
25393.000
25437.000
25550.000
25582.000
25671.000
25684.000
25688.000
25733.000
25751.000
25804.000
25867.000
25898.000
25949.000
25951.000
26009.000
26085.000
26122.000
26142.000
26172.000
26293.000
26294.000
26328.000
26362.000
26375.000
26401.000
26455.000
26461.000
26476.000
26530.000
26544.000
26656.000
26669.000
26688.000
26738.000
26765.000
26829.000
26865.000
26903.000
26938.000
26968.000
27003.000
27066.000
27083.000
27183.000
27319.000
27360.000
27482.000
27507.000
27622.000
27693.000
27762.000
27795.000
27808.000
27818.000
27830.000
27841.000
27850.000
27979.000
28032.000
28056.000
28099.000
28110.000
28117.000
28119.000
28164.000
28183.000
28300.000
28402.000
28450.000
28500.000
28504.000
28567.000
28571.000
28595.000
28600.000
28669.000
28694.000
28768.000
28869.000
28878.000
28902.000
28980.000
29001.000
29028.000
29037.000
29142.000
29237.000
29257.000
29262.000
29291.000
29366.000
29395.000
29489.000
29613.000
29624.000
29631.000
29642.000
29657.000
29665.000
29677.000
29697.000
29724.000
29796.000
29821.000
29939.000
29941.000
29965.000
