781 30000.000 L
11.000
58.000
80.000
119.000
130.000
176.000
181.000
200.000
211.000
271.000
298.000
380.000
532.000
582.000
606.000
721.000
729.000
763.000
780.000
821.000
833.000
872.000
876.000
903.000
912.000
924.000
983.000
988.000
1001.000
1098.000
1206.000
1266.000
1297.000
1362.000
1364.000
1378.000
1443.000
1542.000
1569.000
1602.000
1714.000
1716.000
1739.000
1789.000
1807.000
1835.000
1859.000
1882.000
1906.000
1936.000
1997.000
2079.000
2192.000
2202.000
2242.000
2261.000
2294.000
2312.000
2324.000
2332.000
2355.000
2360.000
2365.000
2371.000
2437.000
2550.000
2625.000
2630.000
2634.000
2848.000
2885.000
2903.000
2919.000
2958.000
2971.000
3031.000
3099.000
3125.000
3181.000
3190.000
3208.000
3222.000
3303.000
3331.000
3426.000
3436.000
3483.000
3490.000
3556.000
3803.000
3843.000
3881.000
3905.000
3948.000
3955.000
3975.000
3978.000
3990.000
4005.000
4010.000
4042.000
4048.000
4103.000
4142.000
4162.000
4196.000
4205.000
4244.000
4246.000
4281.000
4295.000
4318.000
4370.000
4388.000
4461.000
4495.000
4498.000
4501.000
4560.000
4573.000
4581.000
4608.000
4633.000
4638.000
4684.000
4693.000
4801.000
4841.000
4906.000
4955.000
5006.000
5016.000
5036.000
5053.000
5078.000
5148.000
5152.000
5211.000
5247.000
5272.000
5387.000
5439.000
5442.000
5461.000
5507.000
5592.000
5620.000
5621.000
5636.000
5650.000
5677.000
5684.000
5699.000
5713.000
5745.000
5750.000
5781.000
5790.000
5823.000
5839.000
5954.000
5958.000
6015.000
6017.000
6020.000
6055.000
6061.000
6062.000
6066.000
6289.000
6352.000
6411.000
6443.000
6446.000
6462.000
6468.000
6517.000
6551.000
6564.000
6574.000
6648.000
6680.000
6735.000
6754.000
6781.000
6789.000
6934.000
6960.000
6961.000
6977.000
6998.000
7073.000
7106.000
7107.000
7114.000
7121.000
7154.000
7169.000
7184.000
7248.000
7276.000
7308.000
7585.000
7590.000
7627.000
7713.000
7718.000
7806.000
7841.000
7842.000
7882.000
7904.000
7906.000
7974.000
8049.000
8134.000
8160.000
8204.000
8379.000
8409.000
8456.000
8458.000
8548.000
8571.000
8583.000
8597.000
8611.000
8618.000
8621.000
8633.000
8640.000
8647.000
8662.000
8682.000
8688.000
8724.000
8750.000
8791.000
8805.000
8906.000
8951.000
9022.000
9086.000
9106.000
9141.000
9283.000
9302.000
9330.000
9346.000
9384.000
9437.000
9473.000
9501.000
9522.000
9566.000
9590.000
9690.000
9711.000
9722.000
9805.000
9866.000
9873.000
9874.000
9952.000
9966.000
10007.000
10011.000
10063.000
10228.000
10249.000
10268.000
10279.000
10301.000
10314.000
10326.000
10359.000
10402.000
10416.000
10497.000
10583.000
10624.000
10638.000
10642.000
10766.000
10805.000
10848.000
10882.000
10919.000
10993.000
11034.000
11050.000
11062.000
11073.000
11088.000
11107.000
11113.000
11167.000
11206.000
11212.000
11223.000
11271.000
11282.000
11338.000
11346.000
11395.000
11396.000
11407.000
11435.000
11491.000
11521.000
11540.000
11618.000
11632.000
11638.000
11655.000
11692.000
11777.000
11833.000
11895.000
11904.000
11929.000
11980.000
12076.000
12095.000
12128.000
12236.000
12297.000
12354.000
12360.000
12391.000
12463.000
12466.000
12554.000
12576.000
12643.000
12691.000
12721.000
12772.000
12792.000
12902.000
12966.000
12968.000
12984.000
13021.000
13025.000
13073.000
13085.000
13097.000
13178.000
13185.000
13194.000
13221.000
13231.000
13260.000
13334.000
13379.000
13399.000
13404.000
13509.000
13544.000
13827.000
13830.000
13839.000
13883.000
13909.000
13927.000
13928.000
13965.000
13991.000
14008.000
14058.000
14072.000
14120.000
14147.000
14156.000
14191.000
14202.000
14226.000
14253.000
14254.000
14292.000
14322.000
14331.000
14384.000
14395.000
14425.000
14444.000
14511.000
14565.000
14605.000
14667.000
14699.000
14717.000
14780.000
14813.000
14833.000
14866.000
14959.000
14972.000
15053.000
15075.000
15158.000
15206.000
15242.000
15249.000
15284.000
15346.000
15357.000
15374.000
15388.000
15452.000
15493.000
15507.000
15512.000
15546.000
15551.000
15580.000
15596.000
15630.000
15660.000
15665.000
15703.000
15710.000
15723.000
15929.000
15954.000
15979.000
16001.000
16014.000
16077.000
16099.000
16248.000
16251.000
16270.000
16292.000
16388.000
16402.000
16467.000
16515.000
16598.000
16641.000
16711.000
16759.000
16851.000
16880.000
16928.000
16940.000
16955.000
17061.000
17096.000
17180.000
17189.000
17203.000
17257.000
17266.000
17275.000
17280.000
17410.000
17467.000
17485.000
17502.000
17533.000
17640.000
17738.000
17763.000
17830.000
17844.000
17882.000
17890.000
17941.000
17964.000
18039.000
18125.000
18214.000
18230.000
18231.000
18319.000
18333.000
18365.000
18373.000
18451.000
18480.000
18532.000
18636.000
18668.000
18708.000
18725.000
18736.000
18786.000
18827.000
18876.000
18899.000
18951.000
18980.000
19037.000
19136.000
19174.000
19211.000
19237.000
19252.000
19262.000
19277.000
19296.000
19314.000
19355.000
19366.000
19451.000
19460.000
19467.000
19486.000
19535.000
19547.000
19568.000
19628.000
19658.000
19686.000
19732.000
19737.000
19797.000
19809.000
19859.000
19910.000
19953.000
20033.000
20055.000
20067.000
20070.000
20080.000
20149.000
20174.000
20225.000
20272.000
20288.000
20323.000
20338.000
20387.000
20506.000
20548.000
20590.000
20607.000
20610.000
20646.000
20651.000
20652.000
20658.000
20697.000
20759.000
20763.000
20769.000
20774.000
20821.000
20870.000
20936.000
20944.000
20991.000
21017.000
21059.000
21155.000
21158.000
21165.000
21203.000
21231.000
21232.000
21330.000
21352.000
21373.000
21633.000
21712.000
21807.000
21815.000
21854.000
21985.000
21995.000
22037.000
22140.000
22156.000
22175.000
22224.000
22240.000
22294.000
22307.000
22326.000
22336.000
22377.000
22396.000
22432.000
22524.000
22549.000
22569.000
22608.000
22695.000
22704.000
22729.000
22799.000
22863.000
22899.000
22918.000
22943.000
22949.000
22982.000
23003.000
23017.000
23045.000
23116.000
23161.000
23175.000
23232.000
23313.000
23339.000
23355.000
23398.000
23404.000
23418.000
23452.000
23470.000
23488.000
23499.000
23514.000
23562.000
23564.000
23615.000
23631.000
23679.000
23813.000
23832.000
23838.000
23878.000
23914.000
23944.000
23983.000
24081.000
24092.000
24100.000
24148.000
24189.000
24208.000
24243.000
24268.000
24277.000
24284.000
24311.000
24332.000
24418.000
24471.000
24563.000
24578.000
24606.000
24641.000
24686.000
24691.000
24741.000
24769.000
24786.000
24810.000
24811.000
24900.000
24936.000
25034.000
25039.000
25094.000
25097.000
25123.000
25164.000
25168.000
25189.000
25249.000
25297.000
25331.000
25352.000
25466.000
25514.000
25520.000
25567.000
25610.000
25653.000
25676.000
25793.000
25853.000
25863.000
25876.000
25880.000
25906.000
25968.000
26042.000
26105.000
26124.000
26184.000
26199.000
26236.000
26257.000
26322.000
26372.000
26416.000
26464.000
26562.000
26564.000
26603.000
26677.000
26695.000
26701.000
26730.000
26773.000
26779.000
26857.000
26899.000
26901.000
26939.000
27050.000
27070.000
27072.000
27082.000
27099.000
27100.000
27217.000
27349.000
27357.000
27366.000
27386.000
27445.000
27495.000
27513.000
27580.000
27597.000
27604.000
27611.000
27679.000
27700.000
27761.000
27769.000
27800.000
27801.000
27859.000
27886.000
27944.000
27956.000
27969.000
28065.000
28157.000
28175.000
28205.000
28252.000
28267.000
28305.000
28349.000
28370.000
28427.000
28457.000
28480.000
28545.000
28637.000
28661.000
28738.000
28756.000
28771.000
28824.000
28882.000
28934.000
28984.000
29045.000
29051.000
29063.000
29174.000
29207.000
29211.000
29230.000
29242.000
29252.000
29269.000
29295.000
29330.000
29384.000
29411.000
29508.000
29515.000
29529.000
29717.000
29754.000
29755.000
29770.000
29811.000
29903.000
