Distribution of estimated Rho values

Shuffle   Rho    Lkmax      G4     corr(r2,d)   corr(D',d)

   1     0.800  -15787048.669  2275895  -0.01388  -0.01137
   2     0.800  -15787013.757  2141080  -0.01053  -0.00701
   3     0.800  -15786951.184  2244390   0.00876  -0.00796
   4     0.800  -15787117.048  1249555   0.00664   0.00816
   5     0.800  -15787015.880  1600276   0.00157   0.00078
   6     0.800  -15787002.868  1900293   0.00137  -0.00066
   7     0.800  -15787049.170  1867131  -0.00781  -0.00081
   8     0.800  -15787079.789  1561179  -0.01153   0.00216
   9     0.800  -15787062.687  1623375  -0.00838   0.00051
  10     0.800  -15786971.883  1869491   0.00417  -0.00510
  11     0.800  -15787116.022  1593232   0.01008   0.00094
  12     0.800  -15787037.732  1487655   0.00364   0.00381
  13     0.800  -15787080.239  1571596  -0.00551   0.00243
  14     0.800  -15787008.828  1867977   0.00002  -0.00320
  15     0.800  -15787012.187  1513404  -0.00079   0.00350
  16     0.800  -15786995.857  1711590   0.00154  -0.00202
  17     0.700  -15787091.710  1630551  -0.00456   0.00033
  18     0.800  -15786988.744  1633429   0.00581  -0.00124
  19     0.800  -15787055.298  1428543  -0.00108   0.00215
  20     0.800  -15787015.357  1517884   0.00110   0.00326
  21     0.800  -15787088.822  1508535  -0.00573   0.00277
  22     0.800  -15787097.917  1908027  -0.00223  -0.00274
  23     0.800  -15787006.042  1765710   0.00974  -0.00229
  24     0.800  -15787083.267  1578635  -0.00081   0.00284
  25     0.800  -15787042.410  1473117   0.00318   0.00299
  26     0.800  -15787024.311  1468343   0.00210   0.00286
  27     0.800  -15787031.592  1654257   0.00047   0.00073
  28     0.800  -15787033.113  2279511   0.00005  -0.00491
  29     0.800  -15787053.198  1491741   0.00137   0.00501
  30     0.800  -15787090.220  1540567  -0.00308   0.00210
  31     0.800  -15787046.771  1758408  -0.00038  -0.00157
  32     0.800  -15787058.908  1761233  -0.00429  -0.00292
  33     0.800  -15787057.068  1494225  -0.00156   0.00381
  34     0.800  -15787110.293  1624541  -0.00675   0.00046
  35     0.800  -15786960.490  2328438  -0.01205  -0.00882
  36     0.800  -15786973.655  1837117  -0.00417  -0.00339
  37     0.800  -15787026.885  1614887  -0.00600   0.00202
  38     0.800  -15787017.753  1801966  -0.00544  -0.00042
  39     0.800  -15787064.209  1491083   0.00588   0.00264
  40     0.800  -15787094.173  1660855  -0.00341  -0.00166
  41     0.800  -15787077.520  1714922  -0.01110   0.00035
  42     0.800  -15787042.452  1407406   0.00365   0.00575
  43     0.800  -15787079.188  1738019  -0.01752  -0.00207
  44     0.800  -15786959.925  1861520   0.00736  -0.00437
  45     0.800  -15787141.018  1630090   0.00063   0.00287
  46     0.800  -15787060.055  1569442   0.00107   0.00228
  47     0.800  -15787065.791  1329991  -0.00621   0.00677
  48     0.800  -15787030.261  1477121   0.00804   0.00430
  49     0.800  -15787029.343  1753399  -0.00105  -0.00219
  50     0.800  -15787082.947  1767990   0.00529  -0.00078
  51     0.800  -15786973.824  1885056   0.01384  -0.00256
  52     0.800  -15787023.576  1645723   0.00433  -0.00094
  53     0.800  -15787067.581  1406442  -0.00012   0.00374
  54     0.800  -15787076.778  1672631   0.00457   0.00087
  55     0.800  -15786947.225  2158966  -0.00032  -0.00837
  56     0.800  -15787005.723  1850312   0.00266  -0.00160
  57     0.800  -15787014.045  2045784   0.00509  -0.00425
  58     0.800  -15787038.829  1374165  -0.00232   0.00545
  59     0.800  -15786972.810  2098373   0.00183  -0.00571
  60     0.800  -15787000.621  1303843   0.00356   0.00444
  61     0.800  -15787129.894  1916883  -0.00950  -0.00360
  62     0.800  -15786957.542  2025570   0.00249  -0.00590
  63     0.800  -15786957.032  1911425  -0.00868  -0.00240
  64     0.800  -15787058.203  1330054  -0.00345   0.00533
  65     0.800  -15787101.416  1635185  -0.00199  -0.00033
  66     0.800  -15787093.638  1696400  -0.00099  -0.00012
  67     0.800  -15787015.155  1649429   0.00799   0.00001
  68     0.800  -15787063.541  1698416  -0.00677  -0.00016
  69     0.800  -15787023.416  1575221   0.00807   0.00153
  70     0.800  -15787082.888  1289148  -0.00154   0.00737
  71     0.800  -15787099.801  1579649  -0.00012   0.00229
  72     0.800  -15786970.360  1743280  -0.01193   0.00082
  73     0.700  -15787090.578  1848425  -0.00136  -0.00311
  74     0.700  -15787114.448  1395799  -0.00074   0.00520
  75     0.800  -15787051.757  1732177  -0.00197  -0.00039
  76     0.800  -15787052.825  1457059  -0.00814   0.00247
  77     0.800  -15787035.158  2163048   0.00156  -0.00769
  78     0.800  -15787081.156  1873234  -0.00380  -0.00422
  79     0.800  -15787063.012  1498540  -0.00215   0.00383
  80     0.800  -15787057.097  1403763   0.00157   0.00599
  81     0.800  -15787075.200  1810225  -0.00649  -0.00322
  82     0.800  -15787034.324  1778996  -0.00695  -0.00080
  83     0.800  -15786990.341  1670472  -0.00199  -0.00187
  84     0.800  -15787023.202  1839699  -0.00260  -0.00316
  85     0.800  -15787006.586  1487370  -0.00648   0.00270
  86     0.800  -15786981.386  2126886   0.00313  -0.00738
  87     0.800  -15787040.598  1597028   0.00059   0.00249
  88     0.800  -15787026.029  1787491  -0.00530  -0.00032
  89     0.800  -15787037.169  1851504  -0.00521  -0.00199
  90     0.800  -15787053.755  1350869  -0.00111   0.00593
  91     0.800  -15787050.124  1636884   0.00252   0.00247
  92     0.800  -15787075.317  1223894  -0.00732   0.00785
  93     0.800  -15787015.300  1680247  -0.00736  -0.00070
  94     0.800  -15787001.114  1694775   0.00538  -0.00058
  95     0.800  -15786949.776  1946945   0.00581  -0.00452
  96     0.800  -15787061.110  1474769   0.00469   0.00371
  97     0.800  -15787131.038  1613481  -0.00223   0.00162
  98     0.800  -15786932.246  2007166   0.00407  -0.00271
  99     0.800  -15786984.627  1833772   0.00711  -0.00409
 100     0.800  -15787109.599  1478634  -0.00300   0.00275
 101     0.800  -15787085.527  1463657   0.00028   0.00389
 102     0.800  -15787009.838  1508048   0.00498   0.00334
 103     0.800  -15787084.325  1985820   0.00385  -0.00543
 104     0.800  -15787062.223  1920734  -0.00598  -0.00460
 105     0.800  -15786965.318  2183580  -0.00421  -0.00872
 106     0.800  -15787079.962  1679602  -0.00081   0.00153
 107     0.800  -15786970.115  1942951  -0.00749  -0.00303
 108     0.800  -15787024.173  1774401   0.00264  -0.00247
 109     0.800  -15787001.931  1874977   0.00627  -0.00304
 110     0.800  -15786920.030  2016650   0.00096  -0.00530
 111     0.800  -15787010.354  1785443  -0.00833  -0.00184
 112     0.800  -15786993.482  1808395   0.00860  -0.00313
 113     0.800  -15786978.366  2163725   0.00325  -0.00680
 114     0.800  -15786960.419  2269656  -0.00784  -0.01156
 115     0.800  -15787052.864  1730060  -0.00591  -0.00083
 116     0.800  -15787033.289  2128597   0.00259  -0.00512
 117     0.800  -15786965.818  1866930   0.00175  -0.00341
 118     0.800  -15787030.630  1740921  -0.00017  -0.00069
 119     0.800  -15786984.242  1775856   0.00202  -0.00187
 120     0.800  -15787030.375  1648872   0.00773   0.00061
 121     0.800  -15787002.454  2157387   0.00495  -0.00777
 122     0.800  -15786958.167  1980577   0.00155  -0.00273
 123     0.800  -15786999.478  1980070  -0.00761  -0.00331
 124     0.800  -15787052.814  1522309  -0.00381   0.00345
 125     0.800  -15787025.371  2021843  -0.00009  -0.00503
 126     0.800  -15787036.116  1962126   0.00252  -0.00392
 127     0.800  -15786960.459  1839556   0.01105  -0.00347
 128     0.700  -15787149.640  1311767  -0.00762   0.00715
 129     0.800  -15787008.056  1613485   0.00081   0.00026
 130     0.800  -15787113.837  1473751  -0.00093   0.00401
 131     0.800  -15787118.326  1267789  -0.00299   0.00614
 132     0.700  -15787043.949  1869546  -0.00518  -0.00336
 133     0.800  -15787091.609  1693814   0.00805  -0.00123
 134     0.700  -15786980.118  1993445   0.00052  -0.00549
 135     0.800  -15787075.620  2113977   0.00249  -0.00602
 136     0.800  -15787101.772  1725285   0.00163   0.00061
 137     0.700  -15787151.464  1445640  -0.01043   0.00114
 138     0.800  -15786985.030  2398315   0.00522  -0.01159
 139     0.700  -15787058.814  1614678  -0.00244   0.00202
 140     0.800  -15787040.780  1735571   0.00361  -0.00147
 141     0.800  -15787034.285  2094508   0.00876  -0.00731
 142     0.800  -15787095.773  1552498   0.00228   0.00154
 143     0.800  -15787066.046  2000091  -0.00889  -0.00740
 144     0.700  -15787118.006  1836906   0.00652  -0.00068
 145     0.800  -15786986.314  1743140  -0.00965  -0.00205
 146     0.800  -15787003.816  1786525   0.00176  -0.00152
 147     0.800  -15787113.825  1757922   0.00515  -0.00192
 148     0.800  -15787075.992  1528169  -0.00197   0.00344
 149     0.800  -15787032.455  1357716  -0.00757   0.00499
 150     0.800  -15787021.581  1642930  -0.00180   0.00068
 151     0.800  -15787063.158  1402231  -0.00578   0.00485
 152     0.800  -15787076.710  1553402  -0.00219   0.00174
 153     0.800  -15786997.357  1778325   0.00154  -0.00249
 154     0.800  -15787000.747  1654942   0.00704   0.00245
 155     0.800  -15787013.008  1855977   0.00605  -0.00343
 156     0.700  -15787005.150  2491242  -0.00009  -0.01340
 157     0.800  -15786946.946  2213435  -0.00165  -0.00934
 158     0.800  -15787004.855  1885919  -0.00120  -0.00294
 159     0.800  -15787030.998  1533257  -0.00138   0.00076
 160     0.800  -15787056.528  1734953   0.00279   0.00019
 161     0.800  -15787089.959  1500468   0.00618   0.00383
 162     0.800  -15786982.886  2061263   0.00542  -0.00573
 163     0.800  -15787086.749  1427071  -0.00963   0.00439
 164     0.800  -15787059.748  1718061  -0.00430  -0.00191
 165     0.800  -15786887.523  1901654   0.00874  -0.00440
 166     0.800  -15787069.769  1649971  -0.00556   0.00014
 167     0.800  -15787104.669  1271665  -0.00487   0.00684
 168     0.800  -15787077.999  1260456   0.00555   0.00720
 169     0.800  -15786998.888  2069808   0.00489  -0.00657
 170     0.800  -15787080.069  1285679  -0.01282   0.00719
 171     0.800  -15786952.221  1520312   0.00179   0.00329
 172     0.800  -15787060.630  1480720   0.00002   0.00366
 173     0.800  -15787000.207  1879455  -0.00121  -0.00233
 174     0.800  -15787113.433  1365662  -0.00166   0.00613
 175     0.800  -15787039.907  1901987   0.00078  -0.00230
 176     0.800  -15787041.826  1638402   0.00523  -0.00057
 177     0.800  -15787031.628  1974067   0.00481  -0.00516
 178     0.700  -15787062.203  1399031  -0.00152   0.00525
 179     0.800  -15787017.188  1747414  -0.00021  -0.00288
 180     0.800  -15787080.630  1744040   0.00004  -0.00058
 181     0.800  -15787027.548  2014139   0.00269  -0.00372
 182     0.800  -15787002.991  1580051  -0.00059   0.00311
 183     0.800  -15787076.961  1323248  -0.00572   0.00680
 184     0.800  -15786975.270  1832073   0.00350  -0.00240
 185     0.800  -15787097.319  1770650  -0.00291  -0.00122
 186     0.800  -15787089.810  1539999   0.00701   0.00353
 187     0.800  -15787006.976  1679234   0.00363   0.00147
 188     0.800  -15787031.462  1560888   0.00834   0.00059
 189     0.800  -15787005.075  1751410  -0.00372  -0.00054
 190     0.700  -15787079.439  1438382   0.00548   0.00363
 191     0.800  -15787028.224  1780357   0.00602  -0.00078
 192     0.800  -15787077.985  1240713  -0.01019   0.00699
 193     0.800  -15787049.204  1551414  -0.00475   0.00184
 194     0.800  -15787005.560  1594374   0.00227   0.00109
 195     0.800  -15787044.476  1555659   0.00516   0.00314
 196     0.800  -15786966.807  2099685   0.00261  -0.00674
 197     0.800  -15787067.934  1529712   0.00142   0.00194
 198     0.800  -15787053.268  1910214  -0.00078  -0.00458
 199     0.800  -15787005.571  1776999   0.00436   0.00085
 200     0.800  -15787003.071  1668728   0.00591  -0.00058
 201     0.800  -15787042.304  1604918  -0.00261   0.00172
 202     0.800  -15787046.838  1926870  -0.00082  -0.00095
 203     0.800  -15787026.846  1770353   0.00162  -0.00337
 204     0.800  -15787101.834  1267842  -0.00086   0.00792
 205     0.800  -15787102.350  1443635  -0.00124   0.00128
 206     0.800  -15786962.299  1657950  -0.00783   0.00174
 207     0.800  -15787098.691  1680472   0.01273   0.00030
 208     0.800  -15787023.937  1570666   0.00241   0.00317
 209     0.800  -15787055.423  1886756  -0.00157  -0.00510
 210     0.800  -15787007.363  1831890  -0.00636  -0.00333
 211     0.800  -15786986.371  1711721  -0.00266  -0.00181
 212     0.800  -15787037.182  1380302   0.00437   0.00611
 213     0.800  -15787104.324  1672765  -0.00412  -0.00049
 214     0.800  -15787034.406  1433117   0.00794   0.00425
 215     0.800  -15787085.806  1614453   0.00412   0.00154
 216     0.800  -15787052.675  1763581  -0.00364  -0.00066
 217     0.800  -15787105.005  1686667   0.00784   0.00171
 218     0.800  -15787124.456  1442705   0.00076   0.00256
 219     0.800  -15787030.089  1353165   0.00351   0.00540
 220     0.800  -15786985.698  1704888   0.00713   0.00086
 221     0.800  -15787085.594  1738345  -0.00518   0.00088
 222     0.800  -15787033.382  1751633   0.00623  -0.00038
 223     0.800  -15787046.657  1527075  -0.00543   0.00326
 224     0.800  -15787013.368  1618028  -0.00654   0.00174
 225     0.800  -15787077.445  1733543  -0.00253  -0.00139
 226     0.800  -15786987.761  1705813  -0.00489  -0.00040
 227     0.800  -15787013.695  1725746   0.00258   0.00019
 228     0.700  -15787075.463  1931184   0.00577  -0.00099
 229     0.800  -15787081.630  1261304   0.00096   0.00616
 230     0.800  -15786984.410  1833120   0.00393  -0.00130
 231     0.800  -15786996.859  1994001   0.00475  -0.00532
 232     0.800  -15786999.151  1939978   0.00193  -0.00605
 233     0.700  -15787082.857  1813251  -0.00558  -0.00051
 234     0.800  -15787047.272  1285188  -0.00571   0.00670
 235     0.800  -15787064.245  1694998   0.00516  -0.00131
 236     0.800  -15787096.722  1830446   0.00057  -0.00367
 237     0.800  -15786904.305  2004673  -0.00297  -0.00373
 238     0.800  -15787071.586  1745757   0.01202  -0.00099
 239     0.700  -15787049.949  1944627  -0.01849  -0.00245
 240     0.800  -15787025.717  1620444  -0.00274   0.00208
 241     0.800  -15786990.593  1361753   0.00769   0.00480
 242     0.800  -15787034.615  1538758   0.00668   0.00522
 243     0.800  -15787094.753  1458400  -0.00150   0.00437
 244     0.800  -15787026.339  1683567  -0.00048  -0.00036
 245     0.800  -15787133.200  1318430  -0.00690   0.00665
 246     0.800  -15787021.408  1689320   0.00679   0.00027
 247     0.800  -15786987.153  1792767  -0.00107  -0.00044
 248     0.800  -15787064.233  1568287   0.00749   0.00403
 249     0.800  -15786954.733  2085676  -0.00052  -0.00681
 250     0.700  -15787111.571  1798553  -0.00949  -0.00297
 251     0.800  -15787074.151  1772160  -0.00685  -0.00075
 252     0.800  -15787014.612  1577115   0.00259   0.00247
 253     0.800  -15787025.589  1639685  -0.00377   0.00277
 254     0.800  -15787059.755  2005231  -0.00034  -0.00415
 255     0.800  -15787051.945  1503377  -0.00735   0.00324
 256     0.800  -15787012.068  1385742  -0.00525   0.00419
 257     0.800  -15786999.530  1411602   0.01277   0.00448
 258     0.800  -15787046.017  1270543  -0.00912   0.00535
 259     0.800  -15787052.082  1789852   0.01122  -0.00335
 260     0.800  -15787077.705  1300398  -0.00360   0.00581
 261     0.800  -15787052.077  1530794  -0.00151   0.00285
 262     0.800  -15787100.336  1487441  -0.00555   0.00468
 263     0.800  -15787039.625  1798991  -0.01631  -0.00040
 264     0.800  -15787117.190  1295942   0.00153   0.00759
 265     0.800  -15787076.594  1638510   0.00817   0.00019
 266     0.800  -15787085.494  1454017   0.00028   0.00383
 267     0.800  -15786953.723  2054435   0.00174  -0.00448
 268     0.800  -15787064.039  1700985  -0.00698   0.00068
 269     0.800  -15787025.659  1628162   0.00837   0.00305
 270     0.800  -15787025.036  1535178   0.00742   0.00290
 271     0.800  -15787098.342  1411507   0.00057   0.00472
 272     0.700  -15787097.924  1893104   0.00496  -0.00320
 273     0.800  -15786980.661  1882035   0.00683  -0.00204
 274     0.800  -15787051.656  1742997  -0.01248  -0.00002
 275     0.800  -15786946.510  2099856   0.00493  -0.00492
 276     0.800  -15787023.261  1784957   0.01100  -0.00056
 277     0.800  -15786957.200  2233624   0.00648  -0.00728
 278     0.800  -15787054.487  1783971  -0.00945  -0.00184
 279     0.800  -15787032.986  1367600   0.00088   0.00469
 280     0.800  -15787049.471  1465368  -0.00655   0.00277
 281     0.800  -15787046.353  1847759  -0.00247  -0.00029
 282     0.800  -15787094.973  1438702  -0.01201   0.00470
 283     0.800  -15787028.014  1733192   0.00315   0.00058
 284     0.800  -15787027.536  1468934  -0.00131   0.00352
 285     0.800  -15787002.080  1731806   0.00434  -0.00168
 286     0.800  -15786983.308  1558052   0.00321   0.00187
 287     0.800  -15787083.037  1396808   0.00265   0.00478
 288     0.800  -15787056.245  1508493  -0.00952   0.00263
 289     0.800  -15787031.631  1719661  -0.00010   0.00020
 290     0.800  -15787019.530  1782006   0.00819   0.00127
 291     0.800  -15787055.520  1510025   0.00324   0.00383
 292     0.800  -15786957.300  1511257  -0.00065   0.00131
 293     0.700  -15787078.969  1889952   0.00097  -0.00528
 294     0.800  -15786955.431  2024373  -0.00275  -0.00488
 295     0.800  -15787140.455  1267384   0.00288   0.00744
 296     0.800  -15787048.968  1387761   0.00602   0.00576
 297     0.800  -15787015.210  1420366   0.00703   0.00438
 298     0.800  -15787085.720  1375032  -0.01097   0.00490
 299     0.800  -15787022.558  1391151  -0.00003   0.00573
 300     0.800  -15787000.768  1674220  -0.00054  -0.00040
 301     0.700  -15787143.864  1320477  -0.00617   0.00805
 302     0.800  -15787061.239  1561099  -0.00596   0.00161
 303     0.800  -15787027.744  2044690   0.01158  -0.00538
 304     0.800  -15787099.179  1640985   0.00267  -0.00015
 305     0.800  -15786997.003  1681116   0.00115  -0.00007
 306     0.800  -15787085.236  1529896   0.00316   0.00250
 307     0.700  -15787086.383  1438396   0.00079   0.00468
 308     0.800  -15786997.997  1542318   0.00692   0.00025
 309     0.800  -15787050.583  1947684   0.00026  -0.00279
 310     0.800  -15787055.700  1585628   0.00685   0.00170
 311     0.800  -15786974.141  1864427  -0.01220  -0.00151
 312     0.800  -15787042.397  1618404  -0.00755   0.00158
 313     0.800  -15787037.103  2001160  -0.00307  -0.00492
 314     0.800  -15787000.305  1463415   0.00111   0.00372
 315     0.800  -15787056.759  1423592  -0.00927   0.00404
 316     0.800  -15787140.683  1462950   0.00161   0.00446
 317     0.800  -15787025.605  1686266   0.00190  -0.00049
 318     0.800  -15787029.167  1631570  -0.00107   0.00033
 319     0.800  -15787053.219  1459609  -0.00892   0.00492
 320     0.800  -15786994.358  2272616   0.00232  -0.00949
 321     0.800  -15787056.775  1385846   0.00274   0.00347
 322     0.800  -15787048.483  1732646  -0.01358   0.00042
 323     0.800  -15786983.585  1890080  -0.00857  -0.00298
 324     0.800  -15787005.519  2022632   0.00051  -0.00354
 325     0.800  -15787012.180  1805649   0.00520  -0.00038
 326     0.800  -15786994.039  2021008   0.00535  -0.00483
 327     0.800  -15787023.173  1828247   0.00018  -0.00207
 328     0.800  -15787111.554  1575948  -0.00538   0.00176
 329     0.800  -15786968.353  1638462   0.00339   0.00036
 330     0.700  -15787056.575  1260083  -0.00585   0.00820
 331     0.800  -15787085.215  1624412  -0.00884   0.00070
 332     0.800  -15787036.148  1640786   0.00506   0.00108
 333     0.800  -15787010.351  1524840  -0.00002   0.00438
 334     0.800  -15787118.720  1543104   0.00269   0.00336
 335     0.800  -15787143.133  1708294  -0.01114   0.00160
 336     0.800  -15787072.410  1488864   0.00305   0.00383
 337     0.800  -15787026.778  2098755  -0.00329  -0.00503
 338     0.800  -15787085.832  1456395  -0.00298   0.00553
 339     0.800  -15787019.706  1635365  -0.00649   0.00141
 340     0.800  -15786994.583  1852348  -0.00023  -0.00398
 341     0.800  -15787089.837  1400894  -0.00683   0.00491
 342     0.800  -15786998.384  1820588   0.00426  -0.00187
 343     0.800  -15787090.088  1493608   0.00071   0.00236
 344     0.800  -15787059.298  1198923  -0.00295   0.00792
 345     0.800  -15787014.667  1893098   0.00424  -0.00469
 346     0.800  -15787030.602  1862904  -0.00287  -0.00263
 347     0.800  -15787009.873  1530972  -0.00646   0.00310
 348     0.800  -15787005.227  1623192   0.00356   0.00074
 349     0.800  -15786992.535  1774615   0.00580   0.00083
 350     0.800  -15787017.242  1489076  -0.00020   0.00336
 351     0.800  -15787075.092  1737474   0.00065  -0.00173
 352     0.800  -15787033.415  2042269   0.01313  -0.00513
 353     0.800  -15787002.653  1492996  -0.00030   0.00292
 354     0.800  -15787019.187  1787943   0.00934   0.00029
 355     0.800  -15787111.180  1502994   0.00304   0.00264
 356     0.800  -15787028.363  1789320   0.00640  -0.00233
 357     0.800  -15787067.063  1468610  -0.00377   0.00267
 358     0.800  -15787106.946  1276753  -0.00219   0.00668
 359     0.800  -15786997.719  2143660   0.00680  -0.00610
 360     0.800  -15787156.578  1724609  -0.00112  -0.00034
 361     0.800  -15786987.817  1483648  -0.00122   0.00261
 362     0.700  -15787076.739  2016024   0.00421  -0.00437
 363     0.800  -15787061.204  1377256   0.00133   0.00379
 364     0.800  -15787017.638  2132782   0.00431  -0.00611
 365     0.800  -15786989.093  1982939   0.00027  -0.00425
 366     0.700  -15787010.121  2082562   0.00653  -0.00556
 367     0.700  -15787108.545  1628089  -0.00503   0.00112
 368     0.800  -15787020.741  1745105   0.00272  -0.00267
 369     0.800  -15787032.590  2136218   0.00432  -0.00798
 370     0.800  -15786995.200  2380327  -0.00488  -0.01007
 371     0.800  -15787021.054  1783701   0.00076  -0.00168
 372     0.800  -15787052.615  1527024   0.00403   0.00104
 373     0.800  -15787035.555  1448815   0.00257   0.00358
 374     0.800  -15787062.971  1507730  -0.00787   0.00292
 375     0.800  -15787039.089  1640233   0.00232  -0.00209
 376     0.800  -15787064.245  1662452  -0.00346  -0.00055
 377     0.800  -15787004.150  1824211   0.00296  -0.00274
 378     0.800  -15787034.570  1898580  -0.00167  -0.00614
 379     0.800  -15787062.619  1966788  -0.00153  -0.00640
 380     0.800  -15787054.506  1960679   0.00510  -0.00363
 381     0.800  -15787014.858  1708557   0.00955  -0.00041
 382     0.800  -15787023.032  1646836   0.00536  -0.00026
 383     0.800  -15786978.950  1937011   0.00002  -0.00337
 384     0.800  -15787073.768  1733007   0.00175  -0.00189
 385     0.800  -15787027.539  1566569  -0.00254   0.00213
 386     0.800  -15787052.866  1417743  -0.00405   0.00299
 387     0.800  -15786943.277  1489968   0.00514   0.00359
 388     0.800  -15787089.356  1507226  -0.00803   0.00403
 389     0.800  -15787016.109  1723223  -0.00105  -0.00175
 390     0.800  -15787023.115  1349971   0.00133   0.00633
 391     0.800  -15786997.867  1528766   0.00456   0.00258
 392     0.800  -15787069.103  1253171  -0.00119   0.00814
 393     0.800  -15787028.506  1662220   0.00206   0.00054
 394     0.800  -15787058.969  1532032  -0.00755   0.00311
 395     0.800  -15787053.507  1697661  -0.00234   0.00094
 396     0.800  -15787074.236  1632285  -0.00490  -0.00077
 397     0.800  -15787045.639  1799704  -0.00476  -0.00188
 398     0.800  -15787033.407  1789149  -0.00246  -0.00074
 399     0.800  -15787075.773  1949452  -0.01071  -0.00507
 400     0.800  -15787070.948  1632179   0.00362   0.00006
 401     0.800  -15787015.743  1608728  -0.00406   0.00139
 402     0.800  -15787000.136  1735337   0.00905  -0.00193
 403     0.800  -15787064.534  1669054   0.00278  -0.00085
 404     0.700  -15787116.138  1380095  -0.00769   0.00479
 405     0.700  -15787096.218  1461927   0.00123   0.00606
 406     0.800  -15787095.137  1314203  -0.01282   0.00576
 407     0.800  -15786991.354  1415579   0.00114   0.00289
 408     0.800  -15787097.487  1653903   0.00132   0.00109
 409     0.700  -15787125.590  1302354  -0.01017   0.00572
 410     0.800  -15786985.712  1212575   0.00162   0.00763
 411     0.800  -15787069.653  1836202   0.00073  -0.00274
 412     0.800  -15787027.473  1544256  -0.00378   0.00234
 413     0.800  -15787016.142  2186301  -0.00757  -0.00821
 414     0.800  -15787080.811  1353141   0.00290   0.00552
 415     0.800  -15787031.309  1755833  -0.01591  -0.00049
 416     0.800  -15787042.256  1492416  -0.00025   0.00403
 417     0.800  -15787102.667  1621372   0.00452   0.00118
 418     0.800  -15787064.492  1336672  -0.00230   0.00559
 419     0.800  -15787068.704  1649466  -0.00185   0.00037
 420     0.800  -15787030.109  1699806  -0.00923  -0.00105
 421     0.800  -15787104.876  1805194   0.00470  -0.00195
 422     0.800  -15787075.924  1490041  -0.00798   0.00266
 423     0.800  -15787012.517  1665766  -0.00289   0.00061
 424     0.800  -15787099.651  1689041  -0.01078   0.00011
 425     0.800  -15787000.249  1693558   0.00520   0.00043
 426     0.800  -15787020.482  1311708  -0.00035   0.00631
 427     0.800  -15787091.275  1705635   0.00687   0.00017
 428     0.800  -15787025.541  1619913  -0.00688  -0.00055
 429     0.800  -15787042.500  2259707   0.01008  -0.00869
 430     0.800  -15787036.187  1707277   0.00622   0.00007
 431     0.800  -15787056.172  1432926   0.00036   0.00455
 432     0.800  -15787066.687  1577126  -0.00055   0.00301
 433     0.800  -15787002.457  1734089   0.00661  -0.00158
 434     0.800  -15787067.863  1446737  -0.00119   0.00325
 435     0.800  -15787079.646  1484159   0.00108   0.00367
 436     0.800  -15787087.168  1302842   0.00651   0.00648
 437     0.800  -15786995.560  1847382  -0.00128  -0.00388
 438     0.800  -15787063.477  1464450   0.00217   0.00263
 439     0.800  -15787067.231  1592632   0.00345   0.00229
 440     0.800  -15787048.444  1745666   0.00065   0.00011
 441     0.800  -15787168.157  1514621  -0.00710   0.00226
 442     0.800  -15787074.942  1568191  -0.00892   0.00005
 443     0.700  -15787044.882  1755673   0.00428   0.00054
 444     0.800  -15786981.441  1949067   0.00541  -0.00367
 445     0.800  -15787008.507  1535931  -0.00205   0.00143
 446     0.800  -15786989.909  2060068   0.00213  -0.00418
 447     0.800  -15787063.566  1418044   0.00226   0.00474
 448     0.800  -15787009.193  1966105  -0.00368  -0.00170
 449     0.800  -15786993.286  1516117   0.01186   0.00113
 450     0.800  -15786997.297  1735766   0.00425   0.00013
 451     0.800  -15787091.712  1486799   0.00162   0.00281
 452     0.800  -15786999.436  1771353   0.00094  -0.00283
 453     0.800  -15787007.069  1256046  -0.00930   0.00608
 454     0.800  -15787075.636  1713592  -0.00378  -0.00025
 455     0.800  -15786994.844  1809490   0.00464  -0.00371
 456     0.800  -15787062.267  1296838  -0.00386   0.00696
 457     0.800  -15787115.064  1650342  -0.00190   0.00063
 458     0.800  -15786998.267  1306427   0.00096   0.00557
 459     0.800  -15786967.448  1754045  -0.00040  -0.00038
 460     0.800  -15787014.901  1790974   0.00077  -0.00204
 461     0.800  -15786999.897  1521407   0.00655   0.00283
 462     0.800  -15786999.016  2041974   0.00865  -0.00625
 463     0.800  -15787091.527  1476578  -0.00231   0.00277
 464     0.800  -15787077.039  1404249   0.00473   0.00463
 465     0.800  -15786969.328  2104669  -0.01117  -0.00485
 466     0.800  -15787012.427  1681017  -0.00087  -0.00064
 467     0.800  -15786956.903  1468607  -0.00267   0.00232
 468     0.800  -15787046.169  1447929  -0.01001   0.00394
 469     0.800  -15787072.477  1438463  -0.00526   0.00288
 470     0.800  -15787011.105  1813740   0.00191  -0.00155
 471     0.800  -15787042.776  1640229  -0.00386  -0.00025
 472     0.800  -15787036.273  1524714  -0.00087   0.00207
 473     0.800  -15787040.601  1583330  -0.00172   0.00317
 474     0.800  -15787078.787  1542538   0.00749   0.00145
 475     0.800  -15787049.335  1565000  -0.00394   0.00026
 476     0.800  -15787090.505  1411359  -0.00367   0.00293
 477     0.800  -15787078.379  1518538  -0.00853   0.00157
 478     0.800  -15787090.833  1408247  -0.00390   0.00389
 479     0.800  -15787009.785  1552443   0.00235   0.00181
 480     0.700  -15787101.305  1523253  -0.00456   0.00305
 481     0.800  -15786972.735  1622329  -0.00167   0.00196
 482     0.800  -15787019.875  1584876   0.00086   0.00179
 483     0.800  -15787090.163  1622156   0.00431  -0.00001
 484     0.800  -15786934.962  2145876  -0.00952  -0.00746
 485     0.800  -15787064.445  1483290   0.00228   0.00325
 486     0.800  -15786994.116  1620003   0.00801   0.00296
 487     0.800  -15787069.739  2037002  -0.00302  -0.00687
 488     0.800  -15787100.509  1431213  -0.00863   0.00327
 489     0.800  -15786946.067  1698724  -0.00062   0.00082
 490     0.800  -15787016.883  1521450  -0.00647   0.00415
 491     0.800  -15787013.530  1537562   0.00524   0.00201
 492     0.800  -15786953.777  2154926  -0.00447  -0.00651
 493     0.800  -15787039.020  2026906  -0.00017  -0.00418
 494     0.800  -15787008.720  1698886   0.00758  -0.00060
 495     0.800  -15787021.824  1445104   0.01299   0.00438
 496     0.800  -15787035.930  1544809   0.00329   0.00301
 497     0.800  -15786945.640  1852416   0.00132  -0.00377
 498     0.800  -15786970.873  1515788   0.00801   0.00252
 499     0.800  -15787053.091  1557190   0.00271   0.00251
 500     0.800  -15787018.162  1894396   0.00025  -0.00674
 501     0.800  -15787065.539  1582389  -0.00494   0.00176
 502     0.800  -15786967.956  1774196   0.00611  -0.00199
 503     0.800  -15786967.338  1899109  -0.00798  -0.00275
 504     0.800  -15787028.301  1527170   0.00023   0.00282
 505     0.800  -15787028.180  1277764  -0.00724   0.00735
 506     0.800  -15787011.206  1580055  -0.00190   0.00127
 507     0.800  -15787085.291  1682311  -0.00224   0.00137
 508     0.800  -15786984.462  1978143  -0.00640  -0.00320
 509     0.800  -15787029.506  1584633   0.00037   0.00021
 510     0.800  -15786981.467  1939410   0.00235  -0.00192
 511     0.800  -15787025.994  1962606   0.00049  -0.00372
 512     0.700  -15787056.975  1858183   0.00020  -0.00065
 513     0.800  -15786972.083  1503564  -0.00629   0.00117
 514     0.800  -15787064.383  1323393   0.00229   0.00728
 515     0.800  -15787019.404  2135754  -0.00067  -0.00663
 516     0.800  -15786942.103  1854011  -0.00325  -0.00050
 517     0.800  -15787038.684  1336996  -0.00654   0.00581
 518     0.800  -15787079.509  1430635   0.00230   0.00383
 519     0.800  -15787013.589  1725736  -0.00396   0.00033
 520     0.800  -15787036.048  1987157   0.00303  -0.00610
 521     0.800  -15786992.918  1594408   0.00282   0.00218
 522     0.800  -15787028.726  1900793   0.00781  -0.00649
 523     0.800  -15787025.419  1606252  -0.00059   0.00084
 524     0.800  -15786994.899  1737580   0.01037  -0.00423
 525     0.800  -15787026.515  1291072  -0.00277   0.00587
 526     0.800  -15787047.197  1516166  -0.00376   0.00162
 527     0.800  -15787074.023  1755569  -0.00281   0.00049
 528     0.800  -15787098.853  1749882   0.00035  -0.00027
 529     0.800  -15787095.180  1870918  -0.00031  -0.00170
 530     0.800  -15787044.428  1544337  -0.00554   0.00257
 531     0.800  -15787042.854  1994233   0.00436  -0.00538
 532     0.800  -15787096.049  1643455   0.00068   0.00013
 533     0.800  -15787046.781  1518837   0.00630   0.00365
 534     0.800  -15787032.207  1546676  -0.00762   0.00239
 535     0.800  -15786985.976  1883939  -0.01010  -0.00298
 536     0.800  -15787003.741  1770704  -0.01031  -0.00101
 537     0.800  -15787029.366  1840974   0.00047  -0.00150
 538     0.800  -15787018.779  1713517  -0.00009   0.00108
 539     0.800  -15786981.259  1665304   0.00567   0.00078
 540     0.800  -15787030.936  1816151   0.00007  -0.00289
 541     0.800  -15786971.143  1732040  -0.00554   0.00074
 542     0.800  -15786959.299  2135648  -0.00069  -0.00598
 543     0.800  -15787063.667  1606983   0.00523   0.00175
 544     0.800  -15787082.103  1513135   0.01025   0.00310
 545     0.800  -15787056.484  1877865  -0.00488  -0.00428
 546     0.800  -15786967.334  1732459   0.00713  -0.00173
 547     0.800  -15787081.281  1314860  -0.00448   0.00616
 548     0.800  -15787084.635  1442472   0.00465   0.00463
 549     0.800  -15786983.258  2117322  -0.00496  -0.00555
 550     0.800  -15787052.943  1852670  -0.00500  -0.00187
 551     0.800  -15787027.909  1529357  -0.00405   0.00261
 552     0.800  -15787062.560  2125490  -0.00083  -0.00675
 553     0.800  -15786990.731  2010262   0.00794  -0.00495
 554     0.800  -15787000.591  1739400   0.00357  -0.00386
 555     0.800  -15787009.135  1661802  -0.00046   0.00059
 556     0.800  -15787023.238  1840907   0.00260  -0.00233
 557     0.800  -15786967.451  1523692  -0.00503   0.00173
 558     0.800  -15787060.051  1758332  -0.00147  -0.00020
 559     0.800  -15786970.363  1911539   0.00214  -0.00309
 560     0.800  -15787028.892  1940966   0.00016  -0.00248
 561     0.800  -15787083.942  1850043  -0.00569  -0.00424
 562     0.700  -15787067.131  1674391   0.00165  -0.00125
 563     0.800  -15787009.871  2331977   0.00438  -0.01034
 564     0.800  -15787004.451  1900483  -0.00648  -0.00553
 565     0.800  -15786992.273  1413573   0.00195   0.00451
 566     0.800  -15787043.783  1656336   0.00071   0.00069
 567     0.800  -15786969.034  1930315  -0.00020  -0.00251
 568     0.800  -15787022.882  1895316   0.00258  -0.00404
 569     0.800  -15786997.856  1898794   0.00452  -0.00205
 570     0.800  -15787061.268  1608059  -0.00090   0.00198
 571     0.800  -15786912.487  1857076  -0.00732   0.00021
 572     0.800  -15787019.792  1896749   0.00124  -0.00351
 573     0.800  -15787017.218  1818547  -0.00061  -0.00083
 574     0.800  -15786989.750  1454406  -0.00529   0.00382
 575     0.800  -15787048.568  1498310  -0.00180   0.00303
 576     0.800  -15787031.779  1587250   0.00642   0.00067
 577     0.800  -15787118.515  1709676   0.00417   0.00051
 578     0.800  -15786957.041  2262644   0.00132  -0.00767
 579     0.800  -15787066.217  1453010  -0.00191   0.00165
 580     0.800  -15787055.346  1825684   0.01133  -0.00336
 581     0.700  -15787019.751  1665400  -0.00182   0.00133
 582     0.800  -15787019.363  1909970   0.00637  -0.00505
 583     0.800  -15787029.524  1795155  -0.00171  -0.00172
 584     0.800  -15787026.342  1400763   0.00910   0.00625
 585     0.800  -15787075.980  1468201  -0.00374   0.00275
 586     0.800  -15787087.520  1420994  -0.00359   0.00372
 587     0.700  -15787040.432  1775577  -0.00255  -0.00040
 588     0.800  -15787063.531  1663483   0.00088  -0.00031
 589     0.800  -15786989.185  1840301   0.00422   0.00030
 590     0.800  -15787038.504  1282148  -0.01228   0.00520
 591     0.800  -15787090.236  1934421  -0.00239  -0.00285
 592     0.800  -15786959.056  1802873   0.00157  -0.00035
 593     0.800  -15787051.482  1879747   0.00054  -0.00373
 594     0.800  -15787002.329  1240171  -0.00564   0.00649
 595     0.800  -15787064.446  1601040  -0.01294   0.00189
 596     0.800  -15787040.045  1628880   0.00457   0.00219
 597     0.800  -15787050.663  1746458   0.00610  -0.00030
 598     0.800  -15787058.827  1336487   0.00531   0.00443
 599     0.800  -15786966.484  1737623   0.00551  -0.00027
 600     0.800  -15787003.903  2338151   0.00669  -0.00767
 601     0.800  -15787026.693  1710110  -0.00215  -0.00154
 602     0.800  -15787005.532  1601582   0.00036   0.00252
 603     0.800  -15787130.261  1703953   0.01172   0.00011
 604     0.800  -15787034.850  1904835   0.00087  -0.00389
 605     0.800  -15787046.048  1486058   0.00501   0.00422
 606     0.800  -15787052.084  2549615   0.00606  -0.01618
 607     0.800  -15787154.093  1296615   0.01084   0.00586
 608     0.800  -15787041.942  1573430  -0.00023   0.00451
 609     0.800  -15786999.146  1978451   0.00587  -0.00408
 610     0.800  -15787023.551  1597932   0.00206   0.00084
 611     0.800  -15787055.252  1471279   0.00009   0.00195
 612     0.800  -15787074.489  1445382  -0.00025   0.00259
 613     0.800  -15787022.092  1850143  -0.00054  -0.00316
 614     0.800  -15787084.405  1368492  -0.00741   0.00529
 615     0.800  -15786994.584  2014823  -0.00350  -0.00544
 616     0.800  -15786965.148  2100721  -0.00189  -0.00747
 617     0.800  -15787075.043  1622683  -0.00183   0.00115
 618     0.800  -15787066.388  1420616  -0.00185   0.00449
 619     0.800  -15787029.898  1359129  -0.00622   0.00594
 620     0.800  -15787003.028  1595974   0.00674   0.00202
 621     0.800  -15787050.459  1322736   0.00382   0.00651
 622     0.800  -15787049.953  1716370   0.00291   0.00047
 623     0.800  -15787023.111  1925891   0.00078  -0.00452
 624     0.800  -15787090.095  1804408   0.00791  -0.00125
 625     0.800  -15787122.236  1589480  -0.00191   0.00194
 626     0.800  -15787051.247  1623943   0.00392   0.00227
 627     0.800  -15787076.068  1905336   0.00354  -0.00126
 628     0.800  -15787062.257  1572705  -0.01420   0.00227
 629     0.800  -15787156.223  1388752  -0.01033   0.00477
 630     0.800  -15787026.941  1440131   0.00401   0.00450
 631     0.800  -15786948.675  1712066   0.00407  -0.00249
 632     0.800  -15787031.060  1736762   0.00735   0.00157
 633     0.800  -15787075.308  1672988  -0.00116   0.00123
 634     0.800  -15787032.722  1683846  -0.00595  -0.00193
 635     0.700  -15787030.973  1909966  -0.00249  -0.00343
 636     0.800  -15787016.599  1559467   0.00795   0.00401
 637     0.800  -15787050.014  1474086   0.00260   0.00489
 638     0.800  -15787018.020  2064522   0.00081  -0.00363
 639     0.800  -15787025.458  1598083  -0.00568  -0.00064
 640     0.800  -15787085.003  1601816   0.00282   0.00224
 641     0.800  -15787069.738  1465899  -0.00315   0.00382
 642     0.700  -15787011.184  1622237  -0.00823   0.00064
 643     0.800  -15786984.551  2152612  -0.00484  -0.00999
 644     0.800  -15787007.284  1527832   0.00070   0.00140
 645     0.800  -15787021.815  1627338  -0.00823   0.00084
 646     0.800  -15787001.161  1684139   0.00088  -0.00072
 647     0.800  -15786927.905  2416530   0.00949  -0.01057
 648     0.800  -15786989.027  2174048  -0.00130  -0.00782
 649     0.800  -15787051.168  1801029  -0.00731  -0.00543
 650     0.800  -15787007.625  1987490  -0.00459  -0.00480
 651     0.800  -15787057.859  1799157  -0.00684  -0.00202
 652     0.800  -15787020.469  1420912   0.00044   0.00355
 653     0.800  -15787041.695  1866569   0.00398   0.00097
 654     0.800  -15786947.768  1698648   0.00112  -0.00109
 655     0.800  -15786967.607  2199880   0.00884  -0.00696
 656     0.800  -15787084.845  1212293   0.00498   0.00833
 657     0.800  -15786950.002  2024551   0.00204  -0.00516
 658     0.800  -15787112.185  1449026  -0.00014   0.00571
 659     0.800  -15787071.713  1650405   0.00076   0.00103
 660     0.800  -15787053.716  1323918   0.00683   0.00685
 661     0.800  -15786996.641  1977757  -0.00828  -0.00559
 662     0.800  -15787055.499  1933499  -0.00650  -0.00473
 663     0.800  -15787064.938  1438862  -0.00485   0.00334
 664     0.800  -15787061.625  1601986  -0.00205   0.00076
 665     0.800  -15787108.337  1616669  -0.00138   0.00114
 666     0.800  -15787036.019  1722617   0.00458  -0.00192
 667     0.800  -15787029.194  1883244   0.00424  -0.00512
 668     0.800  -15786984.272  1993150   0.01124  -0.00282
 669     0.800  -15787043.943  1972997   0.00463  -0.00418
 670     0.800  -15787016.481  1825651   0.00447  -0.00095
 671     0.800  -15787029.434  1770653   0.00374  -0.00100
 672     0.800  -15787019.295  1620906  -0.00126   0.00211
 673     0.800  -15787041.247  1902837  -0.00458  -0.00386
 674     0.800  -15787049.485  2140785   0.00186  -0.00904
 675     0.800  -15786977.893  1631290   0.00495  -0.00022
 676     0.800  -15787034.263  1514344   0.00276   0.00206
 677     0.800  -15787063.459  1442146   0.00599   0.00266
 678     0.800  -15787048.911  1437701  -0.00139   0.00371
 679     0.800  -15787040.082  1489274  -0.00012   0.00274
 680     0.800  -15787063.831  1760406   0.00650  -0.00039
 681     0.800  -15787140.087  1583044  -0.01348   0.00204
 682     0.800  -15787053.301  1434067   0.00600   0.00451
 683     0.700  -15787087.828  1578622  -0.00423   0.00276
 684     0.800  -15787005.644  1614001  -0.00322   0.00279
 685     0.800  -15787029.087  1521020   0.00415   0.00205
 686     0.800  -15787011.956  1976843  -0.00357  -0.00426
 687     0.800  -15786989.049  1988681  -0.00923  -0.00573
 688     0.800  -15787065.160  2093688   0.01634  -0.00571
 689     0.800  -15786941.108  1860875   0.00056  -0.00335
 690     0.800  -15787058.159  1621639  -0.00609   0.00016
 691     0.800  -15787076.307  1429992   0.01164   0.00547
 692     0.800  -15787126.851  1320072  -0.01820   0.00550
 693     0.800  -15787089.048  1575926  -0.00076   0.00074
 694     0.800  -15787030.354  1762691  -0.00357  -0.00176
 695     0.800  -15787010.116  1581022   0.01093   0.00134
 696     0.800  -15787116.456  1666958   0.00206   0.00010
 697     0.800  -15787043.218  1976272  -0.00235  -0.00494
 698     0.800  -15786970.770  1796036   0.00073  -0.00155
 699     0.800  -15787023.494  1743376  -0.00539  -0.00238
 700     0.800  -15786983.280  1696538   0.00357  -0.00319
 701     0.800  -15787038.411  1751515  -0.00149  -0.00024
 702     0.800  -15787006.714  1343540   0.00195   0.00560
 703     0.800  -15787053.685  1917965   0.00202  -0.00377
 704     0.800  -15787037.421  1899092  -0.00698  -0.00227
 705     0.700  -15787075.558  1856677  -0.00259  -0.00254
 706     0.800  -15787025.072  1723114  -0.00679  -0.00298
 707     0.800  -15787023.263  1553174   0.01090   0.00164
 708     0.800  -15787046.074  1580091   0.00983   0.00195
 709     0.800  -15787004.147  2025829   0.00485  -0.00471
 710     0.800  -15787056.618  1434797  -0.00360   0.00521
 711     0.800  -15786997.176  1951294   0.00045  -0.00243
 712     0.800  -15787026.861  1520277   0.00355   0.00234
 713     0.800  -15787015.922  2037352   0.00633  -0.00560
 714     0.800  -15787010.619  1756268   0.00715  -0.00142
 715     0.800  -15787028.097  1292962  -0.00359   0.00711
 716     0.800  -15786986.755  2068238  -0.00475  -0.00522
 717     0.700  -15787026.150  1831314  -0.00379  -0.00110
 718     0.800  -15786991.593  1812953   0.00432  -0.00049
 719     0.800  -15786990.488  2051468  -0.00808  -0.00501
 720     0.800  -15787063.745  1456461  -0.00114   0.00386
 721     0.700  -15787067.053  1650345  -0.00438   0.00141
 722     0.800  -15786935.653  2337767   0.00652  -0.00936
 723     0.800  -15787002.070  1846271   0.00635  -0.00038
 724     0.800  -15787003.890  1954131   0.00237  -0.00272
 725     0.800  -15786984.128  1924405   0.00150  -0.00317
 726     0.800  -15787046.561  1295827  -0.00085   0.00623
 727     0.800  -15787006.236  1483108   0.00270   0.00355
 728     0.800  -15787077.132  1448580  -0.00003   0.00328
 729     0.800  -15787050.368  1974823   0.00144  -0.00273
 730     0.800  -15787047.346  1848556   0.00787  -0.00162
 731     0.800  -15786952.855  1753667   0.00192   0.00047
 732     0.800  -15787030.257  1485042   0.01010   0.00357
 733     0.800  -15787067.874  1531784   0.00558   0.00207
 734     0.800  -15787053.820  2089083  -0.00275  -0.00528
 735     0.800  -15787076.166  1432609  -0.01123   0.00246
 736     0.800  -15787104.221  1662638  -0.00381   0.00010
 737     0.800  -15787006.817  2042040  -0.00543  -0.00542
 738     0.800  -15787056.043  1377201   0.00061   0.00561
 739     0.700  -15787088.712  1568003  -0.00225   0.00193
 740     0.800  -15787008.156  1660495   0.00657   0.00076
 741     0.800  -15787010.514  1721282   0.00641   0.00104
 742     0.800  -15787049.740  1413297   0.00447   0.00408
 743     0.800  -15787084.864  1356532   0.00716   0.00499
 744     0.800  -15786994.597  1655534  -0.00424  -0.00058
 745     0.700  -15787061.928  1488016  -0.00116   0.00420
 746     0.800  -15787001.669  1886290   0.00742  -0.00386
 747     0.800  -15787013.500  1769403   0.00178  -0.00126
 748     0.800  -15787014.403  2070149   0.00251  -0.00643
 749     0.800  -15786943.328  2142533   0.00219  -0.00631
 750     0.800  -15787056.540  1577900   0.00269   0.00122
 751     0.700  -15787076.197  1964480  -0.01187  -0.00315
 752     0.800  -15786891.585  1740248  -0.00154  -0.00155
 753     0.700  -15787085.943  1568223  -0.00003   0.00356
 754     0.800  -15786986.675  1402444   0.00803   0.00416
 755     0.800  -15786972.327  1855888   0.00219  -0.00230
 756     0.800  -15787012.827  1641396   0.00158   0.00054
 757     0.800  -15787002.964  1920834  -0.00183  -0.00127
 758     0.800  -15787001.926  1405388  -0.00599   0.00279
 759     0.800  -15787002.179  1632535   0.00352  -0.00011
 760     0.800  -15787134.775  1714299   0.00593   0.00039
 761     0.800  -15787043.863  1318565  -0.00003   0.00689
 762     0.800  -15787040.242  1390850  -0.00253   0.00420
 763     0.800  -15787061.812  1770800  -0.00293  -0.00183
 764     0.800  -15787025.890  1628617   0.00275   0.00072
 765     0.800  -15787014.217  1801017  -0.00287  -0.00142
 766     0.800  -15787048.902  1922763   0.00200  -0.00477
 767     0.800  -15787063.307  1664597   0.00811   0.00005
 768     0.800  -15787088.294  1620306  -0.00513   0.00176
 769     0.800  -15787058.275  1531304   0.00612   0.00272
 770     0.800  -15786992.051  1741468   0.00818  -0.00067
 771     0.800  -15786997.139  1773494   0.00594  -0.00211
 772     0.800  -15787065.724  1745280  -0.00190  -0.00113
 773     0.800  -15787110.299  1506184  -0.00059   0.00364
 774     0.800  -15787011.444  1746763   0.00392  -0.00199
 775     0.800  -15786970.760  2387653   0.00808  -0.01091
 776     0.800  -15787045.795  1362225   0.00268   0.00413
 777     0.800  -15787054.547  1665704   0.00675   0.00168
 778     0.800  -15787118.797  1435960  -0.00318   0.00491
 779     0.800  -15786929.220  1826608   0.00443  -0.00155
 780     0.800  -15787141.711  1562848   0.00832   0.00386
 781     0.800  -15787011.890  1883158  -0.00251  -0.00424
 782     0.800  -15786929.573  1772748   0.00143  -0.00029
 783     0.800  -15787015.648  1951798   0.00950  -0.00457
 784     0.700  -15787068.182  1640378   0.00225   0.00149
 785     0.800  -15787027.828  1825819  -0.00708  -0.00247
 786     0.800  -15786982.790  2080348   0.00324  -0.00466
 787     0.800  -15787028.852  1795369  -0.00522  -0.00121
 788     0.800  -15787056.649  1472690  -0.00650   0.00318
 789     0.800  -15787011.663  1719885   0.01593   0.00037
 790     0.800  -15787073.219  1432923   0.00589   0.00581
 791     0.800  -15787016.635  1905835   0.00525  -0.00522
 792     0.800  -15787069.744  1631938   0.00396   0.00219
 793     0.800  -15787062.152  1614074  -0.00063  -0.00063
 794     0.800  -15786976.922  1716692  -0.00790   0.00166
 795     0.800  -15787025.838  2068285   0.00142  -0.00654
 796     0.800  -15787113.611  1523905  -0.01367   0.00272
 797     0.800  -15787053.205  1546861  -0.00216   0.00186
 798     0.800  -15787039.997  1631529   0.00774  -0.00086
 799     0.800  -15787037.133  1467464   0.00719   0.00469
 800     0.800  -15787072.393  1393354  -0.00717   0.00391
 801     0.800  -15787057.103  1514687   0.00759   0.00280
 802     0.800  -15787018.888  1604590  -0.00573  -0.00068
 803     0.800  -15787056.925  1857589   0.00134  -0.00200
 804     0.800  -15787039.000  1387333  -0.00020   0.00583
 805     0.800  -15786949.269  1977519  -0.00389  -0.00376
 806     0.800  -15787032.276  1410365  -0.00127   0.00429
 807     0.800  -15787003.859  1781347  -0.00414  -0.00121
 808     0.800  -15787067.735  1461688  -0.00164   0.00296
 809     0.800  -15787016.262  1774162   0.00059   0.00024
 810     0.700  -15787023.627  1540194  -0.00186   0.00234
 811     0.800  -15787142.506  1316481  -0.01644   0.00526
 812     0.800  -15787087.970  1640737  -0.01352   0.00127
 813     0.800  -15787009.836  1751825  -0.00688  -0.00068
 814     0.800  -15787026.013  1402148   0.00316   0.00455
 815     0.800  -15787083.222  1382264  -0.00154   0.00357
 816     0.800  -15787031.805  2070087   0.00367  -0.00570
 817     0.800  -15786991.537  2004882  -0.01075  -0.00467
 818     0.800  -15786928.061  2255739  -0.00441  -0.00818
 819     0.800  -15787000.642  1909894   0.00317  -0.00532
 820     0.800  -15787060.209  1385990  -0.00266   0.00551
 821     0.800  -15787036.707  1685715  -0.00317  -0.00093
 822     0.800  -15787086.352  1368608  -0.00378   0.00420
 823     0.800  -15787037.036  1526315  -0.00461   0.00279
 824     0.800  -15787051.112  1563449   0.00561   0.00243
 825     0.800  -15787094.239  1428093   0.00697   0.00348
 826     0.800  -15787062.593  1387439   0.00074   0.00565
 827     0.800  -15787021.289  1712744  -0.00486  -0.00025
 828     0.800  -15786965.452  1904953  -0.00127  -0.00164
 829     0.800  -15787058.981  1538863   0.00070   0.00268
 830     0.800  -15787073.332  1846875  -0.00223  -0.00349
 831     0.800  -15787009.726  1696106   0.00692   0.00064
 832     0.800  -15787050.328  1782183  -0.00611  -0.00256
 833     0.800  -15787105.494  1492585   0.00287   0.00153
 834     0.800  -15787027.199  1700122   0.00505  -0.00051
 835     0.800  -15787019.072  1758659  -0.00079  -0.00154
 836     0.700  -15787136.970  1354970  -0.00097   0.00680
 837     0.800  -15787069.807  2033029   0.00264  -0.00455
 838     0.800  -15787078.491  1394001   0.00529   0.00405
 839     0.800  -15786977.151  2075465  -0.00217  -0.00677
 840     0.800  -15786992.600  1676638  -0.00105   0.00074
 841     0.800  -15787126.872  1846226  -0.00171   0.00113
 842     0.800  -15787061.436  1536477   0.00549   0.00137
 843     0.700  -15787060.959  1674470   0.01145   0.00219
 844     0.800  -15787077.495  1519030  -0.00194   0.00247
 845     0.800  -15787061.726  1836057  -0.00385  -0.00280
 846     0.800  -15786973.800  1896549   0.00604  -0.00421
 847     0.800  -15787066.543  1685998  -0.00121  -0.00016
 848     0.800  -15787018.336  1420406  -0.00216   0.00356
 849     0.800  -15786977.892  2017693   0.00361  -0.00308
 850     0.800  -15787065.942  1801800   0.00690  -0.00077
 851     0.800  -15787033.096  1514724   0.00264   0.00229
 852     0.800  -15787036.188  1933312  -0.00123  -0.00435
 853     0.800  -15787075.135  1805509   0.00168  -0.00123
 854     0.800  -15787051.558  1745729   0.01362  -0.00098
 855     0.800  -15787012.735  1815090   0.00043  -0.00046
 856     0.800  -15786978.828  1740725   0.00599  -0.00232
 857     0.800  -15787016.684  2231588   0.00622  -0.00944
 858     0.800  -15786999.067  1697759  -0.00705  -0.00185
 859     0.800  -15787064.157  1716588   0.00249  -0.00114
 860     0.800  -15787021.394  1525282   0.00185   0.00228
 861     0.800  -15787059.215  1945839  -0.00170  -0.00245
 862     0.800  -15787018.654  1517149   0.00679   0.00302
 863     0.800  -15787109.623  1432360  -0.00137   0.00555
 864     0.800  -15786967.016  1924109  -0.00187  -0.00607
 865     0.800  -15787080.790  1787516  -0.00156  -0.00167
 866     0.800  -15787004.899  1465952   0.00347   0.00567
 867     0.800  -15787069.998  1437230  -0.00523   0.00432
 868     0.800  -15787078.179  1512202   0.00628   0.00220
 869     0.800  -15787087.104  1649731  -0.01458   0.00084
 870     0.800  -15787060.116  1430169  -0.00497   0.00296
 871     0.800  -15787021.150  1884326  -0.00068  -0.00382
 872     0.800  -15786973.683  2182543   0.00833  -0.00823
 873     0.800  -15786999.858  2120786   0.01300  -0.00890
 874     0.800  -15786957.262  1849465   0.00875  -0.00367
 875     0.800  -15787058.378  1349176  -0.00621   0.00522
 876     0.800  -15786931.450  1894474   0.00136  -0.00312
 877     0.800  -15787048.049  1444613  -0.00367   0.00321
 878     0.800  -15787114.671  1713617  -0.00249  -0.00175
 879     0.800  -15787081.218  1316495  -0.00527   0.00599
 880     0.800  -15786960.927  1395807   0.00371   0.00360
 881     0.800  -15787031.723  1510491  -0.00664   0.00418
 882     0.800  -15787018.348  2088545   0.00200  -0.00662
 883     0.800  -15787139.381  1513691   0.00420   0.00290
 884     0.800  -15787032.229  1808091   0.00438  -0.00138
 885     0.800  -15787093.605  1526076  -0.00075   0.00156
 886     0.800  -15787024.804  1381392   0.00031   0.00549
 887     0.800  -15786992.249  1746545  -0.00317  -0.00291
 888     0.800  -15786984.609  1729374  -0.00236  -0.00095
 889     0.800  -15787052.229  1554900   0.00428   0.00213
 890     0.800  -15787004.000  1917363  -0.00217  -0.00286
 891     0.800  -15787034.654  1750337   0.00122  -0.00263
 892     0.800  -15787115.721  1622746  -0.00856   0.00047
 893     0.800  -15787024.628  1724682  -0.00641  -0.00070
 894     0.800  -15787016.424  1977496   0.00375  -0.00385
 895     0.800  -15787049.695  1988082  -0.00343  -0.00604
 896     0.800  -15787082.851  1801961  -0.01113  -0.00157
 897     0.800  -15786971.390  2169170   0.00276  -0.00852
 898     0.800  -15787058.576  1512568   0.00417   0.00389
 899     0.800  -15787020.235  1753705   0.00717  -0.00057
 900     0.800  -15787065.874  1779423  -0.00911  -0.00101
 901     0.800  -15786976.612  2105696  -0.00299  -0.00674
 902     0.800  -15787031.245  1818632   0.00020  -0.00079
 903     0.800  -15787064.899  1874118   0.00392  -0.00255
 904     0.800  -15787026.487  1439173   0.00747   0.00399
 905     0.800  -15787059.177  2116521  -0.00365  -0.00723
 906     0.800  -15787077.131  1653512   0.00241   0.00013
 907     0.800  -15787156.961  1171345  -0.00859   0.00758
 908     0.800  -15787080.286  1563503  -0.00983   0.00287
 909     0.800  -15787025.283  1835287  -0.00292  -0.00259
 910     0.800  -15787057.856  1416156  -0.00668   0.00263
 911     0.800  -15787092.618  1865479  -0.00999  -0.00024
 912     0.800  -15787046.486  1692712   0.00259  -0.00077
 913     0.800  -15787071.810  1768567   0.01097   0.00060
 914     0.800  -15787009.983  1774360   0.00408  -0.00117
 915     0.800  -15786965.700  1975260   0.00538  -0.00571
 916     0.800  -15786986.208  2002103  -0.00019  -0.00350
 917     0.800  -15787016.430  1328852   0.00011   0.00345
 918     0.800  -15787106.501  1427389  -0.00204   0.00363
 919     0.800  -15787074.712  1564596  -0.00381   0.00291
 920     0.800  -15787041.215  2053897  -0.00442  -0.00729
 921     0.800  -15786966.377  2027356   0.00740  -0.00576
 922     0.800  -15787043.378  1656775  -0.00579  -0.00057
 923     0.800  -15787014.471  1441596  -0.00388   0.00262
 924     0.800  -15787105.903  1250214  -0.00518   0.00768
 925     0.800  -15787050.500  1703447   0.00204  -0.00000
 926     0.800  -15786992.389  1929571  -0.00290  -0.00521
 927     0.800  -15787027.495  1617201  -0.00525   0.00217
 928     0.800  -15787062.469  1632454  -0.00753  -0.00031
 929     0.800  -15787069.964  1394919   0.00608   0.00464
 930     0.800  -15787021.064  1638083   0.00328   0.00169
 931     0.800  -15787043.022  1420437   0.00386   0.00505
 932     0.800  -15787025.606  2138829  -0.00495  -0.00805
 933     0.800  -15787049.793  2037124   0.00205  -0.00638
 934     0.800  -15787033.325  2085818  -0.00829  -0.00682
 935     0.800  -15786975.988  2084094  -0.00099  -0.00758
 936     0.800  -15787076.292  1661350   0.01081   0.00024
 937     0.800  -15787126.532  1624561  -0.00864   0.00005
 938     0.800  -15787030.201  1437920  -0.00489   0.00363
 939     0.800  -15787008.481  1331746   0.00819   0.00442
 940     0.800  -15787023.977  1527978  -0.00507   0.00175
 941     0.800  -15787014.410  1365279  -0.00287   0.00402
 942     0.700  -15787047.954  1375407  -0.00188   0.00453
 943     0.800  -15786970.518  1497948  -0.00036   0.00388
 944     0.800  -15787096.150  1466215  -0.00100   0.00455
 945     0.800  -15786975.218  1802265   0.00432  -0.00239
 946     0.800  -15787051.802  1738176  -0.00282  -0.00191
 947     0.800  -15786994.785  1963737   0.00309  -0.00407
 948     0.800  -15787076.043  1419711  -0.00368   0.00377
 949     0.800  -15787034.548  1661613   0.00312   0.00017
 950     0.800  -15787027.854  1488651   0.00838   0.00269
 951     0.800  -15787090.872  1909000  -0.00808  -0.00471
 952     0.800  -15787054.293  1541763   0.00250   0.00362
 953     0.800  -15787059.883  1476272   0.00377   0.00434
 954     0.800  -15786989.771  1976641   0.00284  -0.00403
 955     0.800  -15787045.128  1834481  -0.01101  -0.00311
 956     0.800  -15787016.680  1796261   0.00477  -0.00337
 957     0.800  -15786964.815  1510750   0.00293   0.00240
 958     0.800  -15787014.043  1965131   0.01075  -0.00710
 959     0.800  -15787017.401  1673307  -0.00524  -0.00101
 960     0.800  -15786892.510  2069353   0.00563  -0.00460
 961     0.800  -15786997.514  1716000  -0.00279  -0.00096
 962     0.800  -15786981.154  1808628  -0.00550  -0.00233
 963     0.800  -15787053.048  1693128   0.00065  -0.00232
 964     0.800  -15787033.525  1864752   0.00279  -0.00319
 965     0.800  -15786958.972  1558999   0.00463   0.00333
 966     0.800  -15787051.228  1451769  -0.00055   0.00480
 967     0.800  -15787003.078  1713920   0.00141   0.00118
 968     0.800  -15787033.624  1677398  -0.00341  -0.00117
 969     0.800  -15787015.993  1494621   0.00245   0.00318
 970     0.800  -15787039.263  1481131   0.00461   0.00417
 971     0.800  -15787069.175  1722853   0.00291  -0.00003
 972     0.800  -15787128.897  1505105  -0.01016   0.00430
 973     0.800  -15787020.734  1912585   0.00166  -0.00552
 974     0.800  -15786981.567  1924680   0.00668  -0.00479
 975     0.800  -15787030.278  1758031  -0.00693  -0.00134
 976     0.800  -15787023.943  2106243  -0.00019  -0.00648
 977     0.800  -15787017.465  1990915  -0.00274  -0.00352
 978     0.800  -15787018.074  1702976  -0.00299   0.00131
 979     0.800  -15787003.987  1724405   0.00349   0.00132
 980     0.800  -15787065.545  1855490   0.00944  -0.00214
 981     0.800  -15787025.789  1380530  -0.00417   0.00501
 982     0.800  -15787046.578  1660730  -0.00948   0.00101
 983     0.800  -15787066.158  1588581  -0.00578   0.00103
 984     0.800  -15787098.889  1335576  -0.00390   0.00660
 985     0.800  -15787076.491  1423957  -0.00297   0.00402
 986     0.800  -15787062.050  1806854   0.00386  -0.00308
 987     0.800  -15787052.181  1769560   0.00408  -0.00117
 988     0.800  -15787014.107  1767614  -0.00175   0.00064
 989     0.800  -15787103.235  1555990   0.00272   0.00184
 990     0.800  -15787090.742  1477814  -0.00494   0.00392
 991     0.800  -15787096.529  1845808   0.00133  -0.00176
 992     0.800  -15787023.621  1752813   0.00356  -0.00221
 993     0.800  -15787014.957  1722289   0.00083  -0.00215
 994     0.800  -15787042.388  1591579   0.00765   0.00104
 995     0.800  -15787001.319  1413612   0.00230   0.00390
 996     0.800  -15787099.005  1594702   0.00243   0.00221
 997     0.800  -15787037.354  1929026  -0.00217  -0.00290
 998     0.800  -15787110.906  1243001  -0.00710   0.00595
 999     0.800  -15786986.732  2025223   0.00287  -0.00459
1000     0.800  -15786912.794  1896313   0.00794  -0.00357
