109 781 1
>1_1
00000000000010100000000001000100000000000000000000
00000000000000000000000000000010000000000000000000
10000000000001001100000000000000000000000000000001
11000000000000010000000000000000000000000000000000
01000000000010000000000000000000000000000000100001
00100001000000000000100000000000000000000000001001
00010000000000000000000010000000001000000001000000
00000000000000100000011000000000010000000000000000
10000000000000000000000010000000010000000000000001
00000000000000000010000000000000000001000000000000
00000000000000000100000000000000000000000000000001
G1010000001000000010100010000000100000000000000000
00000000000000000000000001000000010000000000000T00
00000100000000000000000000000000000010010000000000
00000000000000000000000000000000000000100000000000
1000000000000000000000000000010
>1_2
00000000000000100000000001000100000000000000000000
00000000000000000000000000000010000000000000000000
00000000000001001100000000000000000000000000000000
11000000000000010000000000000000000000000000000000
01000000000010000000001000000000000000000000100001
00100000000010000000100000000000000000000000001001
00010000001000000000000010001001001000000001000000
00000000000000000000011000000000010000000000000000
10000000000000000000000000000000000000010000000001
00000000000000000000000000000000000001000000000001
00000000000000000100000000000000000000000000000001
G0010000001000000000100010000000100000000010000000
00000000000000000000000001000000010000000000000T01
00000100000000000000000000000001000010010000000000
00000000000000000000000000000000000001100000000000
0000000000000000000000000000010
>1_3
00000000000100000000000000000000000000000010000000
01001000000000000000000001000000000000000000000000
00000000000000100000000000001000100001000000000100
00000000000000000000001000000000000000000010000000
00000000001000000000000000000001000000000001000000
00000000000000100000000000000000000000000000000000
00000000100000000000010000010000000000000000000010
00000010000000000000000000000000000000000000000000
00000000000000000000000000000000000000000000000000
00000000000000000001000000000000000000000000000000
00001000000000000000001000000000001000000000000000
T0000000000000000000000000000000000000000000010001
00000000000000000000000000000000000000000000000T00
00000000100000000000000000000000000000001001010010
00000000000100000000000100000000000010000100000000
0000000000000000000000000000100
>1_4
10000000000001100000000001000100000000000000000000
00000000000000000000000000000010000000000000000000
00000000000001001100000000000000000000000000000000
11000000000000010000000000000000000000100001000000
01000000000010000000000000000000000000000000100001
00100000000000000000100000000000000000000000001001
00010010000000000000000010000000001000000001000000
00000000000000000010011000000000010000000000000000
10000000000000000000000000000000000001000000000001
00000000000000000000000000000000000001000000000000
00000000000000000100000000000001000000000000000001
G0010000001001000000100010000010100000000000000000
00000000000000000000000001000000010000000001000T00
00000100000000001000000000000010000010010000000000
00000000000000000000000000000000000000100000000000
0000000000000000000000000000010
>1_5
00000000000100000000000000000000000000000010000000
01001000000000000000000001000000000000000000000000
00000000000000100000000000001000100001000000000100
00000000000000000000001000000000000000000010000000
00000000001000000000000000000001000000000001000000
00000000000000100000000000000000000000000000000000
00000000100000000000010000000000000000000000000010
00000010000000000000000000000000000000000000000000
00000000000000000000000000000000000000000000000000
00000000000000000001000000000000000000000000000000
00001000000000000000001000000000001000000000000000
T0000000000000000000000000000000000000000000010001
00000000000000000000000000000000000000000000000T00
00000000100000000000000000000000000000001000010010
00000000000100000000000100000000000010000100000000
0000000000000000000000000000100
>1_6
00000001000001100000000001000100000000000000000000
00000000000000000000010000000010000000000000000000
00000000000001001100010010010000000000000000000000
11000000000000010000000000000000000000000000000000
01000000000010000000000000000000000000000000100001
00100000000000000000100000000000000000000000001001
00010010000000000000000010000000001000000001001000
00000000000000000000011000001000010000000000000000
10000000000000000000000000001000000001000000000001
00000000000000000000000000000000000001000000000000
00000000000000001100000000000001000000000000000001
G0010000001001000000100010000010100000000000000000
00000000000000000000000001000000010000000000000T00
00000100000000010000000000000010000010010000000000
00000000000000000000000000000000000000100000000000
0000000000010000000000000000010
>1_7
00000000000001100000000001000100000100000000001000
00000000000000000000000000000010000000000100000000
01000000000001001100000000000000000000000000010000
11000001000000010000000000000000000000100000000000
01000000000010000000000000000000000000000000100001
00100000000000000000100000000000000000000000001001
00010010000000000000000010000010001000000001000000
00000000100000000000011000000000010000000000000000
10000000000000000000000000000000000001000000000001
00000000000000000000000000000000000001000000000000
00000000000000000100000000000001000000000000000001
G0010000001001000000100010000010100000000000000000
00001000000000000000000001000000010000000000000T00
00000100000000001000000000000010000010110000000000
00000000000000000000000000000000000000100000000000
0000000000000000000000000000010
>1_8
00000000000001100000000001000100000000000000000000
00000000000000000000000000000010000000000000000000
00000000000001001100000000000000000000000000000000
11000000000000010000000000000000000000100000000000
01000000000010000000000000000000000000000000100001
00100000000000000000100000000000000000000000001001
00010010000000000000100010000000001000000001000000
00000000000000000000011000000000010000000000000000
10000000000000000000000000000000000001000000000001
00000000010000000000000000000000000001000000000000
00000000000000000100000000000001000000010000000001
G0010000001001000000100010000010100000000000000000
00000000000000000000000001000000010000000000010T00
00000100000000001000000000010010000010110000000000
00000000000000000000000000000000000000100000000000
0000000000000000000000000000010
>1_9
00100000000010100000000001000100000000000000000000
00000000000000000000000000000010010000000000000000
00000000010001001100000000000000000000000000000000
11001000000000010000000000000000000000000000000000
01000000000010000000000000000000000000000000100001
00100000000000000000100000000000000000000000001001
00010000000000000000000010000000001000000001000000
00000000000000100000011000000000010000000010000000
10000000000000000000000000000000000000000000000001
00000000000000000010000000000000000001000000000000
10000000000000000100000000000000000000000000000001
G1010000001000000010100010000000100000000000000000
00000000000000000010000001000000010000000000000T00
00000100000000000000000000000000000010010000000000
00000000000000000000000000000100000000110000000000
0000000000000000000000100000010
>1_10
00000000000001100000000001000100000000000000000000
00000000000000000000000000000010000000000000000000
00000000000001001100000010010000000000000000000000
11000000000000010000000000000000000000000000000000
01000000000010000000000000000000000000000000100001
00100000000000000000100000000000000010000000001001
00010010000000000000000010000000001000000001001000
00000000000001000000011000000000011000000000000000
10000000000000000000000000000000000001000000000001
00000000000000000000000000000000000001000000000000
00000000000000000100010000000001000000000000000001
G0010000001001000000100010000010100000000000000000
00000000000000000000000001000001010000000000000T00
00000100000000000000000000000010000010010000000000
00000000000000000000000000000001000000100000000000
0000000100010000000000000000010
>1_11
00000000000000100000000001000100000000000000000000
00000000000000000000000000000010000000000000000000
00000000000001001100000000000000000000000000000000
11000000000000010000000000000000000000000000000000
01000000000010000000001000000000000000000000100001
00100000000010000000100000000000000000000000001001
00010000001000000000000010001001001000000001000000
00000000000000000000011000000000010000000000000000
10000000000000000000000000000000000000010000000001
00000000000000000000000000000000000001000000000001
00000000000000000100000000000000000000000000000001
G0010000001000000000100010000000100000000010000000
00000000000000000000000001000000010000000000000T01
00000100000000000000000000000001000010010000000000
00000000000000000000000000000000000001100000000000
0000000000000000000000000000010
>1_12
00000000000001100000000001000100000000000000000000
00000000000000000000000000000010000100000000000000
00000000000001001100000000000000000000000000000000
11000000000000010000000000000000000000100000000000
01000000000010000000000000000000000000000000100001
00100000000000000000100000000000000000000000001001
00010010000000000000000010000000001000000001000000
00000000000000000000011000000000010000000000000000
10000001000000000000000000000000000001000000000001
00000000000000000000000000000000000001000000000000
00000000000000000100000110000001000000000000000001
G0010000001001000000100010000010100000000000000000
00000000000000000000000001000000010000000000000T00
00000100000000001000000000000010000010010000000000
00000000000000000000000000000000000000100000000000
0000000000000000000000000000010
>1_13
00000000000000000000000000000000000000100000000000
00000000000000000000000000000100000001000000100000
00000000000010000010000000000000000000010000000000
00000000001000000000010000001000000000000000000000
00000000010000000000000000100010000000000000000000
00000000000000000000000000000000000000000000000100
00000000000000000000000000000000000000000000010001
10010000000000010000000001010000000000000000000000
00000000001000000000000000010000001010000010000000
00000000000100000000000000100000001000000000000000
00000100000000000010100000000000010000000000000000
T0000100000000000000000000000001000001100000000000
00000000000000000000000000000000000000000000000T00
00000000000000000000000000000000000000000000000000
00000001010000000000000010000000000000000000010001
0100000000000000000000000100000
>1_14
00000000000010100000000001000100000000000000000000
00000000000001000000000000000010000000000000000000
00000000000001001100000000000000000000000000000001
11000000000000010000000000000000000000000000001000
01000000000010000000000000000000000000000000100001
00100001000000000000100000000000000000000000001001
00010000000000000000000010100000001000000001000000
00000000000000100000011000000000010000000000000000
10000000000000000000000010000000010000000000000001
00000000000000000010000000000000000001000000000000
00000000000000000100000000001000000000000000000001
G1010000001000000010110010000000100000000000000000
00000000000000000000000001000000010000001000000T00
00000100000000000000000000001000000010010000000000
00000000000000000000000000000000000000100000000000
0000000000000000000000000000010
>1_15
00000000000010100000000001000100000000000000000000
00000000000000000000000000000010000000000000000000
00000000000001001100000000000000000000000000000001
11000000000000010000000000000000000000000000000000
01000000000010000000000000000000000000000000100001
00100001000000000000100000000000000000000000001001
00010000000000000000000010000000001000000001000000
00000000000000100000011000000000010000000000000000
10000000000000000000000010000000010000000000000001
00000000000000000010000000000000000001000000000000
00000000000000000100000000000000000000000000000001
G1010000001000000010100010000000100000000000000000
00000000000000000000000001000000010000000000000T00
00000100000000000000000000000000000010010000000000
00000000000000000000000000000000000000100000000000
1000000000000000000000000000010
>1_16
10000000000001100000000001000100000000000000000000
00000000000000000000000000000010000000000000000000
00000000000001001100000000000000000000000000000000
11000000000000010000000000000000000000100001000000
01000000000010000000000000000000000000000000100001
00100000000000000000100000000000000000000000001001
00010010000000000000000010000000001000000001000000
00000000000000000000011000000000010000000000000000
10000000000000000000000000000000000001000000000001
00000000000000000000000000000000000001000000000000
00000000000000000100000000000001000000000000000001
G0010000001001000000100010000010100000000000000000
00000000000000000000000001000000010000000001000T00
00000100000000001000000000000010000010010000000000
00000000000000000000000000000000000000100000000000
0000000000000000000000000000010
>1_17
10000000000001100000000001000100000000000000000000
00000000000000000000000000000010000000000000000000
00000000000001001100000000000000000000000000000000
11000000000000010000000000000000000000100001000000
01000000000010000000000000000000000000000000100001
00100000000000000000100000000000000000000000001001
00010010000000000000000010000000001000000001000000
00000000000000000000011000000000010000000000000000
10000000000000000000000000000000000001000000000001
00000000000000000000000000000000000001000000000000
00000000000000000100000000000001000000000000000001
G0010000001001000000100010000010100000000000000000
00000000000000000000000001000000010000000001000T00
00000100000000001000000000000010000010010000000000
00000000000000000000000000000000000000100000000000
0000000000000000000000000000010
>1_18
00000000000100000000000000000000000000000010000000
01001000000000000000000001000000000000000000000000
00000000000000100000000000001000100000000000000100
00000000000000000000001000000000000000000010000000
00000000001000000000000000000101000000000000000000
00000000000000100000000000000000000000000000000000
00000000100000000000000000000000000000000000000010
00000010000000000000000000000000000000000000000000
00000000000000000000000000000000000000000000000000
00000000000000000001000000000000000000000000000000
00001000000000000000001000000000001000000000000000
T0000000000000000000000000000000010000000000010001
00000000000010000000000000000000000000000000000T00
01000000100000000000000000000000000000001000010010
00000000000100000000000100000000000010000100000000
0000000000000000000000000000100
>1_19
10001000000001100000000001000100000000000000000000
00000000000000000000000000000010000000000000000000
00000000000001001100000000000000000000000000000000
11000000000000010000000000000000000000100001000000
01000000000010000000000000000000000000000000100001
00100000000000000000100000000000000000000000001001
00010010000000000000000010000000001000000001000000
00000000000000000000011000000000010000000000000000
10000000000000000000000000000000000001000000000001
00000000000000000000000000000000000001000000000000
00000000000000000100000000000001000000000000000001
G0010000001001000000100010000010100000000000000000
00000000000000000000000001000000010000000001000T00
00000100000000001000000000000010100010010000000000
00000000000000000000000000000000000000100000000000
0000000000000000000000000000010
>1_20
00000000000000000000000000000000000000000000000000
00000000010000000000000000000100000001000000100000
00000000000000010010000000000000000000010000000000
00000000001000000000010000001000000000000000000000
00000000010000000000000000000010000000000000000000
00000000000000000000000000000000000000000000000010
00000000000000000000000000000000000000000000010001
10010000000000000000000001010000000000000000100000
00000000001000000000000000010000001010000010000000
00000000000000000000000000000000001000000000000000
00000100000000000010100000000000010000000000000000
T0000100000000000000000000000001000001100000000000
00000000000000000000000000000000000000000000000T00
00000000000000000000000000000000000000000000000000
00000001010000000001000010000000000000000000000001
0100000000000000000000000100000
>2_1
00000000000100000000000000000000000000000010000000
01001000000000000000000001000000000000000000000000
00010000000000000000000000000000000000000000000000
00000000000000000000000000000000000000000000000000
00000000001000000001000000000000010000000000000000
10000000000000100000000000000000000000000000000000
00000000000000000000000000000000000000000000000000
00000000000000001000000000000000000000001000000000
00000000000000000000000000000000000100000000000000
00000000000000000001000000000000000000100000000000
00000000000000000000001000000000001000100000000000
T0000000000000000000000000000000000000000000010001
00000100010000000000000000000000000000000000000T00
00000000100000000000000000000000000000000000010000
00000000000000000000000000000000000000000100000000
0001000000000000000000000001100
>3_1
00000000000100000000000000000000000000000010000000
01001000000000000000000001000000000000000000000000
00010000000000000000000000000000000000000000000000
00000000000000000000000000000000000000000000000000
00000000001000000001000000000000000000000000000000
10000000000000100000000000000000000000000000000000
00000000000000000000000000000000000000000000000000
00000000000000001000000000000000000000001000000000
00000000000000000000000000000000000100000000000000
00000000000000000001000000000000000000100000000000
00000000000000000000001000000000001000100000000000
T0000000000000000000000000000000000000000000010001
00000100010000000000000000000000000000000000000T00
00000000100000000000000000000000000000000000010000
00000000000000000000000000000000000000000100000000
0000000000000000000000000001100
>4_1
00000000000000100000000001000100000000000000000000
00000001000000000000000000000010000000000000000000
00000000000001001100000000000000000000000000000000
11000000000000010000000000000000000000000000000000
01000000000010000000000000000000000000100000100001
00101000000010000000100000000000000000000000001001
00010000001000000000000010000001001000000001000000
00000000000000000000011000000000010000000000000000
10000000000000000000000000000000000000000000000001
00000000000000000000000000000000000001000000000000
00000000000000000100000000000000000000000000000001
G0010000001000000000100010000000100000000000000000
00000000000000000000000001000000010000000000000T00
00000100000000000000100000000000000010010000000000
00000000000000000000000000000000000001100010000000
0000000000000000000000000000010
>5_1
00100000000010100000000001000100000000000000000000
00000000000000000000000000000010010000000000000000
00001000000001001100000000000000000000000000000000
11000000000000010000000000000000000000000000000000
01000000000010000000000000000000000000000000100001
00100000000000000000100000000000000000000000001001
00010000000000000000000010000000001000000001000000
00000000000000100000011000000000010000000000000000
10000000000000000000000000000000000000000000000001
00000000000000000010000000000000000001000000000000
00000000000000000100000000000000000000000000000001
G1010000001000000010100010000000100000000000000000
00000000000000000000000001000000010000000000000T00
00000100000000000000000000000000000010010000001000
00000000000000000000000000000000000000100000000000
0000000000000000000000100000010
>6_1
00100000000010100000000001000100000000000000000000
00000000000000000000000000000010010000000000000000
00000000000001001100000000000000000000000000000000
11000000000000010000000000000000000000000000000000
01000000000010000000000000000000000000000000100001
00100000000000000000100000000000000000000000001001
00010000000000000000000010000000001000000001000000
00000000000000100000011000000000010000000000000000
10000000000000000000000000000000000000000000000001
00000000000000000010000000000000000001000000000000
00000000000000000100000000000000000000000000000001
G1010000001000000010100010000000100000000000000000
00000000000000000000000001000000010000000000000T00
00000100000000000000000000000000000010010000000000
00000000000000000000000000000000000000100000000000
0000000000000000000000100000010
>7_1
00000000000000000000000000000000000000000000000000
00000000000000000000000000000100000001000000100000
00000000000000000010000000000000000000000000000000
00000000001000000000010000001000000000000000000000
00000000000000000000000000000010000000000000000000
00000000000000000000000000000000000000000000000000
00000000000000000000000000000000000000000000010000
00010000000000000000000001010000000000000000000000
00000000001000000000000000000000001010000010000000
00000000000000000000000000000000001000000000000000
00000100000000000000100000000000010000000000000000
T0000100000000000000000000000001000001100000000000
00000000000000000000000000000000000000000000000T00
00000000000000000000000000000000000000000000000000
00000001010000000000000010000000000000000000000001
0100000000000000000000000100000
>8_1
00000000000100000000000000000000000000000010000000
01001000000000000000000001000000000000000000000000
00010000000000000000000000000000000000000000000000
00000000000000000000000000000000000000000000000000
00000000001000000001000000000000000000000000000000
10000000000000100000000000000000000000000000000000
00000000000000000000000000000000000000000000000000
00000000000000000000000000000000000000001000000000
00000000000000000000000000000000000100000000000000
00000000000000000001000000000000000000100000000000
00000000000000000000001000000000001000100000000000
T0000000000000000000000000000000000000000000010001
00000100010000000000000000000000000000000000000T00
00000000100000000000000000000000000000000000010000
00000000000000000000000000000000000000000100000000
0000000000000000000000000001100
>9_1
00000000000000100000000001000100000000000000000000
00000000000000000000000000000010000000000000000000
00000000000001001100000000000000000000000000000000
11000000000000010000000000000000000000000000000000
01000000000010000000000000000000000000000000100001
00100000000000000000100000000000000000000000001001
00010000000000000000000010000000001000000001000000
00000000000000000000011000000000010000000000001000
10000000000000000000000000000000000000000000000001
00000000000000000000000000000000000101000000000000
00000000000000000100000000000000000000000000000001
G0010000001000000000100010000000100000000000000000
00000000000000000000000001000000010000000000000T00
00000100000000000000000000000000000010010000000000
00000000000000000000000000000000000001100000000000
0000000000000000000000000000010
>10_1
00000000000000000000000000010000001000000100000000
00000000000000000000000000000100000000000000000000
00000000000000000010000000000000000000000010000000
00000000001000000000010000000001000000000000000000
00000000000000000000000101000010000000000000000000
00000000000000000000000000000000000000000000000000
00000000000000000000000000000000000001000000010000
00010000000000000000000001010000000000000000000100
00000000001000000100000000000000001010000000000000
00000110000000000000000100000001000000000000000000
00000100000000000000100000000000010000000000000000
T0000100000000000000000000000001000001100000000000
00000000000000000000000000000000000000000000000T00
00000000000000000000000000000000000001000000000000
00000001000000000000000000000000000000000000000000
0110000000000000000000000000000
>11_1
00000000000000000000000000000000000000000000000000
00000000000000000000000000000100000001000000100000
00000000000000000010000000000000000000000000000000
00000000001000000000010000001000000000000000000000
00000000000000000000000000000010000000000000000000
00000000000000000000000000000000000000000000000000
00000000000000000000000000000000000000000000010000
00110000000000000000000001010000000000000000000000
00000000001000000000000000000000001010000010000000
00000000000000000000000000000000000000000000000000
00000100000000000000100000000000010000000000000000
T0000100000000000000000000000001000001100000000000
00000001000000000000000000000000000000000000000T00
00000000000000000000000100000000000000000000000000
00000001010000000000000010000000000000000000000001
0100000000000000000000000100000
>12_1
00000000000000000000000000000000001000000000000000
00000000000000000000000000000100000000000000000000
00000010000000000010000000000000000000000000000000
00000000001000000000010000000001000000000000000000
00000000000000000000000000000010000000000000000000
00000000000000000000000000000000000000000000000000
00000000000000000000000000000000000000000000010000
00010000000000000000000001010000000000000000000000
00000000001000000010000000000000001010000000000000
00000100000000000000000000000000000000000000000000
00000100000000000000100000000000010000000000000000
T0000100000000000000000000000001000001100000000000
00000000000000000000000000000000000000000000000T00
00000000000000000000000000000000000001000000000000
00000001000000000000000000000000000000000000000000
0110000000000000010000000000000
>12_2
00000000000100000000000000000000000000000010000000
01001000000000000000000001000000000000000000000000
00000000000000000000000000000000000000000000000000
00000000000000000000000000010000000000000000010000
00000000001000000000000000000000000000000000000000
00000000000000100000000000100000000000000000000000
00000000000000000000000000000000000000000000000000
00000000000000000000000100000000000000000000000000
00000000000000000000000000000000000100000000000000
00000000000000000001000000000000000000000000000000
00100000000000000000001000000000001000000000000000
T0000000000000000000000000001000000000000000010001
00000000000000000000000000000000000000100000000T00
00000000100000000000000000000000000000000000000000
00000000000000100000000000000000000000000100000000
0000000000000000000000000000100
>12_3
00000000000100000000000000000000000000000010000000
01001000000100000000000001000000000000000000000000
00000000000000000000000000000000100000000000000000
00000000000000000000000000000000000000000010000000
00000000001000000000000000000000000000000000000000
00000000000000100000000000000000000000000000000000
00000000100000000000000000000000000000000000000010
00000000000000000000000000000000000000000000000000
00000000000000000000000000000000000000000000000000
00000000000000000001000000000000000000000000000000
00001000000000000000001000000000001000000000000000
T0000000000000000000000000000000000000000000010001
00000000000000000000000000000000000001000000000T00
00000000100000000000000000000000000000001000000000
00000000000100000000000000000000000010000100000000
0000000000000000000000000000100
>12_4
00000000000000100000000001000100000000000000000000
00000000000000000000000000000010000000000000000000
00000000000001000100000000000000000000000000000000
11000000000000010000000000000000000000000000000000
01000000000010000000000000000000000000000000100001
00100000000000000000100000000000000000000000001001
00010000000000000000000010000000001000000001000000
00000000000000000000011000000000010000000000000000
10000000000000000000000000000000000000000000000001
00000000000000000000000000000000000001000000000000
00000000000000000100000000000000000000000000000001
G0010000001000000000000010000000100000000000000000
00000000000000000000000001000000010000000000000T00
00000100000000000000000000000000000010010000000000
00000000000000000000000000000000000000100000000000
0000000000000000000000000000010
>13_1
00000000010000001100000010000000010001001000010001
10010100101010000000101000110001100000000001001000
00000000001100000000001001000100010000100000000000
00010000000111001101000000000000001010000000100000
00011010000000010100000000000000000000001000000010
00010000000100001000000000001100001100011010000000
00100000000000000000000001000100010000011100000000
00001000010100000001100000000000000000000000000000
00000000000000010000000000000100100000000000101000
00001000000010000000000000000100000000000000100000
01000000100000010000000000000000000010000000101100
T0000011100000000001000000000100000000000100000000
00000000000001100000010100001000000010000000000T10
00000010000101000011001000000000000100000000000100
11000100000000000000100000010000110000000000000000
0000000010001011001101000000000
>14_1
00000000000000000000000000000000001000000000000000
00000000000000000000000000000100000000000000000000
00000000000000000010000000000000000000000000000000
00000000001000000000010000000001000000000000000000
00000000000000000000000000000010000000000000000000
00000000000000000000000000000000000000000000000000
00000000000000000000000000000000000000000000010000
00010000000000000000000001010000000000000000000000
00000000001000000000000000000000001010000000000000
00000100000000000000000000000001000000000000000000
00000100000000000000100000000000010000000000000000
T0000100000000000000000000000001000001100000000000
00000000000000000000000000000000000000000000000T00
00000000000000000000000000000000000001000000000000
00000001000000000000000000000000000000000000000000
0110000000000000000000000000000
>14_2
00000000010000001100000010000000010001001000010001
10010100101010000000101000110001100000000001001000
00000000001100000000001001000100010000100000000000
00010000000111001101000000000000001010000000100000
00011010000000010100000000000000000000001000000010
00010000000100001000000000001110001100011010000000
00100000000000000000000001000100010000011100000000
00001000010100000001100000000000000000000000000000
00010000000000010000000000000100100000000000101010
00001000000010000000000000000100000000000000100000
01000000100000010000000000000000000010000000100100
T0000011100000000001000000000100000000000100000000
00000000000001100000010100001000000010000000000T10
00000010000101000011001000000000000100000000000100
11000100000000000000100000010000110000001000000000
0000000010001011001101000000000
>15_1
00000000000100000000000000000000000000000010000000
01001000000000000000000001000000000000000000000000
00000000000000000000000000000000000000000000000000
00000000000000000000000000000000000000000010000000
00100000001000000000000000000000000000000000000000
00000000000000100000000000000000000000000000000000
00000000100000000000000000000000000000000000000000
00000000000000000000000000000000000000000000000000
00000000000000000000000000000000000000000000000100
00000000000000000001000000000000000000000000000000
00000000000000000000001000000000001000000000000000
T0000000000000000000000000000000000000000000010001
00000000000000000000000000000000000000000000000T00
00000000100000000000000000000000000000000000000000
00000000000000000000000000000000000010000100000000
0000000000000000000000000000100
>15_2
00000000000100000000000000000000000000000010000000
01001000000000000000000001000000000000000000000000
00000000000000000000000000000000000000000000000000
00000000000000000000000000000000000000000000000000
00000000001000000000000000000000000000000000000000
00000000000000100000000000000000000000000000000000
00000000000000000000000000000000000000000000000000
00000000000000000000000000000000000000000000000000
00000000000000000000000000000000000100000000000000
00000000000000000001000000000000000000000000000000
00000000000000100000001000000000001000000000000000
T0000000000000000000000000000000000000000000010001
00000000000000000000000000000000000000000000000T00
00000000100000000000000000000000000000000000000000
00000000000000000000000000000000000000000100000000
0000000000000000000000000000100
>15_3
00000000000000001100100000000000000010001000110101
10010100101010000100101000110000000000000001011000
00000000001100000000001000000100011000100001000000
00010000000101100101000000000000001010000000100100
00000010000000000100000000000000000000011100000010
00000000000000010000000000001100000000011000000000
10100000010000010000001001000100110000010000000000
00001000010100000001100010000001000000000000000000
00000000000000001000000000000110100000000000100000
00001000000000000000010000010100000000000000100000
01000000000110010000000000000000100010000000100100
T0000010100000000001000001000100000000010100000000
00000000000001100000010100000100101000000000000A10
00000010000100000001000000000000000000000100000100
00000000000000001000000000000000110000000000000000
0000000000001011001000000000000
>15_4
00000000010000001100000010000000000001001000010001
10010100101010000000101000110001100000000001001000
00100000001100000001001001000100010000100000000000
00010000000101000101000000000000001010000000100000
00010010000000010100000000000000000000001000000010
00010000000100000000000000001100000000011000000000
00100000000000000000000001000100010000011100000000
00001000010100000001100000000000000000000000000000
00000000000000010000000000000100100000000000101000
00001000000010000000001000000100000000000000100000
01000000100000010000000000000000000010000000100100
T0000011100000000001000000000100000000000100000000
00000000000001100000010100001000000000010000000T10
00000010000100000011000000000000000100000000000100
11000000000000000000100000000000110000000000000000
0000000010001011001000000010000
>15_5
00000000000000001100100000000000000000001000010101
10010100101010000000101000110000000000000001011000
00000000001100000000001000000101011000100001000000
00010000000101000101000000000000001010000100100000
00000010000000100100000000000000000000001110000010
00000000000000010000000000001100000000111000000000
10100000010000000001000001000100110000010000000000
00001000010100000001100000000001000000000000010000
00000000000000001000000000000100100000000000100000
00001000000000000000010000010100000000000000100000
01000010000110010000000000000000100010000000100100
T0001010100010000001000101000100000000010100000000
00000000000001100000010100000000001100000000000A10
00000010000100000001000000000000000000000000000100
00000000000000000000000000000000110000000000000000
0000000000001011101000010000000
>16_1
00000000000100000000000000000000000000000010000000
01001000000000000000000001000000000000000000000000
00000000000000000000000000000000000000000000000000
00000000000000000000000000000000010000000000000000
00000000001000000000000000000000000000000000000000
00000000000000100000000000000000000000000000000000
00000000000000000000000000000000000000000000000000
00000000000000000000000000000000000000000000000000
00000000000000000000000000000000000000000000000000
00000000000000000001000000000000000000000000000000
00000000000000000000001000000000001000000000000000
T0000000000000000000000000000000000000000000010001
00000000000000000000000000000000000000000000000T00
00000000100000000000000000000000000000000000000000
00000000000000000000000000000000000000000100000000
0000000000000000000000000000100
>16_2
00000000000000001100100000000000000000001001010101
10010100101010000001101000110000000000000001011000
00000000001100000000001000000100011000100001000000
00010000000101000101000000000000001010001000100000
00000010100000000100000000000000000000001100000010
00000000000000010000000000001100000000011000000000
10100000010100000000000001000100110000010000000000
00001000010100000001100000000001000000000000000000
00000000000000001000000000000110100000001000100000
00001000000000000000010000010100000000000000100000
01000000000110010000000001000000100010000000100100
T0000010100000000001000001000100000000010100000000
00000000000001100000010100000100001000000100000A10
00000010000100000001000000000000000000000100000100
00000000000000000000000000000000110000000000000000
0000000000001011001000000000000
>17_1
00000000000000001100100000000000000000001000010101
10010100101010000000101000110000000000000001011000
00000000001100000000001000000100011000100001000000
00010000000101000101000000000000001010000100100000
00000010000000000100000000000000000000001110000010
00000000000000010000000000001100000000111000000000
10100000010000000000000001000100110000010000000000
00001000010100000001100000000001000000000000010000
00000000000000001000000000000100100000000000100000
00001000000000000000010000010100000000000000100000
01000010000110010000000000000000100010000000100100
T0001010100000000001000101000100000000010100000000
00000000000001100000010100000000001100000000000A10
00000010000100000001000000000000000000000000000100
00000000000000000000000000000000110000000000000000
0000000000001011101000010000000
>18_1
00000000000100000000000000000000000000000010000000
01001000000000000000000001000000000000000000000000
00000000000000000000000000000000000000000000000000
00000000000000000000000000000000000000000000000000
00000000001000000000000000000000000000000000000000
00000000000000100000000000000000000000000000000000
00000000000000000000000000000000000000000000000000
00000000000000000000000000000000000000000000000000
00000000000000000000000000000000000000000000000000
00000000000000000001000000000000000000000000000000
00000000000000000000001000000000001000000000000000
T0000000000000000000000000000000000000000000010001
00000000000000000000000000000000000000000000000T00
00000000100000000000000000000000000000000000000000
00000000000000000000000000000000000000000100000000
0000000000000000000000000000100
>18_2
00000000000100000000000000000000000000000010000000
01001000000000000000000001000000000000000000000000
00000000000000000000000000000000000000000000000000
00000000000000000000000000000000000000000010000000
00000000001000000000000000000000000000000000000000
00000000000000100000000000000000000000000000000000
00000000000000000000000000000000000000000000000000
00000000000000000000000000000000000000000000000000
00000000000000000000000000000000000000000000000000
00000000000000000001000000000000000000000000000000
00000000000000000000001000000100001000000000000000
T0000000000000000000000000000000000000000000010001
00000000000000000000000000000000000000000000000T00
00000000100000000000000000000000000000000000000000
00000000000000000000000000000000000000000100000000
0000000000000000000000000000100
>19_1
00000000000000001100100000000000000000001000110101
10010100101010000100101000110000000000000001011000
00000000001100000000001000000100011000100001000000
00010000000101000101000000000000001010000000100100
00000010000000000100000000000000000000001100000010
00000000000000010000000000001100000000011000000000
10100000010000010000000001000100110000010000000000
00001100010100000001100000000001100000000000000000
00000000000000001000000000000110100000000000100000
00001000000000000000010000010100000000000000100000
01000000000110010000000000000000100010000000100100
T0000010100000000001000001000100000000010100000000
00000000000001100000010100000100001000000000000A10
00000010000100000001000000000000000000000100000100
00000000000000000000000000000000110000000000000000
0000000000001011001000000000000
>20_1
00000000000000000000000000000000000000000000000000
00000000000000000000000000000100000000000000000000
00000000000000000010000000000000000000000000000000
00000000001000000000000000000000100000000000000000
00000000000000000000000010010000000000000000000000
00000000000000000000000001000000000000000000000000
00000000000000000000000000000000000000000000000000
00010000000000000000000000000000000001000000000000
00000000010000000000000000000001000000000000000000
00000000000000000000000000000010100000000000000000
00000000000000000000000000000000010000000000000000
T0000000000000000000000000000000000000000000000000
00000000000000001000000000000000000000000000000T00
00000000000010000000000000000000000000000000000000
00000000000000000000001000000000000000000001000000
0100000000000000000000000000000
>21_1
00000000000000001100100000000000000000001000010101
10010100101010000000101000110000000000000001011000
00000000001100000000001000000100011000100001000000
00010000000101000101000000000000001010000000100000
00000010000000000100000000000000000000001100000010
00000000000000010000000000001100000000011000000000
10100000010000000000000001000100110000010000000000
00001000010100000001100000000001000000000000000000
00000000000000001000000000000100100000000000100000
00001000000000000000010000010100000000000000100000
01000000000110010000000000000000100010000000100100
T0001010100000000001000101000100001100010100000000
00000000000001100000010100000000001100000000000A10
10000010000100000001000000000000000000000000000100
00000000000000000000000000000000110000000000000000
0000000000001011001000000000000
>22_1
00000000010000001100000010000000000001001000010001
10010100101010000000101000110001100000000001001000
00000000001100000000001001000100010000100000000000
00010000000101000101100000000000001010000000100000
00010010000000010100000000000000000000001000000010
00010000000100000000000000001100000000011010000000
00100000000000000000000001000100010000011100000000
00001000010100000001100000000000000000000000000000
00000000000000010000000000000100100000000000101000
00001000000010000000000000000100000000000000100000
01000000100000010000000000000000000010000000110100
T0000011100000000001000000000100000000000100000000
00000000000001100000010100001000000000000000000T10
00000010000100000011000000000000000100000000000100
11000100000000000000100000000000110000000000000000
0000000010001011001000000000000
>23_1
00000000000100000000000000000000000000000010000000
00000000000000000000000001000000000000000000000000
00000000000000000000000000000000000000000000000000
00000000000000000000000000000000000000000000000000
00000000001000000000000000000000000000000000000000
00000000000000100000000000000000000000000000000000
00000000000000000000000000000000000000000000000000
00000000000000000000000000000000000000000000000000
00000000000000000000000000000000000000000000000000
00000000000000000001000000000000000000000000000000
00000000000000000000001000000000001000000000000000
T0000000000000000000000000000000000000000000010000
00000000000000000000000000000000000000000000000T00
00000000100000000000000000000000000000000000000000
00000000000000000000000000000000000000000100000000
0000100000000000000000000000100
>23_2
00000010000000001100100000000000000000001000010101
10010100101010000000101000110000000000000001011011
00000000001100000000001000000100010100100000000000
00010000000101000101000000000000001010000000100000
00000010000000000100000000000000000000001000000010
00000000000000000000000000001100000000011100000000
10100000010000000000000001000100010000010000000000
00001000010100000001100000000001000000000000000000
00000000000000001000000000000100100000000100100000
01001000001000000000010000010100000000001001100000
01000000000000010000000000000000000011000000100100
T0000010100000000001000001000100000000000100000000
00000000000001100000011100010000000000000000001A10
00000010000100000001000001000000000000000000000100
00000000000000000000000000000010110000000000000000
0000000000001011001000000000000
>24_1
00000000010000001100000010000000000001001000010001
10010100101010000000101000110001100000000001001000
00000000001100000000001001000100010000100000000000
00010000000101000101000000000000001010000000100000
00010010000000010100000000000000000000001000000010
00010000000100000000000000001100000000011010000000
00100000000000000000000001000100010000011100000000
00001000010100000001100000000000000000000000000000
00000000000000010000000000000100100000000000101000
00001000000010000000000000000100000000000000100000
01000000100000010000000000000000000010000000110100
T0000011100000000001000000000100000000000100000000
00000000000001100001010100001000000000000000000T10
00000010000100000011000000000000000100000000000100
11000100000000000000100000000000110000000000000000
0000000010001011001000000000000
>25_1
00000010000000001100100000000000000000001000010101
10010100101010000000101000110000000000000001011011
00000000001100000000001000000100010100100000000000
00010000000101000101000000000000001010000000100000
00000010000000000100010000000000000000001000000010
00000000000000000000000000001100000000011100000000
10100000010000000000000001000100010000010000000100
00001000010100000001100000000001000000000000000000
00000000000000001000000000000100100000000100100000
01001000001000000000010000010100000000001001100000
01000000000000010000000000000000000011000000100100
T0000010100000000001000001000100000000000100000000
00000000000001100000011100010000000000000000001A10
00000010000100000001000000000000000000000000000100
00000000000000000000000000000010110000000000001000
0000000000001011001000000000000
>26_1
00000000000000100000000001000100000000000000000000
00000000000000000000000000000010000000000000000000
00000000000000000000000000000000000000000000000000
11000000000000000000000000000000000000000000000000
00000000000000000000000000000000000000000000000001
00100000000000000000000000000000000000000000000000
00010000000000000000000010000000001000000001000000
00000000000000000000001000000000000000000000000000
00000000000000000000000000000000000000000000000001
00000000000000000000000000000000000001000000000000
00000000000000000000000000000000000000000000000000
G0010000000000000000000000000000100000000000000000
00000000000000000000000000000000000000000000000T00
00000000000000000000000000000000000000000000000000
00000000000000000000000000000000000000000000000000
0000000000000000000000000000000
>27_1
00000100100000000000000000000001000000010000010000
00000000000000000000000000000000000000000000000000
00000000000000000000000000000000000010001000000000
00000000000000000000000000000000000100000000000000
00000001000000000000000000000000000000000000000000
00000000110000000000001000000000110000000000000000
00000100000000001000000000000000000000000010000000
01000001000000000000000000000000000000000000000000
00000010100000000000000000000000000000000000000000
00000000100000000000000010001000010000000000000000
00000000001000000000000000100000000100000010000000
T0000000000000000000000000000100000000000000100000
11000010000001000000000000100000000000000000000T00
00010000000000000000000000000000000000000000000000
00000000000000010000000001000000000000000000000000
0000000001000000000000000000000
>28_1
00000010000000001100100000000000000000001000010101
10010100101010000000101000110000000000000001011011
00000000001100000000001000000100010100100000000000
00010000000101000101000000000000001010000000100000
00000010000000000100000000000000000000001000000010
00000000000000000000000000001100000000011100000000
10100000010000000000000001000100010010010000000000
00001000010100000001100000000001000000000000000010
00000000000000001000000000000100100000000100100000
01001000001000000000010000010100000000001001100000
01000000000000010000000000000010000011000000100100
T0000010100000000001000001000100000000000100000000
00000000000001100000011100000000000000000000000A10
00000010000100000001000000000000000000000000000100
00000000000000000000000000000010110000000000000000
0000000000001011001000000000000
>29_1
00000000000000001100100000000000000000001000010101
10010100101010000000101000110000000000000001011000
00000000001100000000001000000100011000100001000000
00010000000101000101000000000000001010000000100000
00000010000000000100000000000000000000001100000010
00000000000000010000000000001100000000011000000000
10100000010000000000000001000100110000010000000000
00001000010100000001100000000001000000000000000000
00000000000000001000000000000100100000000000100000
00001000000000000000010000010100000000000000100000
01000000000110010000000000000000100010000000100100
T0001010100000000001000101000100000000010100000000
00000000000001100000010100000000001000000000000A10
00000010000100000001000000000000000000000000000100
00000000000000000000000000000000110000000000000000
0000000000001011001000000000000
>29_2
00000000000000000000000000000000000000000000000000
00000000000000000000000000000100000000000000000000
00000000000000000010000000000000000000000000000000
00000000001000000000000000000000000000000000000000
00000000000000000000000000000000000000000000000000
00000000001000000000000000000000000000000000000000
00000000000000000000000000000000000000000000000000
00010000000000000000000000000000000000000000000000
00000000000000000000000000000000000000000000000000
00000001000000000000000000000000000000000000000000
00010000000000000000000000000000010000000000000000
T0000000000000000000000000000000000000000000000000
00000000000000000000000000000000000000000000000T00
00000000000000000000000000000000000000000000000000
00000000001000000000000000000000000000000000000000
0100001000100000000000000000000
>29_3
00000000000000001100100000000000000000001000010101
10010100101010000000101000110000000000000001011000
00000000001100000000001000000100011000100001000000
00010000000101000101000000000000001010000000100000
00000010000000000100000000000000000000001100000010
00000000000000010000000000001100000000011000000000
10100000010000000010000001000100110000010000000000
00001000010100000001100000000001000000000000000000
00000000000000001000000000000110100000000000100000
00001000000000000000010000010100000000000000100000
01000000000110010000000000000000100010000000100100
T0000010100000000001000001000100000000010100000000
00000000000001100000010100000100001000000000000A10
00000010000100000001000000000000000000000100000100
00000000000000000000000000000000110000000000000000
0000000000001011001000000000000
>30_1
00000000000000000000000000000000000000000000000000
00000000000000000000000000000100000000000000000000
00000000000000000010000000000000000000000000000000
00000000001000000000000000000000000000000000000000
00000000000000000000000000000000000000000000000000
00000000000000000000000000000000000000000000000000
00000000000000000000000000000000000000000000010000
00010000000000000000000000000000000000000000000000
00000000000000000000000000000000000000000000000000
00000000000000000000000000000000000000000000000000
00000000010000000000000000000000010000000000000000
T0000000000000000000000000000000000000000000000000
00000000000000000000000000000000000000000000000T00
00000000000000000000000000000000000000000000000000
00000011000000000000000000000000000000000000000000
0100000000000000000000000000000
>30_2
00000000000000000000000000000000000000000000000000
00000000000000000000000000000100000000000000000000
00000000000000000010000000000000000000000000000000
00000000001000000000000000000000000000000000000000
00000000000000000000000000000000000000000000000000
00000000000000000000000000000000000000000000000000
00000000000000000000000000000000000000000000010000
00010000000000000000000000000000000000000000000000
00000000001000000000000000000000000010000000000000
00000000000000000000000000000000000000000000000000
00000000000000000000000000000000010000000000000000
T0000000000000000000000000000000000000000000000000
00000000000000000000000000000000000000000000000T00
00000000000000000000000000000000000000000000000000
00000001000000000000000000000000000000000000000000
0100000000000000000000000000000
>31_1
01000000000000010011000000001000000000001000010000
00110000000000100010100010100000000000010000000000
00000101000100000000001100000010010000000000000000
00000000000100000101000000000000001010010000000000
00000000000100000000100000001000101011000000000100
00000000000000000010010100001100000000000000000000
01100000000011100000000101000100000000010000000000
00000000010110000001100000000000000100000000000000
00000000000101100000100101000100000000100000010000
10110000000000100100000000000000000000000000001000
01000000000001000001000000000000000000000001000110
T0100010000000010100000000011100000000000100000000
00010000000001010000000010000010000000000000000G00
00100010000000100000000000000000010000000000000000
00101000100001000000010000000000000000000000000100
0000000000000011000010000000000
>32_1
00000000000000000000000000000000000000000000000000
00000000000000000000000001000000000000000000000000
00000000000000000000000000000000000000000000000000
00000000010000000000000000000000000000000000000000
00000000001000000000000000000000000000000000000000
00000000000000100000000000000000000000000000000000
00000000000000000000000000000000000000000000000000
00000000000000000100000000000000000000000000000000
00000000000000000000000000000000000000000000000000
00000000000000000000000000000000000000000000000000
00000000000000000000000000000000001000000000000000
T0000000000000000000000000000000000000000000010000
00000000000000000000000000000000000000000000000T00
00000000101000000000000000000000000000000000000000
00000000000000000000000000000000000000000000000000
0000000000000000000000000000100
>32_2
00000000000000000000000000000000000000000000000000
00000000000000000000000000000000000000000010000000
00000000000000000000000000000000000000000000000000
00000000000000000000000100000000000000000000000000
10000000000001001000000000000000000000000000000000
00000000000000000000000000000000000000000001000000
00000000000000000000000000000000000000100000000000
00000000000000000000000000000000000000000000000000
01000000000000000001000000000000000000000000000000
00000000000000010000100000000000000000010000000000
00000000000000000000000000000000000000000000000000
T0000000000100000000000000100000000000000000000010
00100000000000000000000000000000000000000000000T00
00001000000000000000000000000000000000000000000000
00000000000010000000000000000000000000000000100000
0000000000000000000000000000000
>32_3
00010000000000001100100000000000000000001000010101
10010100101010001000101000111000000000000001011101
00000000001100000000001000000100010100100000000010
00010000000101000101000000000110001010000000100000
00000110000000000100000000000000000000001000001010
00000000000001000000000000001100000000011000000000
10100000010000000000000001000100010000010000000000
00001000011100000001100000000001000000010000000000
00000000000000001000000000000100100000000100100000
00001000000000000000010000010100000000000001100000
01000000000000010000000000000000000011000000100100
T0000010100000000001000001000100000000000100000000
00000000000001100000011100000000000000000010000A10
00000010000100000101000000000000000000000000000100
00000000000000000000000000100000110000000000000000
0000000000001011001000000000000
>33_1
00010000000000001100100000000000100000001000010101
10010100101010001000101000111000000010000001011001
00000000001100000000001000000100010100100000000010
00010000000101000101000000000010001010000000100000
00000010000000000100000000000000000000001000001010
00000000000001000000000000001100000000011000000000
10100000010000000000000001000100010000010000000000
00001000010100000001100000000001000000010000000000
00000000000000001000000000000100100000000100100000
00001000000000000000010000010100000000000001100000
01000000000000010000000000000000000011000000100100
T0000010100000000001000001000100000000000100000000
00000000000001100000011100000000000000000000000A10
00000011000100000001000000000000000000000000000100
00000000000000000000000000000000110000000000000000
0000000000001011001000000000000
>34_1
00000000000000000000000000000000000000000000000000
00000000000000000000000000000100000000000000000000
00000000000000000010000000000000000000000000000000
00000000001000000000000000000000000000000000000000
00000000000000000000000000000000000000000000000000
00000000000000000000000000000000000000000000000000
00000000000000000000000000000000000000000000000000
00010000000000000000000000000000000000000000000000
00000100000000000000000000000000000000000000000000
00000000000000000000000000000000000000000000000100
00000000000000000000000000000000010000000000000000
T0000000010000000000000000000000000000000000000000
00000000000000000000000000000000000000000000000T00
00000000000000000000000000000000000000000000000000
00000000000000000000000000000000000000000000000000
0100000000000000000000000000000
>35_1
00000000000000100000000000000100000000000000000000
00000000000000000000000000000010000000000000000000
00000000000000000000000000000000000000000000000000
11000000000000000000000000000000000000000000000000
00000000000000000010000000000000000000000000000001
00100100000000000000000000000000000000000000000000
00010000000000000000000010000000000000000001000000
00000000000000000000001000000000000000000000000000
00000000000000000000000000000000000000000000000001
00000000000000000000000000000000000000000000000000
00000000000000000000000000000000000000000000000000
G0010000000000000000000000000000100000000000000000
00000000000000000000000000000000000000000000000T00
00000000000000000000000000000000000000000000000000
00000000000000000000000000000000000000000000000000
0000000000000000000000000000000
>36_1
00000000000000000000000000000000000000000000000000
00000000000000000000000001000000000000000000000000
00000000000000000000000000000000000000000000000000
00000000000000000000000000000000000000000000000000
00000000001000000000000000000000000000000000000000
00000000000000000000000010000000000000000000000000
00000000000000000000000000000000000000000000000000
00000000000000000000000000000000000000000101000000
00001000000000000000000000000000000000000000000000
00000000000000000000000000000000000000000000000000
00000000000000000000000000000000001000000000000000
T0000000000000000000000000000000000000000000000000
00000000000000000100000000000000000000000000000T00
00000000100000000000000000000000000000000000000000
00000000000000000000000000000000000000000000000000
0000000000000000000000000000000
>36_2
01000000000000010011000000001000000000001000010000
00110000000000000010100010100000000000010000000000
00000001000100000000001100000010010000000000000000
00000000000100000101000000000000001010000000000000
00000000000100000000100000001000001011000000000100
00000000000000000010000100001100000000000000000000
01100000000001100000000101000100000000010000000000
00000000010110000001100000000000000100000000000000
00000000000101000000100101000100000000100000010000
10110000000000100100000000000000000000000000001000
01000000000001000001000000000000000000000001000110
T0100010000000010100000000011100000000000100000000
00010000000001010000000010000010000000000000000G00
00100010000000100000000000000000010000000000000000
00001000100001000000010000000000000000000000000100
0000000000000011000010000000000
>36_3
00000000000000001100100000000000000000001000010101
10010100101010000000101000110000000000000001011000
00000000001100000000001000000100011000100000000000
00010000000101000101000000000000001010000000100000
00000010000000000100000000000000000000001100000010
00000000000000000000000000001100000000011000000000
10100000010000000000000001000100010000010000000000
00001000010100000001100000000001000000000000000000
00000000000000001000000000000100100000000000100000
00001000000000000000010000010100000000000000100000
01000000000010010000000000000000100010000000100100
T0000010100000000001000001000100000000010100000000
00000000000001100000010100000000000000000000000A10
00000010000100000001000010000000000000000000100100
00000000000000000000000000000000110000000000000000
0000000000001011001000000000000
>37_1
00000000000000000000000000000000000000000000000000
00000000000000000000000000000000000000000010000000
00000000000000000000000000000000000000000000000000
00000000000000000000000100000000000000000000000000
10000000000001001000000000000000000000000000000000
00000000000000000000000000000000000000000001000000
00000000000000000000000000000000000000000000000000
00000000000000000000000000000000000000000000000000
01000000000000000000000000000000000000000000000000
00000000000000010000100000000000000000010000000000
00000000000000000000000000000000000000000000000000
T0000000000100000000000000000000000000000000000010
00100000000000000000000000000000000000000000000T00
00001000000000000000000000000000000000000000000000
00000000000010000000000000000000000000000000100000
0000000000000000000000000000000
>37_2
00000000000000001100000010000000000001001000010001
10010100101010000000101000110000100000000001001000
00000000001100000000001001000100010000100000000000
00010000100101000101000000000000001010000000100000
00000010000000000100000000000000000000001000000010
00000000000000000000000000001100000000011000000000
00100000000000000000000001000100010000010000000000
00001000010100000001100000000000000000000000000000
00000000000000000000001000000100100000000000100000
00001000000000000000000000000100000000000000100000
01000000100000010000000000000000000010000000100100
T0000011100000000001000000000100000000000100001000
00000000000001100000010100000000000000000000000T10
00000010000100000011000000000000000000000000000100
00000000000000000000000000001000110100000000000000
0000000000001011001000000000000
>38_1
00000000000000100000000000000100000000000000000000
00000000000000000000000000000000000000000000000000
00000000000000000000000000000000000000000000000000
11000100000000000000000000000000000000000000000010
00000000000000000000000000000000000000000000010001
00100000000000000000000000000000000000000000000000
00000000000000000000000010000000000000000001000000
00000000000000000000001000000000000000000000000000
00000000000000000000000000000000000000000000000001
00000000000000000000000000000000000000000000000000
00000000000000000000000000000000000000000100000000
G0010000000000000000000000000000100000000000000000
00000000000000000000000000000000000000000000000T00
00000000000000000000000000000000000000000000000001
00000000000000000000000000000000000000000000000000
0000000000000000000000000000000
>39_1
00000010000000001100100000000000000000001000010101
10010100101010000000101000110000000000000001011011
00000000001100000000001000000100010100100000000000
00010000000101000101000000000000001010000000100000
00000010000000000100000000000000000000001000000010
00000000000000000000000000001100000000011100000000
10100000010000000000000001000100010000010000000000
00001000010100000001100000000001000000000000000000
00000000000000001000000000000100100000000100100000
00001000001000000000010000010100000000001001100000
01000000000000010000000000000000000011000000100100
T0000010100000000001000001000100000000000100000000
00000000000001100000011100000000000000000000000A10
00000010000100000001000000000000000000000000000100
00000000000000000000000000000010110000000000000000
0000000000001011001000000000000
>40_1
00000000000000000000000000000000000000000000000000
00000000000000000000000001000000000000000000000000
00000000000000000000000000000000000000000000000000
00000000000000000000000000000000000000000000000000
00000000001000000000000000000000000000000000000000
00000000000000000000000010000000000000000000000000
00000000000000000000000000000000000000000000000000
00000000000000000000000000000000000000000100000000
00000000000000000000000000000000000000000000000000
00000000000000000000000000000000000000000000000000
00000000000000000000000000000000001000000000000000
T0000000000000000000000000000000000000000000000000
00000000000000000100000000000000000000000000000T00
00000000100000000000000000000000000000000000000000
00000000000000000000000000000000000000000000000000
0000000000000000000000000000000
>40_2
00000000000000000000000000000000000000000000000000
00000000000000000000000000000100000000000000000000
00000000000000000010000000000000000000000000000000
00000000001000000000000000000000000000000000000000
00000000000000000000000000000000000000000000000000
00000010000000000000000000000000000000000000000000
00000000000000000000000000000000000000000000000000
00010000000000000000000000000000000000000000000000
00000000000000000000000000100000000000000000000000
00000000000000000000000000000000000000000000000000
00000000000000000000000000000000010000000000000000
T0000000000000000000000000000000000000000000000000
00000000000000000000000000000000000000000000000T00
00000000000000000000000000000000000000000000000000
00000000000000000000000000000000000000000000000000
0100000000000000000000000000000
>41_1
00000000000000001100100000000000000000001000010101
10010100101010000000101000110000000000000001011001
00000000001100000000001000100100010000100000000000
00010000000101000101000000000000001010000000100000
00000010000000000100000000000000000100001000000010
00000000000000000000000000001100000000011000000000
10100000010000000000000001000100010000010000000000
00001000010100000001100000000001000000000000000000
00000000000000001000000000000100100000000100100000
00001000000000000000010000010100000000000001100000
01000000000000010000000000000000000011000000100100
T0000010100000000001000001000100000000000100000000
00000000000001100000011100000000000000000000000A10
00000010000100000001000000000000000000000000000100
00000000000000000000000000000000110000000000000000
0000010000001011001000000000000
>42_1
00000000000000000000000000000000000000000000000000
00000000000000010000000000000000000000000000000000
00000000000000000000000000000000000000000000000000
01000000000000000000000000000000000000000000000000
00000000000000000000000000000000000000000000000001
00000000000000000000000000000000000000000000000000
00000000000000000000000010000000000000000000000000
00000000000000000000001000000000000000000000000000
00000000000000000000000000000000000000000000000001
00000000000000000000000000000000000000000000000000
00000000000000000000000000000000000000000000000000
T0010000000000000000000000000000000000000000000000
00000000000000000000000000000000000000000000000T00
00000000000000000000000000000000001000000010000000
00000000000000000100000000000000000000000000000000
0000000000000000000000000000000
>42_2
00000000000000001100100000000000000000001000010101
10010100101010000000101000110000000000000001011001
00000000001100000000001000000100010000100000000000
00010000000101000101000000000000001010000000100000
00000010000000000100000000000000000100001000000010
00000000000000000000000000001100000000011000000000
10100000010000000000000001000100010000010000000000
00001000010100000001100000000001000000000000000000
00000000000000001000000000000100100000000100100000
00001000000000000000010000010100000000000001100000
01000000000000010000000000000000000011000000100100
T0000010100000000001000001000100000000000100000000
00000000000001100000011100000000000000000000000A10
00000010000100000001000000000000000000000000000100
00000000000000000000000000000000110000000000000000
0000010000001011001000000000000
>43_1
00000000000000000000000000000000000000000000000000
00000000000000000000000000000000000000001000000000
00000000000000000000000000000000000000000000000000
00100000000000000000000000000000000000000000000001
00000000001000000000000000000000000000000000000000
00000000000000000000000000000000000000000000000000
00000000000000000000000000000000000000000000000000
00000000000000000000000000000000000000000000000000
00000000000000000000000000000000000000000000000000
00000000000000000000000000000000000000000000000000
00000000000000000000000000000000000000000000000000
T0000000000000000000000000000000000000000000000000
00000000000000000000000000000000000000000000000T00
00000000100000000000000000000000000000000000000000
00000000000000000000000000000000000000000000000000
0000000000000000000000000000000
>44_1
00000000000000000000000000000000000000000000000000
00000000000000000000000000000000000000000010000000
00000000000000000000000000000000000000000000000000
00000000000000000000000000000000000000000000000000
10000000000000001000000000000000000000000000000000
00000000000000000000000000000000000000000001000000
00000000000000000000000000000000000000000000000000
00000000000000000000000000000000000000000000000000
01000000000000000000000000000000000000000000000000
00000000000000010000000000000000000000010000000000
00000000000000000000000000000000000000000000000000
T0000000000100000000000000000000000000000000000010
00000000000000000000000000000000000000000000000T00
00001000000000000000000000000000000000000000000000
00000000000010000000000000000000000000000000100000
0000000000000000000000000000000
>45_1
00000000000000000000000000000000000000000000000010
00000000000000000000000000000000000000000010000000
00000000000000000000000000000000000000000000000000
00000000000000000000000000000000000000000000000000
10000000000000000000000000000000000000000000000000
00000000000000000000000000000000000000000001000000
00000000000000000000000000000000000100000000000000
00000000000000000000000000000000000000100000000000
01000000000000000000000000000000000000000000000000
00000000000000010000000000000000000000000010000000
00000000000000000000000000000000000000000000000000
T0000000000000000000000000000000000000000000000010
00000000000000000000000000000000000000000000000T00
00001000000000000000000000000000000000000000000000
00000000000010000000000000000000000000000000000000
0000000000000000000000001000000
>45_2
00000000000000001100100000000000000000001000010101
10010100101010000000101000110000000000000001011000
00000000001100000000001000000100010000100000100000
00010000000101000101000000000000001010000000100000
00000010000000000100000000000000000000001000000010
00000000000000000000000000001100000000011000100000
10100001010000000000000001000100010000010000000000
00001000010100000001100000000001000000000000000000
00000000000000001000000000000100100000000000100000
00001000000000000000010000010100000000000000100000
01000000000010010000000000000000100010000000100100
T0000010100000000001000001000100000000010101000000
00000000000001100000010100000000000000000000000A10
00000010000100000001000000000000000000000000000100
00000000000000000000000000000000110000000000000000
0000000000001011001000000000000
>46_1
00000000000000000000000000000000000000000000000000
00000000000000000000000000000000000000001000000000
00000000000000000000000000000000000000000000000000
00100000000000000000000000000000000000000000000000
00000000001000000000000000000000000000000000000000
00000000000000000000000000000000000000000000000000
00001000000000000000000000000000000000000000000000
00000000000000000000000000000000000000000000000001
00000000000000000000000000000000000000000000000000
00000000000000000000000000000000000000000000000000
00000000000000000000000000010000000000000000000000
T0000000000000001000000000000000000000000000000000
00000000000000000000000000000000000000000000000T00
00000000100000000000000000000000000000000000000000
00000000000000000000000000000000000000000000000000
0000000000000000000000000000000
>46_2
00010000000000001100100000000000000000001000010101
10010100101010001000101000110000000000000001011001
00000000001100000000001000000100010100100000000010
00010000000101000101000000000010001010000000100000
00000010000000000100000000000000000000001000001010
00000000000001000000000000001100000000011000000000
10100000010000000000000001000100010000010000000000
00001000010100000001100000000001000000010000000000
00000000000000001000000000000100100000000100100000
00001000000000000000010000010100000000000001100000
01000000000000010000000000000000000011000000100100
C0000010100000000001000001000100000000000100000000
00000000000001100000011100000000000000000000000A10
00000010000100000001000000000000000000000000000100
00000000000000000000000000000000110000000000000000
0000000000001011001000000000000
>47_1
00000000000000100000000000000100000000000000000000
00000000000000000000000000000000001000000000000000
00000000000000000000000000000000000000000000000000
11000000000000000000000000000000000000000000000000
00000000000000000000000000000000000000000000000001
00100000000000000000000000000000000000000000000000
00000000000000000000000010000000000000000001000000
00000000000000000000001000000000000000000000000000
00000000000000000000000000000000000000000000000001
00000000000000000000000000000000000000000000000000
00000000000000000000000000000000000000000000000000
T0010000000000000000000000000000100000000000000000
00000000000000000000000000000000000000000000000T00
00000000000000000000000000000000000000000000000000
00000000000000000000000000000000000000000000000010
0000000000000000000000000000000
>47_2
00000000000000000000000000000010000000000000000000
00000000000000000000000000000000000000000010000000
00000000000000000000000000000000000000000000000000
00000010000000000000000000000000000000000000000000
10000000000000001000000000000000000000000000000000
00000000000000000000000000000000000000000001000000
00000000000000000000000000000000000000000000000000
00000000000000000000000000000000000000000000000000
01100000000000000000000000000000000000000000000000
00000000000000010000000000000000000000000000000000
00000000000000000000000000000000000000000000000000
T0000000000100000000000000000000000000000000000010
00000000000000000000000000000000000000000000000T00
00001000000000000000000000000000000000000000000000
00000000000010000000000000000000000000000000000000
0000000000000000000000000000000
>48_1
00000000000000000000000000000100000000000000000000
00000000000000000000000000000000000000000000000000
00000000000000000000000000000000000000000000000000
11000000000000000000000000000000000000000000000000
00000000000000000000000000000000000000000000000001
00000000000000000000000000000000000000000000000000
00000000000000000000000010000000000000000001000000
00000000000000000000001000000000000000000000000000
00000000000000000000000000000000000000000000000001
00000000000000000000000000000000000000000000000000
00000000000000000000000000000000000000000000000000
T0010000000000000000000000000000100000000000000000
00000000000000000000000000000000000000000000000T00
00000000000000000000000000100000000000000000000000
00000000000000000000000000000000000000000000000000
0000000000000000000000000000000
>49_1
00000000000000001100100000000000000000001000010101
10010100101010000000101000110000000000000001011001
00000000001100000000001000000100010000100000000000
00010000000101000101000000000000001010000000100000
00000010000000000100000000000000000100001000000010
00000000000000000000000000001100000000011000000000
10100000010000000000000001000100010000010000000000
00001000010100000001100000000001000000000000000000
00000000000000001000000000000100100000000100100000
00001000000000000000010000010100000000000001100000
01000000000000010000000000000000000011000000100100
T0000010100000000001000001000100000000000100000000
00000000000001100000011100000000000000000000000A10
00000010000100000001000000000000000000000000000100
00000000000000000000000000000000110000000000000000
0000010000001011001000000000000
>49_2
00000000000000000000000000000000000000000000000000
00000000000000000000000000000000000000000010000000
00000000100000000000000000000000000000000000000000
00000000000000000000000000000000000000000000000000
10000000000000001000000000000000000000000000000000
00000000000000000000000000000000000000000001000000
00000000000000000000000000000000000000000000000000
00000000000000000000000000000000000000000000000000
01000000000000000000000000000000000000000000000000
00000000000000010000000000000000000000000000000000
00000000000000000000000000000000000000000000000000
T0000000000100000000000000000000000000000000000010
00000000000000000000000000000000000000000000000T00
00001000000000000000000000000000000000000000000000
00000000000010000000000000000000000000000000000000
0000000000000000000000000000000
>50_1
00000000000000000000000000000000000000000000000000
00000000000000000000000000000000000000000010000000
00000000000000000000000000000000000000000000000000
00000000000000000000000000000000000000000000000000
10000000000000000000000000000000000000000000000000
00000000000000000000000000000000000000000001000000
00000000000000000000000000000000000000000000000000
00000000000000000000000000000000000000000000000000
01000000000000000000000000000000000000000000000000
00000000000000010000000000000000000000000010000000
00000000000000000000000000000000000000000000000000
T0000000000000000000000000000000000000000000000010
00000000000000000000000000000000000000000000000T00
00001000000000000000000000000000000000000000000000
00000000000010000000000000000000000000000000000000
0000000000000000000000000000000
>50_2
01000000000000010011000000001000000000001000010000
00110000000000000010100010100000000000010000000000
00000001000100000000001100000010010000000000000000
00000000000100000101000000000000001010000000000000
00000000000100000000100000001000001011000000000100
00000000000000000010000100001100000000000000000000
01100000000001100000000101000100000000010000000000
00000000010110000001100000000000000100000000000000
00000000000101000000100101000100000000100000010000
10110000000000100100000000000000000000000000001000
01000000000001000001000000000000000000000001000110
T0100010000000010100000000011100000000000100000000
00010000000001010000000010000010000000000000000G00
00100010000000000000000000000000010000000000000000
00001000100001000000010000000000000000000000000100
0000000000000011000010000000000
>50_3
00000000001000000000000000000000000000000000000000
00000000000000000000000000000000000000000000000000
00000000000000000000000000000000000000000000000000
00000000000000000000000000000000000000000000000000
00000000000000000000000000000000000000000000000000
00000000000000000000000000000000000000000000000000
00000000000000000100000000000000000000000000100000
00000000000000000000000000000000000000000000000000
00000000000000000000000000000000000000000001000000
00000000000001000000000000000000000000000000000000
00000000000000000000000000000000000000001000000000
T0000000000000000000000000000000000000000000000000
00000000000000000000000000000000000000000000000T00
00000000000000000000000000000000000000000000000000
00000000000000000000000000000000001000000000000000
0000000000000000000000000000000
>50_4
00010000000000001100100000000000000000001000010101
10010100101010001000101000110000000000000001011001
00000000001100000000001000000100010100100000000010
00010000000101000101000000000010001010000000100000
00000010000000000100000000000000000000001000001010
00000000000001000000000000001100000000011000000000
10100000010000000000000001000100010000010000000000
00001000010100000001100000000001000000010000000000
00000000000000001000000000000100100000000100100000
00001000000000000000010000010100000000000001100000
01000000000000010000000000000000000011000000100100
T0000010100000000001000001000100000000000100000000
00000000000001100000011100000000000000000000000A10
00000010000100000001000000000000000000000000000100
00000000000000000000000000000000110000000000000000
0000000000001011001000000000000
>50_5
00000000000000000000000000000000000000000000000000
00000000000000010000000000000000000000000000000000
00000000000000000000000000000000000000000000000000
01000000000000000000000000000000000000000000000000
00000000000000000000000000000000000000000000000001
00000000000000000000000000000000000000000000000000
00000000000000000000000010000000000000000000000000
00000000000000000000001000000000000000000000000000
00000000000000000000000000000000000000000000000001
00000000000000000000000000000000000000000000000000
00000000000000000000000000000000000000000000000000
T0010000000000000000000000000000000000000000000000
00000000000000000000000000000000000000000000000T00
00000000000000000000000000000000001000000000000000
00000000000000000100000000000000000000000000000000
0000000000000000000000000000000
>50_6
00000000000000000000010000000000000000000000000000
00000000000000000000000000000000000000000000000000
00000000000000000000000000000000000000000000001000
00000000000000000010000000000000000000000000000000
00000000000000000000000000000000000000000000000000
01000000000000000000000000000000000000000000000000
00000000000000000000000000000000000000000000000000
00000000000000000000000000000100000000000000000000
00000000000000000000000000000000000000000000000000
00000000000000000000000000000000000000000100000000
00000000000000000000000000000000000000000000000000
T0000000000000000000000000000000000000000000000000
00000000000000000000000000000000000000000000000T00
00000000010000000000000000000100000000000000000000
00000000000000000010000000000000000000000000000000
0000000000000000000000000000000
>51_1
00000000000000001100100000000000000000001000010101
10010100101010000000101000110000000000000001011001
00000000001100000000001000000100010100100000000000
00010000000101000101000000000000001010000000100000
00000010000000000100000000000000000000001000000010
00000000000000000000000000001100000000011000000000
10100000010000000000000001000100010000010000000000
00001000010100000001100000000001000000000000000000
00000000000000001000000000000100100000000100100000
00001000000000000000010000010100000000000001100000
01000000000000010000000000000000000011000000100100
T0000010100000000001000001000100000000000100000000
00000000000001100000011100000000000000000000000A10
00000010000100000001000000000000000000000000000100
00000000000000000000000000000000110000000000000000
0000000000001011001000000000000
>52_1
00000000000000000000000000000000000000000000000000
00000000000000000000000000000000000000000000000000
00000000000000000000000000000000000000000000000000
00100000000000000000000001000000000000000000000000
00000000001000000000000000000000000000000000000000
00000000000000000000000000000001000000000000000000
00000000000000000000000000000000000000000000000000
00000000000000000000000000000000000000000000000000
00000000000000000000000000000000000000000000000000
00000000000000000000000000000000000000000000000000
00000000000000000000000000000000000000000000000000
T0000000000000100000000000000000000010000000000000
00000000000000000000000000000000000000000000000T00
00000000100000000000000000000000000000000000000000
00000000000000000000000000000000000000000000000000
0000000000000000000000000000000
>53_1
01000000000000010010000100000000000000001000010000
00110000000000000010100010100000000000010000000000
00000001000100000000001100000010010000000000000000
00000000000100000101000000000000001010000000000000
00000000000000000000100000001000001001000000000100
00000000000000000010000100001100000000000000000000
01100000000001100000000101000100000000010000000000
00000000010110000001100000000000000100000000000000
00000000000100000000000001000100000000000000000000
10110000000000101000000000000000000000000000001000
01000000000000000001000000000000000000000001000110
T0100010000000010100000000001100000000000100000000
00010000000001010000000010000010000000000000000G00
00100010000000000000000000000000010000000000000000
00001000100001000000010000000000000000000000000100
0000000000000011000010000000000
>54_1
00000000000000010010000000000000000000001000010000
00110000000000000010100010100000000000010000000000
00000001000100000000101100000010010000000100000000
00000000000100000101000010000000001011000000000000
00000000000000000000000000001000001001000000000100
00000000000000000000000000001100000000000000000000
00100000000000000000000001000100000000010000000000
00000000010110000001100000000000000110000000000000
00000000000100000000010000000100000000000000000000
10010000000000100000000001000000000010000000001010
01000001000000000001000000000000000000000000000100
T0100010000000000100001000001100000000000100000100
00010000101001000000000010000010000000000000100G00
00000010000000000000010000000000010000000000000000
00001000100001000000010000000000000000000000000100
0000000000000111000010000000001
>55_1
00000100100000000000001000100000000000000000010000
00000010000000000000000000000000000000000000000000
00000000000000000000000000000000000010001000000000
00000000000000000000000000000000000000000000000000
00000001000000000000000000000000000000000000000000
00000000010000000000000000010000100000000000000000
00000100000000001000000000000000000000000000000000
01000001000000000000000000000000000000000000000000
00000000000010000000000000000000000000000000000000
00000000100000000000000000000000010000000000000000
00000000000000000000000000100000000000000000000000
T0000000000000000000000000000100000000001000000000
00000010000001000000000000000000000000000000000T00
00000000000000000000000000000000000000000000000000
00010000000000010000000000000000000000000000000000
0000000000000000000000000000000
>56_1
00000000000000010010000000000000000000001000010000
00110000000000000010100010100000000000010000000000
00000001000100000000001100000010010000000000000000
00000000000100000101000000000000001010000000000000
00000000000000000000000000001000001001000000000100
00000000000000000000000000001100000000000000000000
00100000000000000000000001000100000000010000000000
00000000010110000001100000000000000100000000000000
00000000000100000000010000000100000000000000000000
10010000000000100000000000000000000000000000001000
01000000000000000001000000000000000000000000000100
T0100010000000000100000000001100000000000100000000
00010000000001100000000010000010000000000000000G00
00000010000000000000010000000000010000000000000000
00001000100001000000010000000000000000000000000100
0000000000000011000010000000000
>57_1
00000000000000010000000000000000000000001000010000
00010000000000000010100100100000000000110000000000
00000001000100000000001100000010010000000000000000
00000000000100000101000000100000001010000000000000
00000000000000000000000000001000001001000000000000
00000000000000000100000000001100000000000000010000
00110000000000000000000001000100000000010000000000
00000000010110000001100000000010000100000000000000
00000000000100000000000000000100000000000000000000
10010000000000100000000000000000000000000000011000
01000000000000000001000000000000000000000000000100
T0100010000000000000000000001100000000000100000000
00000000000101000000000000000000000000000000000G00
00000010000000000000000000000000010000000000000000
00001000100001000000010000000000000000000000000100
0000000000000011000010000000000
>58_1
00000000000000010000000000000000000000001000010000
00010000000000000010100100100000000000010000000000
00000001000100000000001100000010010000000000000000
00000000000100000101000000000000001010000000000000
00000000000000000000000000001000001001000000000000
00000000000000000100000000001100000000000000000000
00100000000000000000000001000100000000010000000000
00000000010110000001100000000010000100000000000000
00000000000100000000000000000100000000000000000000
10010000000000100000000000000000000000000000011000
01000000000000000001000000000000000000000000000100
T0100010000000000000000000001100000000000100000000
00000000000101000000000000000000000000000000000G00
00000010000000000000000000000000010000000000000000
00001000100001000000010000000000000000000000000100
0000000000000011000010000000000
>59_1
00000000000000000100000000000000000000001000010000
10010100001010000000101000100000000000000001000000
00000000000100000000001000000100010000100000000000
00010000000101000101000000000000001010000000100000
00000010000000000100000000000000000000001000000010
00000000000000000000000000001100000000001000000000
00100000000000000000000001000100010000010000000000
00001000010100000001100000100000000000000000000000
00000000000000000000000000000100100000000000100000
00001000000000000000000000000100000000000000100000
01000000000000000000000000000000000000000000000100
T0000010100000000001000000000100000000000100000000
00000000000001100000010100000000000000000000000A00
00000010000100000001000000000000000000000000000100
00000000000000000000000000000000110000000000000000
0000000000001011000000000000000
>60_1
00000000000000000000000000000000000000001000010000
10010100001010000000101000100000000000000000000000
00000000000100000000001000000000010000100000000000
00010000000100000101000000000000001010000000100000
00000010000000000100000000000000000000001000000010
00000000000000000001000000001100000001001000000000
00100000000000000000000001000100010000010000000000
00001000010100000001100000000000000000000000000000
00000000000000000000000000000100100000000000000000
00001000000000000000000000000000000000000000100000
01000000000000000000000000000000000000000000000100
T0000010100000000001000000000100000000000100000000
00000000000001100000110100000000000000000000000A00
00000010000100000001000000000000000000000000000100
00000000000000000000000000000000110000000000000000
0000000000001011000000000000000