
Sliding windows analysis - rho for total gene = 0.00007 per bp/kb

SNP_L	 SNP_R	 #SNPs	4Ner/bp/kb	 CLR	  Tajima's D

     14.00	    285.00	  10	   0.00000	    122.50	    -1.526
    309.00	    505.00	   9	   0.00000	    277.86	    -2.126
    625.00	    836.00	   5	   0.00000	    427.14	    -0.331
    900.00	   1132.00	   5	   0.00000	    526.63	    -0.979
   1191.00	   1476.00	   9	   0.00000	    793.85	    -1.176
   1535.00	   1714.00	   8	   0.00000	    907.71	    -0.582
   1786.00	   2057.00	   9	   0.00000	    979.32	    -1.748
   2093.00	   2338.00	  11	   0.00000	   1037.62	    -2.300
   2383.00	   2668.00	   6	   0.00000	   1088.18	    -1.862
   2808.00	   2949.00	   5	   0.00000	   1133.28	    -1.106
   3012.00	   3233.00	   9	   0.00000	   1181.50	    -1.919
   3274.00	   3517.00	  10	   0.00000	   1354.29	    -2.043
   3612.00	   3785.00	   3	   0.00000	   1440.42	    -1.041
   3883.00	   4089.00	  11	   0.00000	   1443.03	    -1.924
   4176.00	   4441.00	   6	   0.00000	   1493.28	    -1.947
   4459.00	   4714.00	   9	   0.00000	   1621.73	    -1.120
   4790.00	   4973.00	   7	   0.00000	   1678.78	    -1.175
   5069.00	   5346.00	   4	   0.00000	   1792.66	    -1.301
   5346.00	   5637.00	  10	   0.00000	   1870.72	    -1.968
   5687.00	   5911.00	   7	   0.00000	   1941.17	    -1.601
   5955.00	   6218.00	   9	   0.00000	   1963.34	    -1.871
   6246.00	   6485.00	   9	   0.00000	   1993.18	    -1.655
   6557.00	   6675.00	   4	   0.00000	   2084.07	    -1.567
   6837.00	   7112.00	   5	   0.00000	   2100.28	    -0.728
   7165.00	   7394.00	   6	   0.00000	   2175.27	    -1.018
   7447.00	   7682.00	   8	   0.00000	   2214.32	    -2.015
   7796.00	   7948.00	   5	   0.00000	   2282.54	    -0.231
   8027.00	   8296.00	  10	   0.00000	   2303.73	    -1.633
   8441.00	   8579.00	   6	   0.00000	   2435.79	    -1.615
   8618.00	   8911.00	  16	   0.00000	   2476.99	    -2.121
   8911.00	   9198.00	   3	   0.00000	   2518.92	    -1.041
   9339.00	   9480.00	   4	   0.00000	   2530.01	    -1.800
   9583.00	   9791.00	   8	   0.00000	   2546.35	    -2.015
   9814.00	  10088.00	   9	   0.00000	   2569.35	    -2.029
  10109.00	  10341.00	   3	   0.00000	   2571.34	    -1.560
  10402.00	  10586.00	   8	   0.00000	   2557.54	    -2.087
  10698.00	  10902.00	   8	   0.00000	   2530.24	    -1.311
  11008.00	  11278.00	  13	   0.00000	   2568.36	    -2.240
  11376.00	  11574.00	   6	   0.00000	   2548.66	    -1.817
  11600.00	  11833.00	   8	   0.00000	   2548.92	    -0.784
  11998.00	  12168.00	   6	   0.00000	   2541.61	    -1.903
  12182.00	  12342.00	   5	   0.00000	   2546.51	    -0.453
  12521.00	  12758.00	   9	   0.00000	   2537.22	    -1.068
  12779.00	  13055.00	   6	   0.00000	   2531.88	    -1.736
  13080.00	  13362.00	  10	   0.00000	   2499.32	    -2.073
  13390.00	  13615.00	   9	   0.00000	   2465.70	    -2.158
  13686.00	  13943.00	   7	   0.00000	   2424.83	    -1.474
  14001.00	  14231.00	   5	   0.00000	   2437.29	    -1.503
  14371.00	  14500.00	   5	   0.00000	   2430.80	    -1.322
  14641.00	  14830.00	   6	   0.00000	   2428.65	    -1.096
  14854.00	  15055.00	   9	   0.00000	   2380.20	    -1.383
  15162.00	  15366.00	   5	   0.00000	   2334.00	    -1.159
  15547.00	  15697.00	   8	   0.00000	   2320.69	    -2.090
  15783.00	  16039.00	   7	   0.00000	   2323.75	    -1.854
  16039.00	  16246.00	  14	   0.00000	   2295.15	    -1.867
  16354.00	  16568.00	   6	   0.00000	   2272.57	    -1.947
  16678.00	  16884.00	   8	   0.00000	   2219.00	    -0.961
  16953.00	  17169.00	  13	   0.00000	   2180.29	    -1.527
  17237.00	  17518.00	   6	   0.00007	   2127.03	    -1.059
  17534.00	  17819.00	   8	   0.00018	   2046.06	    -1.222
  17824.00	  18071.00	   6	   0.00024	   1991.57	    -0.510
  18127.00	  18404.00	   9	   0.00043	   1876.67	    -1.350
  18452.00	  18655.00	   4	   0.00069	   1812.03	    -0.467
  18871.00	  18999.00	   5	   0.00125	   1768.41	    -1.503
  19014.00	  19299.00	   8	   0.00067	   1692.66	    -1.572
  19355.00	  19500.00	   7	   0.00159	   1578.81	    -0.866
  19613.00	  19835.00	   3	   0.00108	   1569.08	    -1.560
  19905.00	  20135.00	   8	   0.00122	   1472.05	    -2.015
  20220.00	  20484.00	  14	   0.00117	   1366.65	    -1.779
  20556.00	  20781.00	   8	   0.00124	   1412.05	    -2.087
  20815.00	  21040.00	   6	   0.00120	   1449.93	    -1.948
  21098.00	  21336.00	  10	   0.00122	   1376.91	    -1.698
  21411.00	  21677.00	  10	   0.00102	   1405.78	    -1.833
  21705.00	  21977.00	  13	   0.00107	   1362.75	    -1.558
  21990.00	  22271.00	  13	   0.00100	   1361.47	    -1.900
  22282.00	  22411.00	   6	   0.00209	   1336.00	    -0.568
  22588.00	  22843.00	   6	   0.00110	   1296.86	    -1.947
  22920.00	  23151.00	   8	   0.00126	   1229.26	    -0.782
  23305.00	  23427.00	   6	   0.00221	   1271.23	    -1.819
  23473.00	  23715.00	  15	   0.00124	   1217.18	    -1.196
  23802.00	  24043.00	   9	   0.00129	   1198.08	    -1.090
  24068.00	  24325.00	  11	   0.00125	   1098.62	    -1.235
  24447.00	  24633.00	  11	   0.00188	   1022.16	    -1.652
  24712.00	  24906.00	   6	   0.00186	    966.38	    -0.254
  24956.00	  25211.00	  12	   0.00133	    968.56	    -1.786
  25265.00	  25496.00	  10	   0.00139	    979.40	    -1.234
  25567.00	  25835.00	   8	   0.00112	    991.55	    -1.593
  25843.00	  26130.00	  17	   0.00111	    918.26	    -2.336
  26151.00	  26421.00	  11	   0.00130	    778.47	    -1.388
  26454.00	  26730.00	  13	   0.00149	    607.70	    -1.284
  26730.00	  27027.00	  11	   0.00141	    512.43	    -2.039
  27027.00	  27318.00	  17	   0.00148	    408.53	    -1.424
  27328.00	  27604.00	   9	   0.00156	    354.13	    -1.595
  27677.00	  27892.00	   3	   0.00177	    355.99	    -1.171
  27921.00	  28208.00	   6	   0.00139	    325.51	    -1.355
  28227.00	  28510.00	   7	   0.00141	    302.82	    -1.774
  28571.00	  28811.00	  12	   0.00208	    184.57	    -1.945
  28811.00	  29107.00	  12	   0.00172	    149.82	    -1.627
  29107.00	  29400.00	   4	   0.00177	    116.59	    -0.897
  29413.00	  29679.00	   7	   0.00312	     50.24	    -1.358
  29711.00	  29958.00	  11	   0.00538	      4.69	    -1.896
