818 30000.000 L
14.000
41.000
71.000
92.000
176.000
219.000
236.000
243.000
257.000
285.000
309.000
319.000
320.000
374.000
390.000
415.000
432.000
475.000
505.000
625.000
658.000
756.000
803.000
836.000
900.000
1029.000
1095.000
1113.000
1132.000
1191.000
1218.000
1262.000
1274.000
1298.000
1328.000
1363.000
1398.000
1476.000
1535.000
1560.000
1561.000
1568.000
1583.000
1641.000
1699.000
1714.000
1786.000
1868.000
1872.000
1925.000
1942.000
1947.000
1963.000
2055.000
2057.000
2093.000
2114.000
2117.000
2160.000
2215.000
2228.000
2238.000
2299.000
2313.000
2320.000
2338.000
2383.000
2412.000
2419.000
2480.000
2544.000
2668.000
2808.000
2814.000
2881.000
2899.000
2949.000
3012.000
3058.000
3077.000
3098.000
3170.000
3186.000
3198.000
3210.000
3233.000
3274.000
3291.000
3292.000
3293.000
3329.000
3376.000
3385.000
3398.000
3421.000
3517.000
3612.000
3707.000
3785.000
3883.000
3943.000
3973.000
3974.000
3990.000
4005.000
4016.000
4033.000
4076.000
4088.000
4089.000
4176.000
4246.000
4269.000
4312.000
4332.000
4441.000
4459.000
4463.000
4482.000
4485.000
4597.000
4623.000
4626.000
4699.000
4714.000
4790.000
4925.000
4941.000
4951.000
4955.000
4959.000
4973.000
5069.000
5078.000
5298.000
5346.000
5351.000
5394.000
5470.000
5508.000
5530.000
5544.000
5569.000
5578.000
5637.000
5687.000
5719.000
5790.000
5799.000
5818.000
5859.000
5911.000
5955.000
5959.000
6039.000
6071.000
6076.000
6169.000
6192.000
6206.000
6218.000
6246.000
6263.000
6267.000
6317.000
6322.000
6327.000
6365.000
6385.000
6485.000
6557.000
6580.000
6645.000
6675.000
6837.000
6946.000
6968.000
7086.000
7112.000
7165.000
7178.000
7180.000
7324.000
7389.000
7394.000
7447.000
7475.000
7561.000
7564.000
7586.000
7619.000
7645.000
7682.000
7796.000
7818.000
7827.000
7852.000
7948.000
8027.000
8131.000
8135.000
8144.000
8150.000
8173.000
8182.000
8192.000
8282.000
8296.000
8441.000
8470.000
8493.000
8552.000
8573.000
8579.000
8618.000
8655.000
8670.000
8704.000
8712.000
8736.000
8739.000
8745.000
8763.000
8808.000
8811.000
8840.000
8850.000
8900.000
8906.000
8911.000
8953.000
9198.000
9339.000
9345.000
9478.000
9480.000
9583.000
9618.000
9674.000
9685.000
9705.000
9748.000
9755.000
9791.000
9814.000
9816.000
9831.000
9851.000
9857.000
9886.000
9962.000
10045.000
10088.000
10109.000
10166.000
10341.000
10402.000
10426.000
10460.000
10506.000
10552.000
10553.000
10580.000
10586.000
10698.000
10700.000
10811.000
10844.000
10857.000
10881.000
10889.000
10902.000
11008.000
11031.000
11041.000
11079.000
11119.000
11164.000
11181.000
11199.000
11206.000
11236.000
11264.000
11269.000
11278.000
11376.000
11416.000
11426.000
11440.000
11514.000
11574.000
11600.000
11660.000
11726.000
11740.000
11806.000
11812.000
11822.000
11833.000
11998.000
12028.000
12063.000
12078.000
12085.000
12168.000
12182.000
12229.000
12235.000
12315.000
12342.000
12521.000
12534.000
12549.000
12560.000
12627.000
12639.000
12746.000
12752.000
12758.000
12779.000
12781.000
12942.000
13009.000
13010.000
13055.000
13080.000
13081.000
13145.000
13165.000
13172.000
13236.000
13248.000
13283.000
13324.000
13362.000
13390.000
13415.000
13421.000
13441.000
13445.000
13446.000
13592.000
13596.000
13615.000
13686.000
13695.000
13747.000
13771.000
13840.000
13841.000
13943.000
14001.000
14022.000
14052.000
14075.000
14231.000
14371.000
14406.000
14481.000
14495.000
14500.000
14641.000
14697.000
14744.000
14790.000
14798.000
14830.000
14854.000
14859.000
14884.000
14908.000
14922.000
14943.000
14992.000
15011.000
15055.000
15162.000
15277.000
15288.000
15363.000
15366.000
15547.000
15572.000
15603.000
15616.000
15654.000
15662.000
15663.000
15697.000
15783.000
15818.000
15847.000
15887.000
15896.000
15932.000
16039.000
16072.000
16082.000
16085.000
16096.000
16097.000
16108.000
16202.000
16206.000
16208.000
16212.000
16216.000
16237.000
16246.000
16354.000
16384.000
16392.000
16440.000
16486.000
16568.000
16678.000
16702.000
16716.000
16720.000
16738.000
16815.000
16858.000
16884.000
16953.000
17001.000
17063.000
17080.000
17088.000
17089.000
17090.000
17107.000
17113.000
17119.000
17130.000
17152.000
17169.000
17237.000
17361.000
17390.000
17420.000
17460.000
17518.000
17534.000
17551.000
17573.000
17582.000
17592.000
17626.000
17776.000
17819.000
17824.000
17989.000
17992.000
17994.000
18049.000
18071.000
18127.000
18181.000
18195.000
18209.000
18223.000
18236.000
18248.000
18378.000
18404.000
18452.000
18584.000
18594.000
18655.000
18871.000
18923.000
18928.000
18986.000
18999.000
19014.000
19066.000
19130.000
19204.000
19251.000
19280.000
19281.000
19299.000
19355.000
19390.000
19446.000
19456.000
19466.000
19473.000
19500.000
19613.000
19834.000
19835.000
19905.000
19956.000
19974.000
19977.000
19995.000
20008.000
20013.000
20135.000
20220.000
20225.000
20257.000
20282.000
20329.000
20332.000
20340.000
20352.000
20356.000
20359.000
20416.000
20434.000
20471.000
20484.000
20556.000
20577.000
20580.000
20688.000
20706.000
20754.000
20764.000
20781.000
20815.000
20829.000
20876.000
20895.000
21005.000
21040.000
21098.000
21157.000
21158.000
21188.000
21208.000
21226.000
21292.000
21293.000
21323.000
21336.000
21411.000
21412.000
21444.000
21446.000
21473.000
21539.000
21624.000
21665.000
21667.000
21677.000
21705.000
21709.000
21710.000
21719.000
21776.000
21783.000
21817.000
21853.000
21890.000
21923.000
21947.000
21969.000
21977.000
21990.000
21994.000
22072.000
22096.000
22097.000
22120.000
22129.000
22137.000
22140.000
22214.000
22221.000
22237.000
22271.000
22282.000
22312.000
22375.000
22381.000
22384.000
22411.000
22588.000
22597.000
22742.000
22744.000
22834.000
22843.000
22920.000
22984.000
22990.000
23024.000
23105.000
23120.000
23135.000
23151.000
23305.000
23315.000
23317.000
23336.000
23412.000
23427.000
23473.000
23501.000
23531.000
23552.000
23556.000
23579.000
23583.000
23591.000
23624.000
23644.000
23650.000
23661.000
23687.000
23692.000
23715.000
23802.000
23834.000
23863.000
23919.000
23955.000
23957.000
23980.000
24039.000
24043.000
24068.000
24089.000
24095.000
24113.000
24164.000
24181.000
24192.000
24281.000
24298.000
24306.000
24325.000
24447.000
24509.000
24536.000
24566.000
24577.000
24578.000
24586.000
24587.000
24623.000
24629.000
24633.000
24712.000
24724.000
24754.000
24770.000
24834.000
24906.000
24956.000
24961.000
25009.000
25073.000
25077.000
25085.000
25106.000
25111.000
25175.000
25202.000
25203.000
25211.000
25265.000
25333.000
25363.000
25365.000
25394.000
25401.000
25430.000
25442.000
25444.000
25496.000
25567.000
25625.000
25674.000
25714.000
25763.000
25791.000
25826.000
25835.000
25843.000
25896.000
25916.000
25921.000
25951.000
25962.000
25987.000
25990.000
26002.000
26005.000
26012.000
26033.000
26094.000
26098.000
26103.000
26124.000
26130.000
26151.000
26154.000
26235.000
26238.000
26257.000
26289.000
26300.000
26321.000
26344.000
26385.000
26421.000
26454.000
26469.000
26488.000
26523.000
26538.000
26547.000
26605.000
26623.000
26637.000
26647.000
26695.000
26700.000
26730.000
26770.000
26776.000
26787.000
26813.000
26845.000
26870.000
26873.000
26891.000
27017.000
27027.000
27034.000
27080.000
27088.000
27100.000
27102.000
27126.000
27134.000
27182.000
27193.000
27204.000
27216.000
27243.000
27261.000
27272.000
27275.000
27318.000
27328.000
27367.000
27389.000
27399.000
27453.000
27470.000
27501.000
27576.000
27604.000
27677.000
27761.000
27892.000
27921.000
28047.000
28074.000
28089.000
28142.000
28208.000
28227.000
28388.000
28446.000
28475.000
28477.000
28484.000
28510.000
28571.000
28594.000
28597.000
28611.000
28618.000
28629.000
28659.000
28663.000
28726.000
28796.000
28798.000
28811.000
28835.000
28844.000
28858.000
28897.000
28941.000
28950.000
28981.000
28997.000
29010.000
29092.000
29107.000
29219.000
29342.000
29400.000
29413.000
29416.000
29575.000
29652.000
29655.000
29658.000
29679.000
29711.000
29724.000
29756.000
29758.000
29840.000
29850.000
29885.000
29908.000
29940.000
29950.000
29958.000