Distribution of estimated Rho values

Shuffle   Rho    Lkmax      G4     corr(r2,d)   corr(D',d)

   1     1.910  -11400220.955  11376050   0.00307   0.00247
   2     1.950  -11400255.695  10615110  -0.00388   0.00759
   3     1.850  -11400124.302  10301727  -0.01489   0.01051
   4     1.850  -11400184.759  11531664  -0.00430   0.00036
   5     1.940  -11400162.528  11053244  -0.01323   0.00333
   6     1.870  -11400209.984  12021626   0.00205  -0.00243
   7     1.940  -11400137.212  11586239  -0.00206   0.00022
   8     1.890  -11400101.541  12402843   0.00432  -0.00736
   9     1.930  -11400146.603  11927103  -0.00783  -0.00171
  10     1.850  -11400252.701  10722136  -0.00915   0.00550
  11     1.930  -11400232.888  11803462   0.00483  -0.00301
  12     1.900  -11400217.887  11732247   0.00075  -0.00121
  13     1.840  -11400187.065  11460889  -0.00083  -0.00020
  14     2.040  -11400149.951  12006896   0.00058  -0.00156
  15     1.900  -11400249.446  11088801  -0.00544   0.00315
  16     1.970  -11400307.912  10273755   0.00504   0.00796
  17     1.890  -11400192.420  12877322   0.00527  -0.00950
  18     1.970  -11400194.005  10650536  -0.01085   0.00742
  19     1.870  -11400199.836  12384113   0.00646  -0.00644
  20     1.850  -11400264.241  11300786   0.00923   0.00199
  21     2.060  -11400216.757  11336351   0.00459   0.00225
  22     1.960  -11400168.710  11968667   0.00671  -0.00124
  23     1.880  -11400112.936  11637734  -0.00193   0.00088
  24     1.880  -11400292.293  10706617   0.01042   0.00541
  25     1.970  -11400188.534  11245221  -0.00087   0.00048
  26     1.950  -11400206.317  12020234   0.00390  -0.00384
  27     1.920  -11400288.361  11595675   0.00474  -0.00155
  28     1.940  -11400320.187  11828844   0.01036  -0.00442
  29     1.870  -11400247.208  11540173   0.00474  -0.00096
  30     1.950  -11400157.501  13213619   0.00244  -0.00901
  31     1.960  -11400235.432  11290042   0.00290   0.00072
  32     1.870  -11400289.076  10264745  -0.00129   0.00796
  33     1.970  -11400301.391  11580960   0.00182   0.00077
  34     1.860  -11400329.028  10786511   0.00113   0.00515
  35     1.950  -11400101.282  11617295  -0.00408   0.00017
  36     1.930  -11400087.550  11964047  -0.00754  -0.00336
  37     2.000  -11400247.371  11079564   0.00082   0.00162
  38     1.940  -11400151.503  13271535   0.00194  -0.01345
  39     1.950  -11400134.630  11251713   0.00039   0.00122
  40     1.920  -11400163.830  11058758  -0.00956   0.00252
  41     1.950  -11400283.251  10293731  -0.00851   0.00760
  42     1.870  -11400321.547  10572822   0.01028   0.00589
  43     2.080  -11400168.830  11102222  -0.00736   0.00254
  44     2.030  -11400324.654  10357942  -0.00679   0.00809
  45     1.930  -11400205.423  12507516   0.00171  -0.00805
  46     1.820  -11400230.958  10997304   0.00564   0.00529
  47     1.840  -11400296.916  11082227   0.00585   0.00465
  48     2.050  -11400178.343  10972857  -0.00463   0.00360
  49     1.920  -11400291.322  11053956  -0.00213   0.00346
  50     1.840  -11400325.388  10435383   0.00311   0.00751
  51     2.020  -11400120.912  11517134  -0.00936  -0.00122
  52     1.900  -11400272.745  11752792   0.00631  -0.00173
  53     1.870  -11400243.045  11118545  -0.00202   0.00208
  54     2.020  -11400133.389  11808122  -0.00828  -0.00199
  55     1.880  -11400210.361  12330922   0.00303  -0.00664
  56     1.900  -11400289.251  10828160   0.00565   0.00354
  57     1.890  -11400219.645  11718133   0.00385  -0.00326
  58     2.100  -11400032.119  11987722  -0.01303  -0.00292
  59     1.890  -11400242.719  11232128   0.00192   0.00074
  60     1.800  -11400303.067  11677276   0.00924  -0.00045
  61     2.030  -11400270.249  10429316   0.00637   0.00758
  62     1.770  -11400094.932  11780898  -0.00690  -0.00170
  63     1.930  -11400176.058  11543741  -0.00382   0.00101
  64     1.910  -11400206.430  11984047  -0.00032  -0.00179
  65     2.000  -11400167.069  11623168  -0.00409  -0.00009
  66     1.930  -11400204.811  12732546   0.00299  -0.00695
  67     1.970  -11400164.630  11242525  -0.00787   0.00030
  68     1.870  -11400270.277  12312903   0.01002  -0.00843
  69     1.920  -11400356.242  11476985   0.01231   0.00140
  70     1.960  -11400001.129  12039415  -0.00871  -0.00248
  71     1.830  -11400252.697  12180718   0.00468  -0.00402
  72     1.960  -11400150.256  12686567   0.00197  -0.00702
  73     1.920  -11400307.731  11573993   0.01219  -0.00059
  74     1.880  -11400136.784  11957434  -0.00078  -0.00200
  75     1.940  -11400199.018  11799399   0.00160  -0.00248
  76     2.040  -11400066.802  11658943  -0.00801  -0.00034
  77     1.980  -11400323.411  11057037   0.01010   0.00426
  78     2.050  -11400028.250  12271018  -0.01450  -0.00407
  79     1.900  -11400044.765  12504520  -0.01076  -0.00803
  80     1.980  -11400213.771  11216783   0.00112   0.00105
  81     1.940  -11400281.857  11654431  -0.00516  -0.00252
  82     1.940  -11400119.288  11979357   0.00044  -0.00307
  83     2.010  -11400207.932  11309916   0.00350  -0.00120
  84     1.990  -11400248.120  11476211   0.00953   0.00001
  85     1.810  -11400195.430  12997529  -0.00254  -0.00994
  86     2.040  -11400197.699  10891572  -0.00073   0.00523
  87     1.960  -11400145.860  11105774  -0.00433   0.00104
  88     2.020  -11400035.284  12505726  -0.01187  -0.00788
  89     1.910  -11400264.650  11529182   0.00873  -0.00039
  90     1.990  -11400121.625  12499425  -0.01040  -0.00779
  91     1.990  -11400277.333  10897210   0.00116   0.00399
  92     2.090  -11400181.394  11268618  -0.00380   0.00179
  93     1.890  -11400325.386  11237612   0.00448   0.00069
  94     1.900  -11400240.296  11606876   0.00418  -0.00287
  95     1.970  -11400310.242  10722586   0.00811   0.00429
  96     1.840  -11400371.578  10696405   0.00990   0.00450
  97     1.860  -11400261.822  11317369   0.00418  -0.00024
  98     1.890  -11400252.390  11395871  -0.00467   0.00191
  99     1.840  -11400252.960  11367805   0.00256   0.00042
 100     1.930  -11400224.800  10977150   0.00015   0.00132
 101     1.810  -11400216.666  11575965   0.00265   0.00087
 102     1.880  -11400208.442  11411980   0.00558   0.00193
 103     1.930  -11400108.793  11523216  -0.00743   0.00084
 104     1.980  -11400160.100  11684220   0.00399  -0.00228
 105     2.050  -11400277.350  11516775   0.00489  -0.00030
 106     1.880  -11400245.206  12041293  -0.00892  -0.00313
 107     2.110  -11400064.537  12016734  -0.00756  -0.00468
 108     1.880  -11400112.415  11721135  -0.01102  -0.00104
 109     1.900  -11400367.993  10636975   0.00477   0.00622
 110     1.930  -11400210.124  11707612  -0.00204  -0.00294
 111     1.890  -11400182.159  11526606  -0.00221   0.00068
 112     2.070  -11400146.766  10090962  -0.01314   0.00886
 113     1.920  -11400222.642  11257984  -0.00100   0.00206
 114     1.880  -11400254.381  11428015   0.00337   0.00033
 115     2.090  -11399950.483  12362079  -0.01185  -0.00665
 116     1.970  -11400159.133  11619421  -0.00085   0.00004
 117     1.860  -11400307.207  10327494  -0.00998   0.00883
 118     1.910  -11400337.499  10436523   0.01133   0.00834
 119     1.960  -11400240.678  11641592   0.00094  -0.00123
 120     1.930  -11400153.002  12161898  -0.00610  -0.00610
 121     1.890  -11400181.908  11991384  -0.00266  -0.00132
 122     1.850  -11400182.545  11736087   0.00037  -0.00157
 123     1.940  -11400185.664  11576915   0.00572  -0.00162
 124     1.960  -11400204.500  12320084   0.00649  -0.00653
 125     1.850  -11400150.094  12356444   0.01019  -0.00313
 126     1.980  -11400073.925  11707887  -0.01234  -0.00177
 127     1.910  -11400199.762  11427619   0.00633   0.00119
 128     1.960  -11400164.288  12488427   0.00369  -0.00369
 129     1.950  -11400361.211  10083407   0.00457   0.00867
 130     1.860  -11400188.459  11466010  -0.00045  -0.00069
 131     2.010  -11400197.628  11107703  -0.00215   0.00369
 132     2.040  -11400172.580  12036273   0.00074  -0.00239
 133     1.970  -11400188.813  11529387   0.00358  -0.00111
 134     1.890  -11400156.124  12700684   0.00043  -0.00805
 135     2.090  -11400129.366  10644485  -0.00657   0.00536
 136     1.860  -11400209.259  12069917   0.00858  -0.00492
 137     1.990  -11400185.722  10471484  -0.00225   0.00637
 138     2.030  -11400219.272  9227311  -0.01435   0.01551
 139     1.920  -11400107.266  11810179  -0.00739  -0.00283
 140     1.900  -11400247.386  11942538   0.00853  -0.00362
 141     2.040  -11400225.762  11980455   0.00148  -0.00359
 142     1.940  -11400157.492  10981843  -0.00314   0.00286
 143     2.000  -11400180.399  11497686  -0.00114  -0.00041
 144     1.950  -11400125.359  11476062  -0.00613   0.00088
 145     1.840  -11400224.275  10988919  -0.00354   0.00299
 146     1.830  -11400293.630  11609245  -0.00080  -0.00199
 147     1.850  -11400247.088  11862452   0.00043  -0.00091
 148     1.950  -11400172.636  12797347   0.00526  -0.01041
 149     2.020  -11400052.899  11912301  -0.00341  -0.00442
 150     1.920  -11400165.063  11176505  -0.00545   0.00236
 151     2.040  -11400162.032  11141069  -0.00077   0.00231
 152     1.960  -11400051.340  11985894  -0.00729  -0.00204
 153     1.970  -11400156.604  11565061  -0.00658  -0.00137
 154     2.000  -11399996.700  12243933  -0.01264  -0.00632
 155     1.890  -11400128.146  11898700  -0.00470  -0.00108
 156     1.940  -11400150.187  12253807   0.00093  -0.00388
 157     1.980  -11400329.498  11293029   0.00897   0.00046
 158     1.920  -11400152.072  12573199   0.00546  -0.00741
 159     2.050  -11400195.457  10237027  -0.00820   0.00910
 160     1.900  -11400115.452  12230712  -0.00967  -0.00308
 161     1.980  -11400330.857  10165407   0.01065   0.00780
 162     1.860  -11400281.676  11772668   0.00324  -0.00238
 163     1.980  -11400216.059  11335373   0.00047   0.00223
 164     1.980  -11400271.209  12472264   0.00340  -0.00574
 165     1.840  -11400142.403  11733558  -0.00237  -0.00102
 166     1.800  -11400285.094  11148677  -0.00333   0.00241
 167     1.910  -11400225.082  11938870   0.00620  -0.00245
 168     1.980  -11400309.757  10740117  -0.00028   0.00413
 169     2.000  -11400294.910  10209881   0.00481   0.00854
 170     1.920  -11400249.652  11078645  -0.00489   0.00488
 171     2.030  -11400221.523  10993550  -0.00346   0.00477
 172     1.930  -11400287.650  10934498   0.00437   0.00678
 173     1.900  -11400183.687  11976885   0.00050  -0.00494
 174     2.020  -11400304.474  11299197   0.00241   0.00109
 175     1.860  -11400333.381  10141952   0.00284   0.00891
 176     1.980  -11400184.598  12429235   0.00286  -0.00773
 177     1.900  -11400152.522  11964526  -0.00419  -0.00432
 178     1.820  -11400128.332  12381539  -0.00040  -0.00400
 179     1.930  -11400178.324  10697322  -0.00337   0.00666
 180     2.020  -11400083.023  12136994  -0.00144  -0.00677
 181     1.960  -11400190.929  11659620   0.00213  -0.00136
 182     2.000  -11400357.630  10736909   0.00930   0.00562
 183     1.880  -11400307.844  10487316   0.00017   0.00694
 184     1.870  -11400204.033  11853284   0.00547  -0.00196
 185     1.890  -11400280.049  10739783   0.00377   0.00420
 186     2.040  -11400079.693  11268279  -0.00341   0.00077
 187     2.050  -11399972.291  11952620  -0.00556  -0.00164
 188     1.890  -11400268.322  11086677   0.00368   0.00261
 189     2.010  -11399873.159  13292814  -0.01725  -0.01226
 190     1.900  -11400230.383  11665353   0.00319  -0.00120
 191     1.940  -11400303.485  11244025  -0.00195   0.00053
 192     1.910  -11400113.610  12453644  -0.00435  -0.00415
 193     1.900  -11400220.453  11361898   0.00594   0.00082
 194     1.970  -11400318.537  10919274   0.00794   0.00423
 195     2.030  -11400119.520  11955178  -0.01155  -0.00408
 196     1.920  -11400004.044  12388583  -0.01149  -0.00772
 197     1.950  -11400295.825  11233777   0.00176   0.00075
 198     2.020  -11400209.372  11672335   0.00721  -0.00010
 199     1.910  -11400271.890  12166890   0.00222  -0.00450
 200     2.000  -11400292.631  9977492   0.00235   0.00896
 201     2.030  -11400192.505  10752806   0.00077   0.00377
 202     1.980  -11400221.948  11665978   0.00067  -0.00149
 203     1.810  -11400253.256  10763812  -0.00779   0.00431
 204     1.870  -11400273.661  11800732   0.00758  -0.00268
 205     1.990  -11400228.748  10370414  -0.00645   0.00747
 206     1.850  -11400322.480  11186322   0.00757   0.00173
 207     1.840  -11400223.058  11427577  -0.00142   0.00194
 208     1.940  -11400064.606  11893081  -0.01051  -0.00274
 209     2.010  -11400205.310  11090709  -0.00372   0.00277
 210     1.930  -11400229.851  10108163  -0.00186   0.01137
 211     1.920  -11400245.612  11584823   0.00429  -0.00093
 212     2.000  -11400229.737  10377224  -0.00243   0.00648
 213     1.880  -11400098.580  12144908  -0.01205  -0.00610
 214     1.870  -11400228.287  11744534   0.00583  -0.00139
 215     2.010  -11400145.011  11355831   0.00065   0.00090
 216     1.800  -11400306.938  11319553   0.01046   0.00029
 217     1.810  -11400240.398  11723381   0.00500  -0.00153
 218     1.800  -11400252.614  11474839   0.00210   0.00025
 219     1.930  -11400165.967  11942231  -0.00718  -0.00244
 220     1.900  -11400204.264  11256209   0.00206   0.00146
 221     1.860  -11400257.958  11469045  -0.00035   0.00034
 222     1.900  -11400325.695  11871095   0.00863  -0.00276
 223     1.950  -11400201.006  12274401   0.00952  -0.00703
 224     1.960  -11400203.546  11508077  -0.00804  -0.00030
 225     1.930  -11400308.140  11091911   0.00508   0.00455
 226     2.010  -11400323.903  10373288   0.00550   0.00827
 227     2.060  -11400001.033  13215070  -0.01518  -0.01297
 228     1.960  -11400158.719  11598167  -0.00226  -0.00104
 229     2.010  -11400372.193  10540994   0.01344   0.00680
 230     1.920  -11400432.040  11083939   0.01059   0.00306
 231     1.940  -11400260.072  10654982  -0.00289   0.00706
 232     1.960  -11400212.396  11995952   0.00489  -0.00430
 233     2.020  -11400142.187  12311061   0.00053  -0.00813
 234     1.960  -11400281.250  11218801   0.00623   0.00260
 235     1.920  -11400206.996  11445833   0.00352   0.00017
 236     2.020  -11400215.451  11005024  -0.00324   0.00264
 237     1.990  -11400234.728  10595028  -0.00596   0.00565
 238     2.010  -11400195.663  11926967  -0.00090  -0.00482
 239     2.020  -11399980.994  12307948  -0.00245  -0.00623
 240     1.940  -11400244.359  10929206  -0.00062   0.00195
 241     1.990  -11400210.788  12041887  -0.00438  -0.00538
 242     1.950  -11400082.077  12117035  -0.00042  -0.00489
 243     1.910  -11400113.997  11536050  -0.00328   0.00122
 244     1.980  -11400119.290  9849036  -0.01044   0.01133
 245     1.880  -11400193.511  11066666   0.00306   0.00222
 246     1.730  -11400233.004  11584986   0.00506   0.00049
 247     1.900  -11400083.051  11616033  -0.00407   0.00070
 248     1.920  -11400246.560  10820182   0.00059   0.00196
 249     1.970  -11400260.539  10841090   0.00763   0.00341
 250     1.960  -11400150.293  11212099  -0.00233   0.00092
 251     1.970  -11400069.212  11910452  -0.01018  -0.00336
 252     1.990  -11400075.621  12009684  -0.01132  -0.00677
 253     1.960  -11400203.868  11497175  -0.00133  -0.00082
 254     1.980  -11400157.278  11487792   0.00430   0.00049
 255     2.120  -11400104.571  11961447  -0.00415  -0.00253
 256     2.060  -11400187.511  12030106   0.00669  -0.00498
 257     1.940  -11400134.275  11904166  -0.00141  -0.00346
 258     2.000  -11400234.473  10633607   0.00173   0.00536
 259     1.940  -11400239.078  10715968  -0.00055   0.00540
 260     1.930  -11400219.963  10156281   0.00135   0.01085
 261     1.880  -11400281.469  10430847  -0.00406   0.00666
 262     1.800  -11400259.660  11530938  -0.00341  -0.00127
 263     1.980  -11400290.526  11624150   0.00842  -0.00101
 264     1.810  -11400301.012  10413602  -0.00042   0.00743
 265     1.980  -11400278.050  10995009  -0.00031   0.00254
 266     1.840  -11400218.760  11662730  -0.00039  -0.00129
 267     1.830  -11400285.557  11378153   0.01530   0.00183
 268     1.900  -11400176.597  12697170   0.00303  -0.00892
 269     1.920  -11400273.338  11735543   0.00631  -0.00164
 270     1.970  -11400309.076  9998645   0.00175   0.01052
 271     2.030  -11400197.210  10819822  -0.01016   0.00406
 272     1.900  -11400267.139  10884044   0.00395   0.00506
 273     2.060  -11400303.304  10959062   0.00106   0.00307
 274     2.080  -11400302.049  10587195   0.00138   0.00585
 275     1.930  -11400208.868  11749281  -0.00420  -0.00254
 276     1.870  -11400281.607  11631148   0.00089  -0.00009
 277     1.920  -11400157.743  12030140   0.00057  -0.00502
 278     1.860  -11400183.292  10916596  -0.00674   0.00409
 279     1.840  -11400146.625  11910696  -0.00286  -0.00350
 280     1.950  -11400294.932  10807468   0.00662   0.00458
 281     1.840  -11400136.713  12097911  -0.00772  -0.00173
 282     1.990  -11400186.886  10487598  -0.00986   0.00518
 283     1.930  -11400211.186  10838277  -0.00150   0.00440
 284     1.870  -11400123.102  12001823  -0.00181  -0.00403
 285     1.880  -11400240.173  10546303  -0.00636   0.00745
 286     1.920  -11400288.214  11666181   0.01156  -0.00223
 287     1.810  -11400316.753  10543867   0.00613   0.00564
 288     1.950  -11400352.591  11357758   0.00133   0.00145
 289     1.870  -11400245.054  11415773  -0.00126   0.00117
 290     1.920  -11400267.042  11291171   0.00730   0.00049
 291     1.890  -11400261.036  12572688   0.00208  -0.00692
 292     2.020  -11400345.651  11475925   0.01176  -0.00055
 293     1.910  -11400118.571  12063407  -0.00757  -0.00267
 294     1.840  -11400260.093  11255654   0.00030   0.00208
 295     1.990  -11400224.378  12276168   0.00528  -0.00743
 296     1.910  -11400250.812  11797954   0.00984  -0.00308
 297     2.030  -11400058.968  12027371  -0.01203  -0.00305
 298     1.850  -11400050.448  12555838  -0.00730  -0.00852
 299     1.920  -11400117.962  12315637  -0.00482  -0.00611
 300     1.960  -11400193.064  10938371  -0.00201   0.00254
 301     1.940  -11400029.906  13134643  -0.00935  -0.00983
 302     1.960  -11400089.223  12243261  -0.00430  -0.00385
 303     1.990  -11400127.139  10702764  -0.00521   0.00677
 304     1.930  -11400206.869  11104109   0.00119   0.00177
 305     1.930  -11400239.030  10948467   0.00209   0.00342
 306     1.810  -11400129.114  10853977  -0.00904   0.00441
 307     2.000  -11400057.002  11805536  -0.00998  -0.00071
 308     1.970  -11400310.487  10131927  -0.00052   0.00831
 309     1.880  -11400245.450  10729547   0.00355   0.00617
 310     1.980  -11400168.967  12160782   0.00245  -0.00372
 311     2.010  -11400114.624  11987936  -0.00482  -0.00496
 312     1.890  -11400194.562  12398153   0.00543  -0.00720
 313     1.960  -11400239.563  11370309  -0.00168   0.00047
 314     1.870  -11400168.026  12593520   0.00579  -0.00721
 315     1.830  -11400254.026  11092768   0.00116   0.00145
 316     1.790  -11400382.265  11126376   0.00810   0.00349
 317     2.060  -11400197.507  11062652   0.00128   0.00161
 318     1.940  -11400147.660  11340503  -0.00051   0.00313
 319     1.890  -11400285.433  11497823   0.00827  -0.00129
 320     1.870  -11400332.797  11307941   0.00897   0.00066
 321     1.870  -11400100.679  12882424  -0.00118  -0.01026
 322     1.950  -11400241.010  11310073   0.00109   0.00310
 323     1.960  -11400118.381  12025876  -0.00961  -0.00341
 324     2.070  -11400143.378  11261546  -0.00969  -0.00031
 325     1.850  -11400315.980  11094716   0.00705   0.00218
 326     1.930  -11400309.172  11594315   0.01076  -0.00226
 327     2.040  -11400127.849  11818816  -0.00406  -0.00037
 328     1.960  -11400297.692  10435612   0.00180   0.00587
 329     2.010  -11400145.216  12308971   0.00709  -0.00566
 330     1.980  -11400222.140  11274540   0.00101   0.00215
 331     1.940  -11400321.624  10934427   0.00634   0.00365
 332     1.830  -11400278.855  12531203   0.00247  -0.00606
 333     1.950  -11400262.496  11510872   0.00518  -0.00015
 334     2.070  -11400175.002  11127878  -0.00533   0.00292
 335     1.900  -11400319.100  12084231   0.00639  -0.00487
 336     1.950  -11400217.453  10493460  -0.00290   0.00706
 337     2.000  -11400193.513  11484057   0.00373  -0.00107
 338     2.040  -11400176.754  11632154   0.00332   0.00042
 339     1.940  -11400234.759  10815449   0.00251   0.00402
 340     1.970  -11400192.493  11974786   0.00020  -0.00470
 341     1.930  -11400200.047  12191146   0.00259  -0.00562
 342     1.990  -11400104.888  12631938  -0.00021  -0.00457
 343     2.070  -11399886.716  12784215  -0.01230  -0.00953
 344     1.860  -11400138.764  12578785   0.00861  -0.00708
 345     1.990  -11400160.900  11882578   0.00533  -0.00367
 346     1.910  -11400012.934  13236327  -0.00598  -0.01188
 347     1.850  -11400086.358  12316374  -0.00354  -0.00663
 348     1.900  -11400116.572  12389289   0.00231  -0.00652
 349     1.860  -11400318.012  11145030   0.00721   0.00265
 350     1.890  -11400265.935  11532521   0.00607   0.00169
 351     2.010  -11400152.062  11833438  -0.00209  -0.00185
 352     1.890  -11400192.986  12244468   0.00106  -0.00488
 353     1.920  -11400192.509  12517037   0.00247  -0.00577
 354     2.040  -11400182.993  11678288  -0.00748  -0.00124
 355     2.100  -11400219.870  11426356   0.00249   0.00130
 356     2.080  -11400090.185  11367026  -0.00073  -0.00198
 357     1.890  -11400233.408  11644646   0.00118  -0.00218
 358     1.860  -11400052.810  11564563  -0.00669   0.00021
 359     2.010  -11400122.595  12945699  -0.00087  -0.01119
 360     1.910  -11400152.661  12065666  -0.00184  -0.00529
 361     2.110  -11400138.368  11058470  -0.00745   0.00094
 362     1.840  -11400306.683  11182492   0.00615   0.00380
 363     1.880  -11400136.218  12412800   0.00079  -0.00730
 364     1.920  -11400182.031  12126696   0.00648  -0.00562
 365     2.020  -11400054.294  12181508  -0.00817  -0.00364
 366     1.890  -11400183.400  11930518  -0.00264  -0.00378
 367     1.970  -11400105.259  11294162  -0.01332   0.00035
 368     1.890  -11400028.115  11833502  -0.00961  -0.00335
 369     1.840  -11400270.709  11588040   0.00461  -0.00068
 370     1.990  -11400193.679  12109743  -0.00278  -0.00579
 371     1.870  -11400220.825  11414810   0.00229   0.00118
 372     1.960  -11400113.753  11522232  -0.00690  -0.00221
 373     1.900  -11400311.933  10619833   0.01071   0.00595
 374     1.920  -11400149.839  11436631  -0.00653  -0.00034
 375     1.970  -11400233.904  11749541  -0.00395  -0.00118
 376     1.890  -11400259.283  11113062  -0.00446   0.00300
 377     1.820  -11400337.850  11078111   0.00124   0.00390
 378     1.870  -11400155.129  12297377   0.00401  -0.00297
 379     1.980  -11400121.417  11382166  -0.00487   0.00181
 380     2.040  -11400264.607  11172927  -0.00070   0.00304
 381     1.920  -11400369.302  10615435   0.01111   0.00442
 382     1.900  -11400302.920  11326836   0.00163   0.00116
 383     1.990  -11400276.930  11372198   0.00903   0.00305
 384     1.930  -11400266.066  10786279   0.00000   0.00471
 385     2.050  -11400250.116  10810713  -0.00715   0.00490
 386     2.000  -11400081.966  12132703  -0.00337  -0.00312
 387     1.980  -11400244.010  11296116  -0.00064   0.00069
 388     1.970  -11400115.132  11542091  -0.01255  -0.00058
 389     1.940  -11400265.272  10888626  -0.00791   0.00642
 390     1.810  -11400201.262  11187929  -0.00228   0.00281
 391     1.980  -11399957.900  13404203  -0.00271  -0.01226
 392     1.930  -11400244.319  12032386   0.00419  -0.00248
 393     1.940  -11400223.451  11735490   0.00059  -0.00187
 394     1.930  -11400216.908  11072546   0.00032   0.00196
 395     1.830  -11400199.038  10761590  -0.00473   0.00543
 396     1.840  -11400152.967  12278402  -0.00491  -0.00369
 397     2.000  -11400247.029  11965235   0.01032  -0.00364
 398     1.940  -11400243.111  11245709   0.00872   0.00061
 399     1.980  -11400140.469  13032771   0.00213  -0.01024
 400     1.890  -11400100.744  12696682  -0.00450  -0.00937
 401     2.030  -11400066.531  10791111  -0.01196   0.00472
 402     1.930  -11400152.387  11976155  -0.00152  -0.00319
 403     2.000  -11400287.263  11282947  -0.00221   0.00026
 404     1.890  -11400284.316  11021779   0.00601   0.00435
 405     1.860  -11400139.092  10529761  -0.00743   0.00520
 406     1.890  -11400305.743  11790843   0.00092  -0.00190
 407     1.920  -11400279.511  11174969   0.00926   0.00079
 408     1.960  -11400260.451  11190389   0.00947   0.00338
 409     2.060  -11400307.613  10120157  -0.00660   0.01001
 410     1.960  -11400240.748  11033264  -0.00525   0.00098
 411     2.030  -11400160.291  12019392   0.00337  -0.00346
 412     1.920  -11400272.096  11437129  -0.00434  -0.00071
 413     1.980  -11400243.503  10625095  -0.00542   0.00522
 414     1.870  -11400182.830  12250568   0.00064  -0.00502
 415     1.970  -11400226.722  10638536  -0.01022   0.00641
 416     1.910  -11400071.315  12354179  -0.01456  -0.00627
 417     1.960  -11400200.773  11900702   0.00570  -0.00231
 418     1.920  -11400110.488  12582112  -0.00786  -0.00654
 419     1.980  -11400213.552  11794936   0.00273  -0.00242
 420     1.910  -11400184.923  11440194   0.00044   0.00226
 421     1.880  -11400372.946  10890156   0.00787   0.00325
 422     1.950  -11400287.462  11927988   0.00807  -0.00338
 423     1.980  -11400163.801  11133465  -0.00736   0.00247
 424     1.860  -11400207.094  11722941   0.00273  -0.00162
 425     1.970  -11400249.326  11003926   0.00412   0.00230
 426     1.940  -11400272.501  11566911  -0.00235   0.00021
 427     1.910  -11400271.195  12275197   0.00873  -0.00574
 428     1.990  -11400222.417  11783330  -0.00496  -0.00397
 429     1.920  -11400108.197  11839833  -0.00320  -0.00012
 430     1.910  -11400248.870  11659263   0.00741  -0.00149
 431     1.900  -11400183.636  11389358  -0.00717   0.00122
 432     1.880  -11400161.486  11256116  -0.00404   0.00232
 433     1.820  -11400417.333  10626643   0.01527   0.00620
 434     1.900  -11400148.930  12192792  -0.00681  -0.00418
 435     1.910  -11400175.253  11323625  -0.00436   0.00224
 436     2.040  -11400156.913  11870972   0.00327  -0.00219
 437     1.930  -11400307.912  11136030   0.00472   0.00291
 438     2.050  -11400205.807  11672636  -0.00440  -0.00082
 439     1.940  -11400223.642  11510624   0.00487   0.00052
 440     1.930  -11400180.832  11492613  -0.00705   0.00107
 441     1.960  -11400322.964  10463149   0.00573   0.00644
 442     1.900  -11400315.154  9519442  -0.00864   0.01484
 443     2.020  -11400256.190  10620481   0.00307   0.00503
 444     1.920  -11400156.074  13024056   0.00186  -0.00994
 445     2.020  -11400257.151  10795527  -0.00161   0.00462
 446     2.110  -11400123.353  10700659   0.00154   0.00609
 447     1.900  -11400205.923  11866175  -0.00042  -0.00306
 448     1.860  -11400286.166  11179327   0.01472   0.00326
 449     1.930  -11400224.535  11898982   0.00475  -0.00188
 450     1.910  -11400286.098  10882453   0.00086   0.00510
 451     2.040  -11400175.595  10805771  -0.00432   0.00623
 452     1.920  -11400111.998  11916573  -0.00649  -0.00122
 453     2.010  -11400306.359  11523377   0.00315  -0.00124
 454     1.940  -11400157.535  11652972   0.00259  -0.00114
 455     1.950  -11400096.711  11496900  -0.01107  -0.00014
 456     1.940  -11400240.966  11888926   0.00213  -0.00221
 457     1.970  -11400126.064  11944225  -0.00248  -0.00258
 458     2.010  -11400052.673  11615041  -0.01694   0.00036
 459     1.820  -11400146.212  11656543  -0.00743   0.00100
 460     1.950  -11400122.231  12091474   0.00140  -0.00321
 461     1.900  -11400342.408  11426698   0.00845  -0.00074
 462     1.930  -11400169.711  12033122  -0.00322  -0.00291
 463     1.960  -11400283.983  11398835   0.00799   0.00282
 464     1.820  -11400239.340  12003526   0.00302  -0.00410
 465     2.060  -11400168.939  10326238  -0.00457   0.00733
 466     2.020  -11400112.143  11667430  -0.00434  -0.00211
 467     1.920  -11400231.875  11525146   0.00585  -0.00108
 468     1.930  -11400266.863  11147932  -0.00139   0.00139
 469     1.840  -11400209.191  12140588  -0.00191  -0.00351
 470     1.920  -11400250.847  11435454   0.00872  -0.00078
 471     1.910  -11400251.512  10851690  -0.00110   0.00474
 472     1.940  -11400211.691  12008390   0.00854  -0.00634
 473     1.990  -11400193.282  11652724  -0.00694  -0.00111
 474     1.890  -11400292.207  10711665   0.00382   0.00372
 475     1.990  -11400190.260  12185901   0.00619  -0.00269
 476     1.950  -11400170.100  12495922   0.00387  -0.00742
 477     1.970  -11400222.054  11526434  -0.00434  -0.00097
 478     2.060  -11400080.068  11661186  -0.00966  -0.00168
 479     1.820  -11400350.640  10724755   0.00543   0.00634
 480     1.870  -11400340.970  11520550   0.00397  -0.00094
 481     1.930  -11400223.609  10251177  -0.00415   0.00887
 482     1.890  -11400221.333  11335324   0.00326   0.00152
 483     1.780  -11400135.975  11910739  -0.00287  -0.00267
 484     1.970  -11400283.930  10677973   0.00574   0.00507
 485     1.980  -11400016.092  11770402  -0.00867  -0.00188
 486     2.070  -11400148.025  10642616  -0.00391   0.00379
 487     2.020  -11400114.542  11651570  -0.00625  -0.00171
 488     2.080  -11400257.697  11055165   0.00563   0.00314
 489     1.940  -11400317.958  10518708   0.00490   0.00735
 490     1.900  -11400361.793  11014235   0.01024   0.00386
 491     2.010  -11400162.969  10609393  -0.00704   0.00719
 492     1.980  -11400144.393  11134235  -0.00301   0.00054
 493     1.900  -11400076.616  10475300  -0.01633   0.00973
 494     1.860  -11400031.209  12299700  -0.00750  -0.00389
 495     1.920  -11400113.313  11945905  -0.00133  -0.00213
 496     1.910  -11400279.494  12332787   0.00204  -0.00630
 497     1.990  -11400241.736  12413910   0.00437  -0.00785
 498     1.840  -11400238.997  11280555  -0.00296   0.00176
 499     1.930  -11400329.032  10234844   0.01187   0.00886
 500     1.910  -11400247.345  11452279  -0.00162  -0.00001
 501     1.960  -11400222.883  12052981   0.00402  -0.00521
 502     1.940  -11400124.217  11251782  -0.01061   0.00046
 503     2.030  -11400076.030  11774597  -0.00817  -0.00182
 504     1.950  -11400241.846  11253244  -0.00327   0.00131
 505     1.870  -11400350.703  11140409   0.01070   0.00297
 506     1.910  -11400267.603  11867326   0.01249  -0.00390
 507     1.870  -11400393.965  11625189   0.01256  -0.00103
 508     1.980  -11400215.209  11381305   0.00050   0.00100
 509     2.020  -11400158.628  11405839  -0.00495  -0.00046
 510     1.980  -11400228.529  10840792  -0.00262   0.00682
 511     2.020  -11400193.001  10690618  -0.00117   0.00443
 512     2.060  -11400110.320  11807409   0.00064  -0.00160
 513     1.920  -11400174.919  12216598   0.00556  -0.00272
 514     1.890  -11400153.811  11433426  -0.00354   0.00148
 515     1.900  -11400228.969  11654770   0.00822  -0.00007
 516     1.900  -11400257.270  11993629   0.00297  -0.00361
 517     1.800  -11400218.366  10672763  -0.00182   0.00543
 518     1.950  -11400235.637  11341373   0.00296   0.00050
 519     1.950  -11400272.641  10940834   0.00514   0.00382
 520     1.970  -11400231.689  10412301  -0.00171   0.00847
 521     1.920  -11400219.399  12264065   0.00601  -0.00464
 522     1.990  -11400227.814  11125954  -0.00295   0.00068
 523     1.990  -11400224.238  10544210  -0.00028   0.00558
 524     1.900  -11400230.126  13070360   0.00617  -0.01225
 525     2.030  -11400202.334  11555626   0.00510  -0.00139
 526     1.940  -11400102.740  11402694  -0.01329   0.00063
 527     1.920  -11400229.683  10266792   0.00440   0.00977
 528     1.870  -11400285.934  10890664   0.00454   0.00232
 529     1.890  -11400274.693  10655750   0.00096   0.00779
 530     2.040  -11400222.351  11440966   0.00280  -0.00040
 531     1.960  -11400175.394  10562720  -0.01060   0.00545
 532     2.000  -11400139.585  11609338  -0.00975  -0.00068
 533     1.980  -11400170.545  10851132  -0.00461   0.00442
 534     1.980  -11400124.042  12292741  -0.00253  -0.00502
 535     1.900  -11400274.331  10449683  -0.00330   0.00628
 536     2.050  -11400271.342  9774891  -0.00218   0.01276
 537     2.030  -11400252.302  11165285  -0.00337   0.00215
 538     1.930  -11400252.622  12131676   0.00878  -0.00578
 539     2.090  -11400163.316  11004210   0.00165   0.00260
 540     1.870  -11400230.089  11366431   0.00168   0.00107
 541     1.890  -11400229.848  11542666  -0.00273  -0.00080
 542     2.140  -11400138.614  11511478  -0.00370   0.00022
 543     1.980  -11400219.607  10838674  -0.00042   0.00330
 544     1.850  -11400212.107  11512887  -0.00505  -0.00046
 545     1.950  -11400176.909  9886309  -0.00289   0.00927
 546     1.810  -11400310.395  10997779   0.01092   0.00555
 547     1.900  -11400222.466  12393886   0.00336  -0.00624
 548     2.040  -11400132.487  11101929  -0.00850   0.00451
 549     1.990  -11400171.104  10255272  -0.00901   0.00688
 550     2.140  -11399981.474  11498378  -0.01130   0.00070
 551     2.050  -11400073.883  12633145  -0.00231  -0.00801
 552     1.980  -11400189.163  11240711  -0.00373   0.00335
 553     1.870  -11400223.267  12396077   0.00726  -0.00632
 554     1.990  -11400246.937  11799525   0.00711  -0.00398
 555     1.900  -11400284.839  10547440  -0.00459   0.00797
 556     2.070  -11400165.193  10463599  -0.00777   0.00801
 557     1.900  -11400274.284  10924301   0.00508   0.00253
 558     1.820  -11400295.761  12487491   0.01042  -0.00614
 559     2.040  -11400138.239  11484819  -0.00491  -0.00307
 560     1.810  -11400239.819  11910364   0.00369  -0.00405
 561     2.000  -11400166.315  10933495  -0.00893   0.00342
 562     1.910  -11400240.809  10447605   0.00805   0.00664
 563     1.880  -11400223.838  10627850  -0.01014   0.00491
 564     2.070  -11400275.306  9922417  -0.00902   0.00927
 565     1.970  -11400311.928  11506787   0.00145  -0.00068
 566     1.950  -11400350.053  11200111   0.00422   0.00406
 567     1.970  -11400214.169  11337342  -0.00594   0.00528
 568     1.940  -11400181.660  11687065  -0.00180  -0.00160
 569     1.950  -11400132.797  11171929  -0.00470   0.00300
 570     2.010  -11400130.894  12242234   0.00172  -0.00642
 571     1.880  -11400187.245  10536542  -0.00420   0.00808
 572     1.880  -11400148.636  12141206  -0.00104  -0.00547
 573     1.900  -11400175.948  11364826  -0.00038   0.00194
 574     1.940  -11400219.763  11310209   0.00126   0.00238
 575     1.950  -11400176.862  11255572   0.00140   0.00180
 576     1.910  -11400156.044  11860292   0.00066  -0.00149
 577     1.840  -11400340.479  10916901   0.00237   0.00316
 578     1.960  -11400253.427  11665998   0.00775  -0.00159
 579     2.010  -11400222.581  11927393  -0.00147  -0.00276
 580     1.940  -11400194.060  12129485  -0.00247  -0.00484
 581     1.900  -11400236.033  11520373   0.00638  -0.00029
 582     1.960  -11400267.659  11774659   0.00665  -0.00107
 583     1.960  -11400119.016  12327897  -0.00623  -0.00531
 584     1.950  -11400311.017  10835480   0.00647   0.00440
 585     1.980  -11400169.066  11511686  -0.00254   0.00057
 586     1.880  -11400208.485  11911181  -0.00062  -0.00216
 587     1.930  -11400151.565  10928912  -0.00981   0.00354
 588     1.870  -11400157.522  11960884  -0.00117  -0.00369
 589     1.850  -11400276.509  11144080   0.00472   0.00372
 590     2.010  -11400221.595  10997860  -0.00015   0.00412
 591     1.920  -11400179.309  12981815   0.00732  -0.01186
 592     1.960  -11400165.239  11730903   0.00052  -0.00162
 593     1.920  -11400111.219  11960790  -0.00911  -0.00427
 594     1.850  -11400111.964  11625616  -0.01116  -0.00145
 595     1.920  -11400165.797  10931425  -0.00979   0.00355
 596     1.820  -11400205.839  11511843  -0.00279   0.00045
 597     1.960  -11400171.190  11953196  -0.00597  -0.00270
 598     1.980  -11400158.282  11136386   0.00627   0.00239
 599     2.010  -11400134.576  12012601  -0.00096  -0.00329
 600     2.020  -11400047.281  11681139  -0.00864  -0.00203
 601     1.980  -11400255.338  11378701   0.00091  -0.00065
 602     1.960  -11400238.718  10781355  -0.00263   0.00737
 603     1.980  -11400342.885  9309010   0.00176   0.01541
 604     1.970  -11400258.128  12273543   0.01101  -0.00213
 605     1.960  -11400130.791  12193854  -0.01001  -0.00377
 606     1.960  -11400302.907  10014031  -0.00490   0.00962
 607     1.930  -11400290.642  10979129   0.00684   0.00124
 608     1.980  -11400217.590  10521058  -0.00494   0.00781
 609     1.930  -11400288.351  11196917  -0.00349   0.00177
 610     1.980  -11400178.120  11583455  -0.00507  -0.00122
 611     1.970  -11400198.927  10964487  -0.00011   0.00312
 612     1.860  -11400316.312  11499339   0.00834   0.00004
 613     1.930  -11400185.847  12552793  -0.00078  -0.00784
 614     1.860  -11400272.152  11510008   0.00436   0.00212
 615     1.850  -11400131.190  11994620  -0.00542  -0.00389
 616     1.850  -11400278.972  11357055   0.00805   0.00064
 617     1.920  -11400268.685  11547217   0.00099   0.00304
 618     1.900  -11400291.669  10887524   0.00039   0.00332
 619     1.940  -11400166.202  11859136  -0.00156  -0.00270
 620     1.940  -11400287.491  11385889   0.00909  -0.00032
 621     1.870  -11400310.734  11440802   0.00185   0.00012
 622     1.880  -11400194.860  11715189   0.00114  -0.00062
 623     2.040  -11400170.454  12164420   0.00820  -0.00626
 624     2.010  -11400207.300  11151894   0.00207   0.00340
 625     2.050  -11400147.417  11015611  -0.00763   0.00320
 626     1.960  -11400305.602  11336395   0.00389   0.00245
 627     1.920  -11400135.317  12520711  -0.00357  -0.00739
 628     1.940  -11400122.207  11713306  -0.01040   0.00001
 629     1.970  -11400188.371  11917614   0.00451  -0.00309
 630     1.900  -11400061.833  13531744   0.00220  -0.01468
 631     1.890  -11400234.476  11028797  -0.00955   0.00381
 632     1.820  -11400370.480  11013624   0.01174   0.00516
 633     1.940  -11400192.663  12047988   0.00266  -0.00541
 634     1.860  -11400106.780  10475905  -0.00184   0.00715
 635     1.920  -11400168.116  10766135  -0.01299   0.00308
 636     1.880  -11400200.368  12050668   0.00311  -0.00195
 637     1.960  -11400204.480  11654148  -0.00712  -0.00118
 638     2.010  -11400068.185  12846768  -0.00593  -0.00969
 639     1.910  -11400300.197  10421256   0.00329   0.00724
 640     1.950  -11400233.565  11379480   0.00178   0.00088
 641     2.090  -11400265.751  10842845   0.00891   0.00334
 642     1.960  -11400198.665  11460860   0.00446  -0.00036
 643     1.870  -11400228.965  12231171   0.00454  -0.00469
 644     1.950  -11400139.764  11754082  -0.00064  -0.00045
 645     1.840  -11400294.868  11642741   0.00352  -0.00332
 646     2.030  -11400198.037  11938721   0.00462  -0.00390
 647     1.880  -11400052.586  12037274  -0.01292  -0.00350
 648     1.940  -11400171.958  11063830  -0.00239   0.00291
 649     1.920  -11400186.128  11398687  -0.00307   0.00108
 650     1.920  -11400271.430  11093661   0.00474   0.00352
 651     1.870  -11400185.958  12548542   0.00165  -0.00654
 652     1.900  -11400300.317  11065681   0.00988   0.00318
 653     2.040  -11400232.106  11663144  -0.00029  -0.00270
 654     1.950  -11400260.485  10976304   0.00204   0.00359
 655     1.960  -11400238.028  11261103   0.00086   0.00405
 656     1.900  -11400236.248  11064077  -0.00234   0.00323
 657     1.940  -11400280.655  10754605   0.00254   0.00449
 658     2.010  -11400190.422  12309667  -0.00447  -0.00605
 659     1.930  -11400099.310  12399909  -0.00024  -0.00518
 660     2.040  -11400151.764  11620877   0.00419  -0.00260
 661     1.890  -11400224.372  11147099   0.00362   0.00145
 662     1.940  -11400284.078  11243038   0.00561   0.00120
 663     1.980  -11400221.700  10885258  -0.00386   0.00449
 664     1.840  -11400281.380  11761681   0.00871  -0.00103
 665     1.950  -11400264.555  11241688   0.00358   0.00067
 666     1.820  -11400287.332  10989869   0.00866   0.00692
 667     2.030  -11400145.702  11115257  -0.00597   0.00212
 668     2.000  -11400282.774  10197049   0.00143   0.01025
 669     1.830  -11400280.519  11476916   0.00280   0.00024
 670     1.960  -11400136.627  12120738   0.00982  -0.00175
 671     2.030  -11400343.279  10544253   0.00385   0.00574
 672     1.880  -11400130.135  12550726  -0.00505  -0.00886
 673     1.950  -11400138.360  11046243  -0.00728   0.00273
 674     1.900  -11400194.417  11463358  -0.00016  -0.00027
 675     2.020  -11400229.009  10671554  -0.00593   0.00520
 676     1.860  -11400248.549  11039937   0.00108   0.00361
 677     1.910  -11400188.769  10998660  -0.00108   0.00347
 678     1.870  -11400195.091  10947058   0.00042   0.00514
 679     1.980  -11400225.318  11790052   0.00752  -0.00217
 680     1.920  -11400201.443  11564199  -0.00189  -0.00046
 681     1.910  -11400278.618  12026117   0.00737  -0.00479
 682     1.860  -11400134.648  12640885  -0.00165  -0.00934
 683     1.790  -11400232.190  11257372  -0.00596   0.00145
 684     1.960  -11400177.952  12987766   0.00775  -0.01256
 685     1.910  -11400156.493  12714473  -0.00011  -0.00835
 686     1.960  -11400199.308  11154823   0.00152   0.00379
 687     1.840  -11400188.420  11316305  -0.00116   0.00157
 688     1.880  -11400285.538  11376142  -0.00196  -0.00063
 689     1.870  -11400250.718  11539804   0.00894  -0.00121
 690     1.930  -11400328.441  10705321   0.00372   0.00496
 691     1.880  -11400163.505  11476448  -0.00232   0.00183
 692     1.920  -11400369.426  10664919   0.00818   0.00574
 693     1.940  -11400114.876  12097728   0.00527  -0.00379
 694     1.970  -11400034.911  11561582  -0.00873  -0.00102
 695     1.890  -11400258.183  11555088   0.00988  -0.00128
 696     1.860  -11400261.533  11608938  -0.00405   0.00022
 697     1.940  -11400121.067  11606189  -0.00775  -0.00253
 698     1.930  -11400256.611  11754124   0.00761  -0.00198
 699     1.960  -11400038.414  10378254  -0.01442   0.00817
 700     1.860  -11400231.857  12916048   0.00145  -0.01072
 701     2.000  -11400156.468  11839649  -0.00479  -0.00271
 702     1.990  -11400206.334  11348104   0.00468   0.00058
 703     1.860  -11400099.183  11138442  -0.00464   0.00245
 704     1.910  -11400323.847  10935134   0.00061   0.00379
 705     2.000  -11400199.347  11128033   0.00675   0.00016
 706     2.030  -11400181.461  11833741  -0.00033  -0.00214
 707     1.960  -11400170.319  11364240  -0.00378   0.00262
 708     1.880  -11400177.969  12012970  -0.00309  -0.00389
 709     1.820  -11400419.023  11136126   0.00865   0.00217
 710     2.080  -11400219.872  10617879  -0.00279   0.00413
 711     1.820  -11400178.652  12465327   0.00379  -0.00631
 712     2.030  -11400163.123  11406982   0.00390  -0.00030
 713     2.020  -11400219.161  11511423   0.00067  -0.00208
 714     1.990  -11400243.269  11343628   0.00213   0.00126
 715     1.950  -11400249.315  11067761  -0.00330   0.00306
 716     1.960  -11400140.112  11564335  -0.00255  -0.00061
 717     1.920  -11400130.655  11326905  -0.00299   0.00238
 718     1.940  -11400246.294  11049157  -0.00056   0.00328
 719     1.960  -11400318.270  11697869   0.01138  -0.00056
 720     1.900  -11400224.025  12096500   0.00565  -0.00503
 721     1.840  -11400286.457  10925981  -0.00522   0.00283
 722     1.940  -11400262.926  11832829   0.00271  -0.00288
 723     1.900  -11400186.863  12236205   0.00214  -0.00287
 724     1.820  -11400151.853  11078364  -0.00679   0.00243
 725     2.050  -11400157.091  11964803   0.00101  -0.00357
 726     1.990  -11400247.508  11585467  -0.00182  -0.00073
 727     1.990  -11400327.539  11227727   0.00642   0.00161
 728     1.900  -11400244.812  11709048   0.00638  -0.00123
 729     1.900  -11400355.005  10675823   0.01271   0.00645
 730     2.090  -11400195.014  10956813  -0.00412   0.00273
 731     1.980  -11400095.757  12812564  -0.00636  -0.00979
 732     1.900  -11400119.924  12149198  -0.00061  -0.00389
 733     1.880  -11400175.093  12200734  -0.00989  -0.00403
 734     1.980  -11400233.069  11082369  -0.00679   0.00244
 735     1.940  -11400212.306  12274207   0.00454  -0.00679
 736     1.890  -11400349.675  11301030   0.01010   0.00155
 737     1.930  -11400315.388  11731759   0.01170  -0.00138
 738     1.970  -11400284.520  10264269  -0.00291   0.00898
 739     2.000  -11400247.137  10628069   0.00348   0.00625
 740     1.960  -11400242.061  11091316   0.00694   0.00077
 741     1.920  -11400193.495  11258953  -0.00819   0.00145
 742     1.900  -11400213.351  12009174   0.00583  -0.00420
 743     1.880  -11400097.504  11944108   0.00312  -0.00358
 744     1.950  -11400305.835  10951395   0.00607   0.00361
 745     1.950  -11400171.228  13230293   0.00903  -0.01218
 746     2.000  -11400132.639  11246843  -0.00367   0.00162
 747     1.980  -11400032.764  12958943  -0.00488  -0.01083
 748     2.060  -11400136.223  11208344  -0.00295   0.00351
 749     1.820  -11400339.886  11301413   0.00853   0.00027
 750     1.940  -11400153.443  11216887  -0.00976   0.00248
 751     1.930  -11400237.781  11992928   0.00325  -0.00343
 752     1.840  -11400356.289  11274086   0.00997   0.00150
 753     2.020  -11400028.600  11917547  -0.01045  -0.00143
 754     2.010  -11400109.781  12275723   0.00407  -0.00524
 755     1.830  -11400126.410  12292471  -0.00047  -0.00535
 756     1.920  -11400246.868  12493877   0.01287  -0.00697
 757     1.990  -11400291.204  11053020   0.01141   0.00126
 758     1.870  -11400238.047  11505211   0.00676   0.00079
 759     1.820  -11400367.363  11647755   0.01660  -0.00094
 760     1.920  -11400192.674  11257503  -0.00394   0.00300
 761     1.950  -11400204.521  10541479  -0.00799   0.00434
 762     2.050  -11400104.380  12542601   0.00189  -0.00613
 763     1.880  -11400244.326  11776746   0.00841  -0.00199
 764     1.850  -11400197.052  10965903   0.00316   0.00460
 765     1.980  -11400222.203  11729203   0.00295  -0.00261
 766     1.910  -11400250.728  11619066  -0.00083  -0.00058
 767     1.920  -11400171.410  11762543  -0.00234  -0.00362
 768     1.890  -11400161.246  11390319   0.00584   0.00201
 769     1.880  -11400352.826  11431649   0.00449   0.00198
 770     1.870  -11400275.129  11723066   0.00301  -0.00049
 771     1.990  -11400099.492  11798795  -0.00559  -0.00147
 772     1.970  -11400317.336  10447054   0.00001   0.00706
 773     1.910  -11400086.671  11439392  -0.00386  -0.00048
 774     2.000  -11400311.422  11747983   0.00538  -0.00209
 775     1.960  -11400311.580  11303941  -0.00052   0.00026
 776     2.020  -11400238.119  11056351  -0.00411   0.00185
 777     1.900  -11400358.194  10547596   0.00991   0.00720
 778     2.030  -11400168.768  11426150  -0.00019   0.00029
 779     1.970  -11400264.156  11048568  -0.00478   0.00270
 780     1.990  -11400263.857  10851008  -0.00450   0.00419
 781     1.900  -11400254.256  11741574   0.00336  -0.00002
 782     1.850  -11400174.350  12373797  -0.00037  -0.00428
 783     1.890  -11400238.800  11184821  -0.00018  -0.00194
 784     1.950  -11400269.193  11422758   0.00462  -0.00025
 785     1.870  -11400228.954  11695915   0.00197  -0.00029
 786     1.940  -11400187.621  12025090  -0.00148  -0.00308
 787     1.910  -11400212.173  11954057   0.00082  -0.00490
 788     2.050  -11400074.594  11748255  -0.00802  -0.00297
 789     2.090  -11400131.515  10876475  -0.00333   0.00398
 790     2.010  -11400213.771  11311119   0.00229   0.00084
 791     1.910  -11400220.130  11671193   0.00363  -0.00213
 792     1.960  -11400280.878  9862308  -0.00736   0.01059
 793     1.900  -11400143.317  12485932   0.00260  -0.00878
 794     1.900  -11400218.490  11840442   0.00307  -0.00178
 795     1.940  -11400330.894  11566730   0.00748  -0.00098
 796     1.940  -11400197.421  11164855   0.00373   0.00183
 797     2.000  -11400035.801  12137577  -0.00762  -0.00470
 798     2.010  -11400322.574  10225473   0.00632   0.00826
 799     2.000  -11400344.938  10184989  -0.00024   0.00783
 800     1.920  -11400121.485  12046848  -0.00071  -0.00364
 801     1.950  -11400091.923  11159009  -0.01059   0.00226
 802     1.960  -11400247.824  10720482  -0.00346   0.00343
 803     2.110  -11400192.695  11372035   0.00019   0.00254
 804     1.940  -11400270.367  10653726   0.00367   0.00677
 805     2.030  -11400121.050  11022842  -0.00870   0.00289
 806     2.160  -11400103.471  11930505   0.00098  -0.00347
 807     1.920  -11400213.464  12141775   0.00491  -0.00438
 808     1.940  -11400154.210  11519589  -0.00105   0.00166
 809     2.070  -11400191.618  10462093  -0.00996   0.00862
 810     1.900  -11400245.901  10756242   0.00033   0.00701
 811     1.940  -11400260.509  11224060  -0.00501   0.00067
 812     1.900  -11400166.992  12206645   0.00375  -0.00368
 813     1.930  -11400290.178  12409789   0.01014  -0.00589
 814     1.880  -11400233.830  10997668  -0.00673   0.00121
 815     1.980  -11400135.645  11573144   0.00311  -0.00064
 816     1.890  -11400351.518  12222729   0.01093  -0.00558
 817     1.930  -11400235.297  11114363   0.00143   0.00360
 818     1.800  -11400087.803  12133039  -0.00672  -0.00404
 819     1.780  -11400182.616  11653132  -0.00557  -0.00164
 820     2.010  -11400101.385  12327238  -0.00253  -0.00487
 821     1.970  -11400072.188  12108824  -0.00316  -0.00537
 822     1.990  -11400108.861  11882375  -0.00587  -0.00194
 823     1.930  -11400223.360  10706985   0.00230   0.00606
 824     1.920  -11400301.340  11155292   0.00781   0.00178
 825     1.970  -11400219.064  11678660  -0.00568  -0.00227
 826     2.070  -11400224.552  10343005   0.00302   0.00859
 827     2.040  -11400352.236  9966100  -0.00391   0.01033
 828     1.950  -11399948.377  12833686  -0.01634  -0.00666
 829     1.990  -11400147.595  11814295  -0.00758  -0.00238
 830     1.850  -11400275.806  12254121   0.00184  -0.00357
 831     1.940  -11400025.550  12357565  -0.01817  -0.00455
 832     1.870  -11400183.353  13209579   0.00424  -0.01164
 833     1.850  -11400261.296  11283408   0.00320   0.00059
 834     2.010  -11400223.568  11308073   0.00006  -0.00027
 835     1.940  -11400189.882  11580904   0.00007  -0.00056
 836     1.960  -11400374.237  10346477   0.00457   0.00705
 837     2.020  -11400307.485  10841281   0.00649   0.00521
 838     1.970  -11400132.976  12155964   0.00175  -0.00369
 839     1.920  -11400235.556  11656999   0.00310  -0.00085
 840     1.950  -11400236.351  11473706   0.00317   0.00038
 841     1.960  -11400106.602  11928490  -0.00869  -0.00318
 842     1.880  -11400273.938  10793428   0.00124   0.00613
 843     1.930  -11400130.357  11477332  -0.00389   0.00037
 844     2.090  -11399992.726  11876420  -0.01422  -0.00420
 845     1.880  -11400330.387  11245307   0.00556   0.00179
 846     1.900  -11400207.564  12504279   0.00316  -0.00531
 847     1.890  -11400218.542  11812750  -0.00239  -0.00228
 848     1.990  -11400241.029  10639447  -0.00557   0.00570
 849     1.960  -11400174.092  11874839   0.00226  -0.00401
 850     1.900  -11400276.793  10805513  -0.00367   0.00515
 851     1.900  -11400259.154  12233623  -0.00193  -0.00448
 852     1.930  -11400188.728  12430249   0.00446  -0.00530
 853     2.010  -11400127.040  12515900  -0.00186  -0.00647
 854     1.910  -11400210.442  11412882   0.00075   0.00090
 855     2.000  -11400236.408  11360782   0.00247   0.00125
 856     1.970  -11400060.478  12570512  -0.00680  -0.00775
 857     1.900  -11400264.980  10988657   0.00331   0.00264
 858     1.830  -11400243.096  12205959   0.00630  -0.00462
 859     1.930  -11400053.349  11766701  -0.00941  -0.00037
 860     2.000  -11400107.195  11704346  -0.01179  -0.00089
 861     1.930  -11400223.614  12318159   0.00545  -0.00603
 862     1.930  -11400217.149  11439720   0.00071   0.00041
 863     1.960  -11400104.412  12534816  -0.00031  -0.00587
 864     1.940  -11400259.261  11963410   0.00887  -0.00276
 865     1.800  -11400310.591  11831151   0.01085  -0.00198
 866     1.960  -11400362.832  9846525  -0.00137   0.01083
 867     1.940  -11400196.214  10711250  -0.01014   0.00566
 868     1.900  -11400340.932  10962703   0.00719   0.00582
 869     1.870  -11400249.228  11330896  -0.00074   0.00129
 870     2.000  -11400077.400  12108739  -0.00508  -0.00585
 871     2.020  -11400288.122  11011252   0.00805   0.00370
 872     1.950  -11400103.175  12330455  -0.00013  -0.00456
 873     1.810  -11400374.236  11126107   0.01493   0.00444
 874     1.830  -11400167.672  12648857   0.00008  -0.00917
 875     1.920  -11400308.246  10545940  -0.00207   0.00921
 876     1.850  -11400187.859  12987237   0.00937  -0.01032
 877     1.820  -11400221.337  12351896  -0.00434  -0.00452
 878     2.020  -11400214.163  10967842  -0.00472   0.00247
 879     1.880  -11400198.861  11434146  -0.00153   0.00002
 880     1.990  -11400356.726  10501180   0.00631   0.00734
 881     1.910  -11400248.400  11804772   0.00605  -0.00189
 882     1.970  -11400265.662  10414388   0.00203   0.00651
 883     2.010  -11400223.724  11040409   0.00013   0.00455
 884     1.830  -11400264.496  11472381   0.00815  -0.00184
 885     1.860  -11400240.682  11164347   0.00199   0.00233
 886     1.810  -11400283.530  11894778   0.00810  -0.00235
 887     1.880  -11400313.084  10845192   0.00498   0.00407
 888     1.990  -11400179.036  12470902   0.00071  -0.00840
 889     1.970  -11400262.022  10474258   0.00244   0.00671
 890     2.030  -11400243.701  11547328   0.00329  -0.00202
 891     2.010  -11400123.364  11875706  -0.00043  -0.00297
 892     2.010  -11400254.401  10781295   0.00488   0.00487
 893     1.960  -11400180.705  11489982  -0.00135   0.00127
 894     1.930  -11400307.739  10773693   0.00903   0.00490
 895     1.820  -11400127.617  12492691   0.00021  -0.00654
 896     1.800  -11400209.181  11969037  -0.00058  -0.00242
 897     1.940  -11400105.787  12385392  -0.00359  -0.00754
 898     1.910  -11400169.135  13449793   0.00218  -0.01354
 899     2.000  -11400084.795  11470242  -0.01405   0.00141
 900     2.090  -11400185.660  11523964  -0.00015  -0.00165
 901     1.880  -11400329.775  11385791   0.00601  -0.00050
 902     2.000  -11400163.639  11427494   0.00302  -0.00121
 903     2.020  -11400187.764  11375272  -0.00011  -0.00009
 904     1.960  -11400162.847  12711771   0.00629  -0.01061
 905     2.040  -11400184.659  10460198  -0.00594   0.00947
 906     2.030  -11400002.662  12814715  -0.01312  -0.00950
 907     1.930  -11400140.698  12584718   0.00051  -0.00703
 908     1.940  -11400171.919  10506468  -0.00001   0.00608
 909     1.930  -11400207.307  11150229  -0.00514   0.00267
 910     2.040  -11400231.787  10336213   0.00114   0.00699
 911     1.880  -11400123.794  12065974  -0.00928  -0.00549
 912     1.920  -11400210.105  10759818  -0.00944   0.00579
 913     1.880  -11400274.819  11785089   0.00443  -0.00241
 914     1.930  -11400170.629  11667560  -0.00518  -0.00134
 915     1.910  -11400164.039  12435698   0.00554  -0.00739
 916     1.960  -11400231.619  11207431   0.00455   0.00274
 917     1.940  -11400053.861  13178131  -0.00134  -0.01201
 918     1.910  -11400236.250  11125947  -0.00212   0.00234
 919     2.000  -11400188.372  11304407   0.00043   0.00045
 920     1.980  -11400253.765  12298131   0.00535  -0.00585
 921     1.950  -11400263.033  11749481   0.00126  -0.00233
 922     1.910  -11400215.711  11459699  -0.00286   0.00128
 923     1.960  -11400205.220  10980211   0.00107   0.00369
 924     1.880  -11400114.403  12957932   0.00434  -0.00880
 925     2.100  -11400223.771  11166507  -0.00131   0.00308
 926     1.980  -11400230.139  11380808   0.00141   0.00218
 927     2.060  -11400249.365  9744376  -0.00756   0.01165
 928     1.880  -11400105.959  11695241  -0.00674  -0.00049
 929     2.020  -11400004.224  12664611  -0.00912  -0.00757
 930     1.900  -11400317.952  10829470   0.00587   0.00403
 931     1.940  -11400281.783  10952934   0.00249   0.00242
 932     2.070  -11400153.557  10966820  -0.00543   0.00215
 933     1.840  -11400268.347  10962785   0.00530   0.00331
 934     1.940  -11400242.387  11527263   0.01130   0.00063
 935     1.960  -11400232.396  12075489   0.00662  -0.00461
 936     1.910  -11400315.555  10584628   0.00538   0.00657
 937     1.960  -11400273.657  11402117   0.00358   0.00246
 938     1.950  -11400092.993  12855690  -0.00111  -0.00910
 939     1.930  -11400217.051  11040553  -0.00166   0.00190
 940     1.990  -11400265.864  11637137   0.00256  -0.00219
 941     1.920  -11400286.470  11909840  -0.00066  -0.00335
 942     1.920  -11400210.987  11091802  -0.00574   0.00193
 943     1.870  -11400159.984  11832880  -0.00361  -0.00253
 944     1.860  -11400215.455  11575392   0.00357   0.00073
 945     1.870  -11400307.785  10822729   0.00886   0.00451
 946     1.840  -11400087.432  12551965  -0.00091  -0.00634
 947     1.960  -11400293.673  10926192  -0.00380   0.00297
 948     1.930  -11400335.227  10571769   0.00795   0.00693
 949     1.900  -11400343.073  10711841   0.01586   0.00456
 950     1.860  -11400272.979  11063945   0.00098   0.00422
 951     1.900  -11400169.464  11180366  -0.00869   0.00403
 952     1.900  -11400131.992  11889852  -0.00653  -0.00451
 953     1.910  -11400181.492  11630651   0.00006  -0.00151
 954     1.920  -11400134.255  12286746  -0.00540  -0.00314
 955     1.880  -11400188.887  11860195  -0.00021   0.00081
 956     1.910  -11400256.066  11005210   0.00240   0.00239
 957     1.900  -11400206.968  11850545   0.00018  -0.00314
 958     2.010  -11400322.299  10163540   0.00497   0.00934
 959     1.840  -11400282.545  10551753   0.00433   0.00719
 960     1.950  -11400323.215  11524199   0.00915  -0.00199
 961     1.960  -11400198.055  12445710  -0.00125  -0.00890
 962     1.810  -11400257.425  12055832   0.00494  -0.00413
 963     1.820  -11400219.580  13197455   0.00921  -0.01091
 964     1.870  -11400194.220  12486567   0.00749  -0.00654
 965     1.990  -11400221.400  12302126  -0.00115  -0.00565
 966     2.010  -11400266.678  11196671  -0.00113   0.00106
 967     1.830  -11400263.825  11067445   0.00072   0.00181
 968     1.930  -11400006.640  13161973  -0.00970  -0.01138
 969     1.870  -11400184.099  13076459   0.00487  -0.00902
 970     1.950  -11400265.219  11653911   0.00696  -0.00269
 971     1.860  -11400185.049  11673462   0.00171  -0.00049
 972     1.850  -11400236.486  12086246   0.00264  -0.00442
 973     1.960  -11400196.258  11437256   0.00276  -0.00054
 974     1.880  -11400225.889  11392023   0.00704   0.00127
 975     1.930  -11400344.039  10921767   0.00612   0.00169
 976     1.990  -11400144.437  11703288  -0.00795  -0.00099
 977     2.040  -11400166.582  11235546   0.00222  -0.00032
 978     2.080  -11400160.235  11637442  -0.00779  -0.00241
 979     1.970  -11400067.247  12007192  -0.00710  -0.00389
 980     1.940  -11400310.705  11065554   0.00196   0.00172
 981     1.910  -11400226.747  12134296   0.00750  -0.00556
 982     1.900  -11400303.687  11046919   0.01036   0.00455
 983     1.940  -11400159.875  12189992  -0.00001  -0.00537
 984     1.880  -11400136.369  11664369  -0.00707  -0.00000
 985     1.920  -11400297.771  11347722   0.00420  -0.00073
 986     1.940  -11400268.969  11821606   0.00237  -0.00270
 987     2.050  -11400222.229  11420589  -0.00017  -0.00064
 988     1.890  -11400262.965  12040223   0.00509  -0.00460
 989     2.110  -11400273.843  10679010  -0.00306   0.00486
 990     1.870  -11400199.731  12530229  -0.00179  -0.00749
 991     1.920  -11400337.536  11448031   0.00155  -0.00032
 992     1.970  -11400113.504  12721624   0.00141  -0.01278
 993     1.920  -11400312.810  11118106   0.00664   0.00283
 994     1.960  -11400249.619  10924756   0.00044   0.00195
 995     1.950  -11400306.704  11177795   0.00586   0.00291
 996     1.820  -11400381.348  10732229   0.00827   0.00540
 997     1.990  -11400277.813  10884669   0.00859   0.00345
 998     2.030  -11400059.932  12593494  -0.00787  -0.00809
 999     1.960  -11400298.941  10611961  -0.00631   0.00658
1000     2.000  -11400284.016  11566767   0.00715  -0.00098
