770 30000.000 L
39.000
55.000
99.000
152.000
182.000
230.000
240.000
270.000
313.000
358.000
423.000
474.000
569.000
593.000
615.000
663.000
694.000
713.000
846.000
850.000
1055.000
1087.000
1093.000
1099.000
1169.000
1202.000
1219.000
1252.000
1261.000
1276.000
1324.000
1353.000
1452.000
1453.000
1456.000
1464.000
1473.000
1493.000
1527.000
1537.000
1571.000
1574.000
1591.000
1726.000
1750.000
1804.000
1815.000
1844.000
1847.000
1922.000
1935.000
2020.000
2152.000
2173.000
2178.000
2276.000
2308.000
2310.000
2408.000
2461.000
2475.000
2517.000
2547.000
2677.000
2681.000
2684.000
2699.000
2713.000
2724.000
2732.000
2752.000
2778.000
2890.000
2951.000
3039.000
3058.000
3075.000
3107.000
3134.000
3143.000
3155.000
3217.000
3248.000
3312.000
3390.000
3413.000
3457.000
3492.000
3520.000
3634.000
3710.000
3747.000
3827.000
3830.000
3854.000
3912.000
3952.000
3961.000
3984.000
3999.000
4035.000
4050.000
4072.000
4081.000
4086.000
4134.000
4172.000
4328.000
4495.000
4543.000
4615.000
4649.000
4684.000
4685.000
4756.000
4819.000
4908.000
4918.000
4925.000
4991.000
5001.000
5285.000
5304.000
5404.000
5414.000
5481.000
5523.000
5577.000
5674.000
5718.000
5720.000
5737.000
5759.000
5799.000
5807.000
5813.000
5827.000
5975.000
6012.000
6014.000
6017.000
6029.000
6079.000
6219.000
6345.000
6359.000
6372.000
6377.000
6415.000
6466.000
6483.000
6503.000
6511.000
6562.000
6584.000
6684.000
6716.000
6730.000
6784.000
6792.000
6826.000
6963.000
7031.000
7103.000
7112.000
7158.000
7205.000
7217.000
7224.000
7410.000
7429.000
7495.000
7566.000
7574.000
7639.000
7664.000
7666.000
7678.000
7789.000
7813.000
7958.000
7972.000
7997.000
7999.000
8017.000
8033.000
8036.000
8039.000
8087.000
8110.000
8136.000
8202.000
8206.000
8251.000
8266.000
8387.000
8400.000
8421.000
8436.000
8540.000
8582.000
8633.000
8649.000
8701.000
8708.000
8727.000
8729.000
8768.000
8802.000
8830.000
8836.000
8875.000
8900.000
8905.000
9072.000
9074.000
9187.000
9237.000
9277.000
9310.000
9327.000
9348.000
9447.000
9483.000
9650.000
9760.000
9825.000
9858.000
9864.000
9879.000
9909.000
9916.000
9926.000
9980.000
9993.000
10003.000
10004.000
10006.000
10023.000
10088.000
10121.000
10130.000
10203.000
10219.000
10319.000
10339.000
10367.000
10408.000
10421.000
10444.000
10486.000
10489.000
10590.000
10598.000
10608.000
10668.000
10687.000
10697.000
10832.000
10921.000
10930.000
11037.000
11049.000
11075.000
11124.000
11131.000
11138.000
11231.000
11297.000
11315.000
11327.000
11375.000
11444.000
11445.000
11500.000
11504.000
11514.000
11517.000
11518.000
11530.000
11558.000
11646.000
11675.000
11702.000
11773.000
11901.000
11918.000
11922.000
11923.000
11938.000
11976.000
11986.000
12052.000
12127.000
12173.000
12181.000
12204.000
12234.000
12261.000
12297.000
12306.000
12444.000
12479.000
12505.000
12526.000
12558.000
12570.000
12576.000
12594.000
12616.000
12619.000
12626.000
12685.000
12708.000
12742.000
12832.000
12838.000
12865.000
12867.000
12895.000
12927.000
12941.000
12948.000
13073.000
13107.000
13175.000
13179.000
13195.000
13249.000
13289.000
13362.000
13417.000
13559.000
13616.000
13629.000
13658.000
13674.000
13708.000
13720.000
13727.000
13735.000
13784.000
13810.000
13825.000
13856.000
13942.000
14009.000
14014.000
14042.000
14046.000
14063.000
14132.000
14177.000
14180.000
14229.000
14239.000
14266.000
14271.000
14313.000
14324.000
14372.000
14373.000
14421.000
14563.000
14573.000
14576.000
14589.000
14601.000
14606.000
14631.000
14635.000
14684.000
14720.000
14740.000
14775.000
14830.000
14833.000
14839.000
14873.000
15002.000
15087.000
15156.000
15223.000
15354.000
15359.000
15380.000
15451.000
15468.000
15509.000
15529.000
15626.000
15641.000
15663.000
15675.000
15687.000
15705.000
15721.000
15728.000
15729.000
15807.000
15811.000
15856.000
15870.000
15907.000
15926.000
15944.000
16003.000
16014.000
16024.000
16042.000
16161.000
16191.000
16209.000
16229.000
16297.000
16310.000
16367.000
16502.000
16551.000
16665.000
16666.000
16675.000
16774.000
16777.000
16913.000
16939.000
16960.000
16989.000
16990.000
17013.000
17097.000
17121.000
17205.000
17279.000
17311.000
17326.000
17374.000
17375.000
17437.000
17514.000
17539.000
17558.000
17570.000
17650.000
17699.000
17742.000
17766.000
17771.000
17807.000
17887.000
17927.000
17981.000
18045.000
18063.000
18107.000
18123.000
18193.000
18198.000
18231.000
18251.000
18271.000
18353.000
18378.000
18489.000
18567.000
18604.000
18680.000
18694.000
18703.000
18756.000
18770.000
18771.000
18822.000
18831.000
18898.000
18909.000
18915.000
18918.000
18966.000
18977.000
19075.000
19134.000
19150.000
19155.000
19184.000
19227.000
19294.000
19390.000
19409.000
19416.000
19452.000
19643.000
19660.000
19720.000
19750.000
19760.000
19791.000
19863.000
19875.000
19918.000
20183.000
20185.000
20198.000
20216.000
20229.000
20305.000
20333.000
20359.000
20401.000
20444.000
20452.000
20543.000
20551.000
20552.000
20572.000
20628.000
20642.000
20696.000
20704.000
20810.000
20830.000
20876.000
20907.000
20943.000
21060.000
21161.000
21203.000
21372.000
21405.000
21435.000
21444.000
21531.000
21634.000
21650.000
21652.000
21696.000
21723.000
21732.000
21745.000
21770.000
21793.000
21857.000
21867.000
21889.000
21911.000
21926.000
21942.000
22028.000
22062.000
22086.000
22144.000
22293.000
22323.000
22377.000
22521.000
22526.000
22541.000
22573.000
22696.000
22722.000
22822.000
22836.000
22842.000
22983.000
23060.000
23072.000
23089.000
23135.000
23146.000
23222.000
23268.000
23291.000
23320.000
23335.000
23340.000
23368.000
23408.000
23474.000
23504.000
23537.000
23569.000
23572.000
23586.000
23726.000
23735.000
23742.000
23807.000
23858.000
23863.000
23871.000
23883.000
23932.000
24005.000
24028.000
24074.000
24082.000
24092.000
24100.000
24104.000
24154.000
24163.000
24167.000
24175.000
24188.000
24241.000
24263.000
24330.000
24375.000
24379.000
24450.000
24488.000
24492.000
24575.000
24594.000
24604.000
24644.000
24709.000
24721.000
24760.000
24771.000
24772.000
24778.000
24876.000
24938.000
24976.000
24994.000
25048.000
25060.000
25073.000
25074.000
25081.000
25122.000
25200.000
25264.000
25289.000
25291.000
25302.000
25346.000
25401.000
25420.000
25425.000
25438.000
25476.000
25509.000
25529.000
25591.000
25605.000
25626.000
25637.000
25723.000
25726.000
25746.000
25784.000
25818.000
25838.000
25904.000
25908.000
25935.000
25939.000
25964.000
26093.000
26169.000
26172.000
26202.000
26250.000
26307.000
26315.000
26326.000
26395.000
26444.000
26479.000
26514.000
26631.000
26661.000
26692.000
26738.000
26754.000
26763.000
26777.000
26867.000
26889.000
26903.000
26917.000
27041.000
27053.000
27068.000
27156.000
27183.000
27204.000
27253.000
27260.000
27325.000
27343.000
27352.000
27353.000
27386.000
27398.000
27399.000
27460.000
27468.000
27469.000
27518.000
27537.000
27641.000
27642.000
27760.000
27763.000
27782.000
27788.000
27815.000
27893.000
27950.000
27986.000
28010.000
28132.000
28161.000
28193.000
28218.000
28219.000
28226.000
28377.000
28499.000
28506.000
28513.000
28514.000
28534.000
28541.000
28657.000
28692.000
28719.000
28735.000
28849.000
28871.000
28918.000
28969.000
28970.000
28973.000
28983.000
29027.000
29116.000
29196.000
29210.000
29251.000
29257.000
29297.000
29301.000
29310.000
29361.000
29387.000
29399.000
29401.000
29405.000
29419.000
29442.000
29449.000
29473.000
29503.000
29515.000
29561.000
29640.000
29693.000
29719.000
29755.000
29757.000
29770.000
29850.000
29854.000
29856.000
29888.000
29954.000
29971.000
