Distribution of estimated Rho values

Shuffle   Rho    Lkmax      G4     corr(r2,d)   corr(D',d)

   1     0.600  -13044306.019  1542174  -0.00094  -0.00466
   2     0.600  -13044397.519  1099694  -0.01712   0.00117
   3     0.600  -13044460.788  856602  -0.01074   0.00621
   4     0.500  -13044400.350  1103979  -0.00505  -0.00216
   5     0.600  -13044420.377  1075507  -0.00192   0.00350
   6     0.600  -13044482.862  1023165   0.00987   0.00496
   7     0.600  -13044393.599  1859953  -0.00189  -0.01102
   8     0.600  -13044401.191  1077022  -0.00313   0.00210
   9     0.600  -13044338.376  1438717  -0.00666  -0.00265
  10     0.600  -13044354.163  1358447   0.00015  -0.00214
  11     0.500  -13044456.359  1007381   0.00245   0.00474
  12     0.600  -13044386.343  1292205   0.00419  -0.00207
  13     0.600  -13044385.434  1638256   0.01369  -0.00581
  14     0.600  -13044414.377  973576   0.00580   0.00385
  15     0.500  -13044401.459  1051845  -0.00298   0.00210
  16     0.500  -13044334.545  1694630   0.00132  -0.00791
  17     0.600  -13044399.091  1559821   0.00061  -0.00503
  18     0.600  -13044443.064  918431   0.00479   0.00679
  19     0.600  -13044410.038  920577  -0.00022   0.00540
  20     0.500  -13044398.027  921840   0.00173   0.00533
  21     0.600  -13044394.388  1003092  -0.00988   0.00326
  22     0.600  -13044470.278  996172  -0.00545   0.00612
  23     0.600  -13044440.558  1156390   0.00445   0.00200
  24     0.500  -13044400.062  1458471  -0.00828  -0.00137
  25     0.600  -13044465.019  1034320  -0.00157   0.00103
  26     0.500  -13044338.476  1439076  -0.01105  -0.00478
  27     0.600  -13044258.141  1722809   0.00310  -0.00980
  28     0.600  -13044391.764  986887   0.00604   0.00425
  29     0.600  -13044423.319  848404  -0.00082   0.00701
  30     0.600  -13044380.073  996428   0.00791   0.00467
  31     0.600  -13044396.715  878970   0.00256   0.00615
  32     0.500  -13044416.488  998661  -0.00723   0.00436
  33     0.600  -13044419.767  1073193  -0.00243   0.00446
  34     0.600  -13044406.330  1282069   0.00491  -0.00087
  35     0.600  -13044393.592  1179265  -0.01467  -0.00197
  36     0.600  -13044379.273  1338381  -0.00698  -0.00643
  37     0.600  -13044407.790  1055926  -0.00716   0.00286
  38     0.600  -13044304.173  1386362   0.00014  -0.00218
  39     0.600  -13044415.429  922229  -0.00883   0.00656
  40     0.500  -13044439.990  1248309  -0.01243   0.00056
  41     0.600  -13044357.981  1490269   0.00403  -0.00475
  42     0.600  -13044356.588  1706298   0.00637  -0.00794
  43     0.500  -13044403.145  1636843   0.00274  -0.01030
  44     0.500  -13044444.857  1086703   0.00953   0.00445
  45     0.600  -13044311.972  1632827   0.00044  -0.00530
  46     0.600  -13044403.349  1127237  -0.00217   0.00132
  47     0.600  -13044362.959  1221438  -0.00020  -0.00039
  48     0.500  -13044407.399  1392136   0.00237  -0.00128
  49     0.600  -13044458.761  1099133  -0.00923   0.00358
  50     0.600  -13044429.056  1179010   0.00028  -0.00265
  51     0.600  -13044402.453  1083392   0.00743   0.00201
  52     0.600  -13044467.388  953454  -0.00932   0.00518
  53     0.600  -13044393.707  1415392  -0.00316  -0.00242
  54     0.600  -13044419.148  1013810  -0.00627   0.00358
  55     0.600  -13044413.224  1092177   0.00397   0.00234
  56     0.600  -13044439.021  1278532   0.00766  -0.00008
  57     0.600  -13044361.725  1043000   0.00913   0.00298
  58     0.600  -13044358.711  1128686   0.00950  -0.00072
  59     0.600  -13044421.600  1445887  -0.01161  -0.00218
  60     0.600  -13044338.990  1419563   0.00530  -0.00291
  61     0.600  -13044364.902  1407676   0.00481  -0.00173
  62     0.600  -13044408.237  1106998   0.00614   0.00255
  63     0.600  -13044450.958  1196110   0.00647  -0.00024
  64     0.600  -13044320.553  1654846   0.00027  -0.01150
  65     0.600  -13044347.057  1429732  -0.00148  -0.00132
  66     0.600  -13044359.074  1134561  -0.01340   0.00168
  67     0.600  -13044362.300  1092958  -0.00280  -0.00015
  68     0.600  -13044428.916  905544  -0.00856   0.00558
  69     0.600  -13044407.657  966832  -0.00832   0.00478
  70     0.600  -13044434.149  1290887   0.00420  -0.00124
  71     0.600  -13044385.691  1212182  -0.00267   0.00136
  72     0.600  -13044463.237  1007144   0.00088   0.00463
  73     0.600  -13044358.100  1550990   0.00693  -0.00359
  74     0.600  -13044404.552  1357598  -0.00790  -0.00291
  75     0.600  -13044350.338  1453945  -0.00636  -0.00008
  76     0.500  -13044403.790  1031837  -0.00780   0.00381
  77     0.600  -13044428.812  1296662  -0.00056   0.00141
  78     0.500  -13044419.601  884044   0.00441   0.00682
  79     0.500  -13044379.107  916578  -0.00563   0.00548
  80     0.600  -13044416.113  1072807   0.00013   0.00325
  81     0.500  -13044460.185  1014357  -0.00932   0.00334
  82     0.600  -13044379.075  1127305   0.00656   0.00494
  83     0.600  -13044392.876  1371344  -0.00015  -0.00178
  84     0.600  -13044351.884  1019431  -0.00192   0.00295
  85     0.600  -13044454.277  1574311  -0.00983  -0.01065
  86     0.600  -13044330.447  1072700  -0.00021   0.00187
  87     0.600  -13044450.965  1089744  -0.00582   0.00053
  88     0.600  -13044403.444  1566945   0.00621  -0.00541
  89     0.600  -13044377.727  1388353   0.00218  -0.00132
  90     0.500  -13044445.818  923796   0.00148   0.00546
  91     0.500  -13044379.272  1776596  -0.00241  -0.01134
  92     0.500  -13044399.226  1065509   0.00242   0.00327
  93     0.500  -13044410.641  1241768   0.00755  -0.00120
  94     0.600  -13044414.803  1166777  -0.00108  -0.00138
  95     0.600  -13044387.166  1078736   0.00395   0.00212
  96     0.600  -13044339.490  1244117   0.00651   0.00332
  97     0.600  -13044421.717  1216270   0.00151   0.00162
  98     0.600  -13044448.147  1204129  -0.00506   0.00179
  99     0.500  -13044318.153  1459546  -0.00035  -0.00280
 100     0.600  -13044330.410  1758065   0.00428  -0.01121
 101     0.500  -13044398.576  988325  -0.00181   0.00558
 102     0.600  -13044372.192  1438126   0.00094  -0.00189
 103     0.600  -13044343.778  1629389  -0.00907  -0.00907
 104     0.600  -13044477.957  1125306  -0.00656   0.00365
 105     0.600  -13044421.663  1359830   0.00561  -0.00231
 106     0.500  -13044431.617  1319552  -0.00175   0.00032
 107     0.600  -13044421.706  912678   0.00872   0.00616
 108     0.600  -13044397.045  1104319  -0.00467  -0.00081
 109     0.600  -13044429.663  877099   0.00027   0.00704
 110     0.600  -13044398.770  1108819   0.00172  -0.00075
 111     0.600  -13044307.381  1395906  -0.01315  -0.00452
 112     0.600  -13044396.856  1410385   0.00313  -0.00534
 113     0.600  -13044389.047  1601622   0.00351  -0.00405
 114     0.600  -13044432.469  1081955  -0.00035   0.00381
 115     0.600  -13044347.563  1198588   0.00217   0.00207
 116     0.600  -13044455.747  931391   0.00657   0.00535
 117     0.600  -13044420.715  885895   0.00269   0.00545
 118     0.600  -13044389.754  1104816   0.00048   0.00281
 119     0.500  -13044416.438  1218445  -0.00180   0.00008
 120     0.500  -13044396.983  1280995   0.00714  -0.00140
 121     0.600  -13044348.788  1138854  -0.00371   0.00209
 122     0.500  -13044388.958  1575160  -0.00288  -0.00338
 123     0.500  -13044408.830  1470092  -0.00229  -0.00463
 124     0.600  -13044425.046  983243  -0.00423   0.00396
 125     0.600  -13044404.703  1311415  -0.00122   0.00066
 126     0.600  -13044423.841  949056   0.00191   0.00491
 127     0.600  -13044441.139  1013105  -0.00477   0.00331
 128     0.600  -13044431.159  1039293  -0.00045   0.00311
 129     0.600  -13044436.916  972474   0.00969   0.00383
 130     0.500  -13044392.471  1404561  -0.00867  -0.00080
 131     0.500  -13044388.774  1241532   0.00007   0.00056
 132     0.500  -13044396.666  1376392   0.00021  -0.00527
 133     0.600  -13044416.552  1440210   0.00777  -0.00464
 134     0.500  -13044424.939  926380  -0.00735   0.00578
 135     0.600  -13044357.679  1394585   0.00235  -0.00237
 136     0.600  -13044440.430  1040130  -0.00211   0.00351
 137     0.500  -13044400.261  1261663   0.00898  -0.00066
 138     0.600  -13044361.975  1276483   0.00145  -0.00148
 139     0.500  -13044460.722  985298   0.00142   0.00517
 140     0.500  -13044413.649  1197712  -0.00382   0.00100
 141     0.600  -13044395.323  1525724  -0.00543  -0.00480
 142     0.500  -13044464.990  896503   0.00765   0.00621
 143     0.600  -13044369.916  1120638   0.00279  -0.00008
 144     0.600  -13044368.514  958452  -0.00001   0.00396
 145     0.600  -13044430.046  1367300   0.00216  -0.00147
 146     0.600  -13044412.618  1325565  -0.00929  -0.00361
 147     0.600  -13044372.473  1107336  -0.00869   0.00224
 148     0.600  -13044294.604  1178148  -0.00738   0.00045
 149     0.600  -13044360.669  1509905   0.00037  -0.00210
 150     0.500  -13044360.605  1636054   0.00228  -0.00812
 151     0.600  -13044343.869  1131642   0.00458   0.00124
 152     0.500  -13044369.975  1540982   0.00385  -0.00605
 153     0.600  -13044390.023  1055343   0.00971   0.00485
 154     0.600  -13044420.127  1335714   0.00512  -0.00419
 155     0.500  -13044397.832  940785   0.00241   0.00598
 156     0.600  -13044403.593  1256699  -0.01095   0.00072
 157     0.600  -13044397.070  1166432   0.00365   0.00209
 158     0.600  -13044422.080  930442  -0.00450   0.00692
 159     0.600  -13044365.416  1282755   0.00041   0.00078
 160     0.600  -13044334.081  1562550   0.00549  -0.00658
 161     0.600  -13044332.921  1787972  -0.01195  -0.00997
 162     0.600  -13044409.185  993973  -0.00923   0.00411
 163     0.600  -13044430.969  1210370   0.00917  -0.00102
 164     0.600  -13044453.632  1059530   0.00745   0.00238
 165     0.500  -13044408.686  1045085   0.00260   0.00492
 166     0.600  -13044422.701  967556  -0.00172   0.00636
 167     0.600  -13044418.296  1137536  -0.00261  -0.00142
 168     0.600  -13044393.082  1067451  -0.00547   0.00506
 169     0.600  -13044383.302  1155543  -0.00432   0.00136
 170     0.500  -13044315.683  1702159  -0.00404  -0.00492
 171     0.500  -13044328.341  1256882  -0.01096  -0.00175
 172     0.500  -13044473.137  1089269   0.00627  -0.00069
 173     0.600  -13044410.310  948606  -0.00898   0.00481
 174     0.600  -13044377.472  1012260   0.00169   0.00300
 175     0.600  -13044439.950  1493149  -0.00492  -0.00351
 176     0.600  -13044332.737  1367943   0.00763  -0.00450
 177     0.600  -13044316.680  1036967   0.00074   0.00273
 178     0.600  -13044466.064  1172154  -0.00229   0.00294
 179     0.600  -13044440.017  1008291  -0.00089   0.00426
 180     0.600  -13044424.240  1059600   0.00612   0.00329
 181     0.500  -13044402.767  1275873   0.00242   0.00168
 182     0.600  -13044434.266  1086078   0.00365   0.00004
 183     0.500  -13044403.287  910401   0.00340   0.00566
 184     0.600  -13044406.372  1256093  -0.01173  -0.00063
 185     0.600  -13044412.369  1098236   0.00018  -0.00018
 186     0.500  -13044401.051  1076470  -0.00232  -0.00004
 187     0.600  -13044384.876  1174853  -0.00452  -0.00180
 188     0.600  -13044337.542  1554665   0.00118  -0.00898
 189     0.500  -13044356.816  1767889   0.00592  -0.01020
 190     0.600  -13044347.006  1701229  -0.00537  -0.00628
 191     0.600  -13044379.102  1219008   0.00726  -0.00059
 192     0.600  -13044437.972  1089484  -0.00482   0.00158
 193     0.500  -13044401.127  1492959   0.00507  -0.00233
 194     0.500  -13044444.801  900015   0.00656   0.00687
 195     0.600  -13044337.239  1708995  -0.01050  -0.00924
 196     0.600  -13044387.401  1034062  -0.00686   0.00320
 197     0.500  -13044446.820  990949   0.00077   0.00450
 198     0.600  -13044390.874  1152032   0.00230   0.00257
 199     0.600  -13044424.767  933134   0.00680   0.00634
 200     0.600  -13044453.782  926416   0.00304   0.00524
 201     0.600  -13044383.593  1540474  -0.00919  -0.00414
 202     0.500  -13044436.993  815148  -0.00490   0.00824
 203     0.600  -13044356.868  1595171   0.00387  -0.00615
 204     0.500  -13044415.545  886582   0.00785   0.00644
 205     0.600  -13044435.651  1746068   0.01313  -0.00816
 206     0.600  -13044349.451  1696619   0.00641  -0.00845
 207     0.600  -13044388.207  1624193  -0.00391  -0.00195
 208     0.600  -13044350.377  1029256   0.00429   0.00445
 209     0.500  -13044373.771  1200509   0.00010  -0.00188
 210     0.600  -13044391.130  1169165  -0.00528   0.00287
 211     0.600  -13044389.264  1038645   0.01370   0.00122
 212     0.600  -13044339.322  1370909  -0.01085  -0.00441
 213     0.600  -13044425.819  1141535  -0.00343  -0.00199
 214     0.600  -13044354.169  1337538   0.00315  -0.00017
 215     0.600  -13044366.709  1118151  -0.00189  -0.00088
 216     0.600  -13044425.668  1066722  -0.00410   0.00397
 217     0.600  -13044403.187  1225042   0.00003  -0.00269
 218     0.600  -13044438.458  948099   0.00272   0.00584
 219     0.500  -13044391.137  1297768  -0.00034  -0.00431
 220     0.600  -13044329.275  1340972  -0.00264  -0.00640
 221     0.500  -13044377.309  1364249  -0.00250  -0.00593
 222     0.500  -13044429.866  976176  -0.00127   0.00453
 223     0.600  -13044351.884  1165168  -0.00916   0.00187
 224     0.500  -13044406.527  1004500   0.00813   0.00374
 225     0.600  -13044376.262  1097336  -0.00026   0.00216
 226     0.500  -13044378.868  1318290  -0.00001  -0.00262
 227     0.500  -13044451.204  1066597  -0.00334  -0.00002
 228     0.600  -13044387.411  1533517  -0.00594  -0.00474
 229     0.500  -13044359.897  1367737  -0.00012  -0.00199
 230     0.600  -13044423.881  1104523   0.00454   0.00238
 231     0.600  -13044353.939  1112316  -0.00292   0.00225
 232     0.600  -13044407.045  1088267  -0.00498   0.00300
 233     0.600  -13044387.514  1180324   0.00220  -0.00150
 234     0.600  -13044418.586  1088853   0.00556   0.00096
 235     0.600  -13044423.498  1306605   0.00122  -0.00452
 236     0.600  -13044427.507  925421   0.00891   0.00644
 237     0.600  -13044323.032  1372033  -0.00887  -0.00056
 238     0.500  -13044457.272  1327781  -0.00476  -0.00196
 239     0.600  -13044421.629  1153700   0.00423  -0.00152
 240     0.600  -13044339.482  1359817  -0.00625   0.00009
 241     0.600  -13044353.520  1532540   0.00707  -0.00346
 242     0.500  -13044432.248  961343  -0.00135   0.00414
 243     0.600  -13044310.598  1303899   0.00185  -0.00210
 244     0.600  -13044285.640  1593034   0.00138  -0.00613
 245     0.600  -13044328.961  1371882   0.00692   0.00012
 246     0.500  -13044362.851  1254928   0.00294  -0.00514
 247     0.500  -13044356.195  1780846   0.01609  -0.01045
 248     0.600  -13044389.478  1078625  -0.00930   0.00087
 249     0.600  -13044378.344  1593099   0.00022  -0.00471
 250     0.500  -13044350.121  1571011  -0.00601  -0.00610
 251     0.600  -13044398.607  1003690  -0.00827   0.00180
 252     0.600  -13044449.534  1068714   0.00818   0.00197
 253     0.600  -13044420.673  1421937  -0.00277  -0.00726
 254     0.600  -13044340.080  1613348   0.00520  -0.00502
 255     0.500  -13044425.192  1099058  -0.00266   0.00020
 256     0.500  -13044436.746  1145764   0.00983  -0.00240
 257     0.600  -13044471.463  1034553   0.00880   0.00347
 258     0.600  -13044402.928  987128   0.00735   0.00461
 259     0.600  -13044356.001  1563962   0.00103  -0.00315
 260     0.600  -13044442.415  971798  -0.00238   0.00327
 261     0.500  -13044386.559  1010016  -0.00366   0.00224
 262     0.600  -13044355.440  1255147  -0.00010  -0.00295
 263     0.600  -13044320.270  1689215  -0.01195  -0.00816
 264     0.600  -13044378.881  1454848   0.00269  -0.00137
 265     0.600  -13044382.398  1317950   0.00480   0.00046
 266     0.600  -13044410.819  1220082  -0.00124  -0.00101
 267     0.600  -13044358.580  1521823  -0.00254  -0.00439
 268     0.600  -13044280.392  1450953   0.00566  -0.00802
 269     0.600  -13044420.894  974532   0.00267   0.00533
 270     0.600  -13044368.018  1611793   0.00243  -0.00289
 271     0.500  -13044451.368  876815  -0.00790   0.00740
 272     0.600  -13044299.623  1350802  -0.00207  -0.00327
 273     0.600  -13044366.018  1061023  -0.00092   0.00088
 274     0.600  -13044406.166  1187231  -0.00743   0.00147
 275     0.600  -13044397.025  1249108   0.00883  -0.00157
 276     0.600  -13044406.877  1434427  -0.00822  -0.00328
 277     0.600  -13044363.079  1250680  -0.01898  -0.00356
 278     0.500  -13044433.397  1062117   0.00129   0.00362
 279     0.600  -13044391.036  1288559  -0.00335   0.00054
 280     0.600  -13044370.480  1276581  -0.00577  -0.00255
 281     0.500  -13044330.393  1050515  -0.00255   0.00233
 282     0.600  -13044416.603  1031064   0.00097   0.00287
 283     0.600  -13044399.141  1430415   0.00280  -0.00556
 284     0.600  -13044394.244  1454557   0.00250  -0.00355
 285     0.600  -13044451.323  1126947  -0.00924   0.00238
 286     0.500  -13044388.651  1269982   0.00189  -0.00322
 287     0.600  -13044448.742  1158816   0.00325   0.00003
 288     0.600  -13044401.690  1223062  -0.00286   0.00169
 289     0.500  -13044492.413  922419   0.00280   0.00560
 290     0.600  -13044374.382  1058750   0.00619   0.00144
 291     0.600  -13044399.667  930469  -0.01501   0.00419
 292     0.600  -13044399.458  1484808   0.00697  -0.00385
 293     0.500  -13044419.151  922629   0.00483   0.00563
 294     0.600  -13044373.546  1131561  -0.00634   0.00074
 295     0.600  -13044352.834  1782390  -0.00256  -0.00792
 296     0.600  -13044395.992  1594122   0.00294  -0.00771
 297     0.600  -13044351.024  1140938  -0.00275  -0.00113
 298     0.600  -13044357.904  1396553  -0.00363  -0.00174
 299     0.600  -13044401.857  1021558   0.01310   0.00352
 300     0.600  -13044372.902  1116206  -0.00810   0.00337
 301     0.600  -13044407.692  1811435   0.00020  -0.00898
 302     0.500  -13044395.559  911554   0.00425   0.00528
 303     0.600  -13044372.900  1108057   0.00111  -0.00146
 304     0.500  -13044473.614  910417  -0.00094   0.00516
 305     0.600  -13044410.604  940551  -0.00364   0.00599
 306     0.500  -13044416.522  1041826  -0.01308   0.00308
 307     0.500  -13044342.607  1690715   0.00236  -0.00923
 308     0.600  -13044381.207  1619435  -0.00595  -0.00614
 309     0.600  -13044411.538  982292  -0.00440   0.00307
 310     0.600  -13044337.183  1529405  -0.00538  -0.00340
 311     0.600  -13044403.736  1257507  -0.00041  -0.00361
 312     0.600  -13044398.929  1326094   0.00555  -0.00182
 313     0.500  -13044398.371  1038146  -0.00690   0.00128
 314     0.600  -13044434.163  1016205  -0.00720   0.00364
 315     0.600  -13044364.439  1050534  -0.01075   0.00386
 316     0.600  -13044438.023  921892   0.00636   0.00531
 317     0.500  -13044368.593  1263175  -0.00280  -0.00253
 318     0.600  -13044406.301  1167478   0.00551   0.00234
 319     0.600  -13044385.116  1558723  -0.00152  -0.00469
 320     0.500  -13044376.636  1208890  -0.00279   0.00001
 321     0.600  -13044398.740  1302380  -0.00207  -0.00051
 322     0.500  -13044380.218  1672625   0.00348  -0.00685
 323     0.500  -13044273.281  1709535   0.00972  -0.01015
 324     0.600  -13044433.306  1030535  -0.00577   0.00265
 325     0.600  -13044397.563  1427447   0.01476  -0.00357
 326     0.600  -13044369.388  1124500   0.00037  -0.00026
 327     0.500  -13044502.356  962014   0.00293   0.00326
 328     0.600  -13044378.208  1392768  -0.00687  -0.00577
 329     0.600  -13044414.529  1013163   0.00877   0.00354
 330     0.500  -13044370.540  1318354   0.00502  -0.00082
 331     0.600  -13044372.884  1614931   0.00175  -0.00713
 332     0.600  -13044436.969  950929  -0.00218   0.00424
 333     0.600  -13044469.671  1116704   0.00049   0.00269
 334     0.600  -13044414.794  1027400   0.00195   0.00196
 335     0.600  -13044466.773  991138  -0.00486   0.00207
 336     0.600  -13044424.904  1195048  -0.00985   0.00165
 337     0.600  -13044434.083  1210100   0.00472   0.00335
 338     0.500  -13044448.561  879452  -0.00297   0.00706
 339     0.600  -13044425.536  1475512   0.00619  -0.00628
 340     0.600  -13044462.407  1035690   0.00320   0.00131
 341     0.500  -13044384.344  1781676   0.01397  -0.01100
 342     0.600  -13044453.499  1041533   0.00130   0.00345
 343     0.500  -13044397.843  1030721   0.00700   0.00182
 344     0.600  -13044414.525  1047565  -0.00707   0.00324
 345     0.600  -13044346.583  1686887  -0.00459  -0.00365
 346     0.600  -13044364.670  957419  -0.00207   0.00515
 347     0.600  -13044401.477  1556052   0.00810  -0.00719
 348     0.600  -13044402.367  897763  -0.00445   0.00574
 349     0.500  -13044417.611  887102   0.00351   0.00600
 350     0.600  -13044403.219  1118339  -0.00427   0.00156
 351     0.600  -13044364.166  1171938   0.00499   0.00159
 352     0.500  -13044417.348  872245   0.00672   0.00755
 353     0.600  -13044356.251  1610562   0.00191  -0.00516
 354     0.600  -13044415.070  1285938   0.00223  -0.00136
 355     0.600  -13044372.697  978926  -0.00622   0.00423
 356     0.600  -13044429.446  1013032  -0.00439   0.00188
 357     0.500  -13044367.283  1460805   0.00370  -0.00113
 358     0.600  -13044381.602  1173427  -0.00495   0.00043
 359     0.500  -13044379.031  1075992   0.00445   0.00007
 360     0.600  -13044377.580  1507475  -0.01114  -0.00430
 361     0.500  -13044387.948  986709   0.00433   0.00461
 362     0.600  -13044443.138  1010602   0.00222   0.00200
 363     0.600  -13044371.742  1122654  -0.00069  -0.00087
 364     0.500  -13044403.759  1351756  -0.00135  -0.00046
 365     0.600  -13044367.271  1402474  -0.00439  -0.00420
 366     0.600  -13044408.916  1303869  -0.00743  -0.00319
 367     0.600  -13044344.725  1689683   0.00564  -0.00982
 368     0.600  -13044395.265  1120679   0.00481   0.00233
 369     0.600  -13044353.948  1027631   0.00188   0.00298
 370     0.600  -13044418.981  1015739  -0.00605   0.00260
 371     0.600  -13044403.119  1422844  -0.00455  -0.00042
 372     0.600  -13044420.150  952394   0.00013   0.00500
 373     0.600  -13044485.696  1030947   0.00917   0.00034
 374     0.600  -13044353.095  937286   0.01252   0.00601
 375     0.500  -13044443.815  1089961  -0.00040   0.00026
 376     0.500  -13044365.967  1241674  -0.01063  -0.00084
 377     0.600  -13044386.149  919783  -0.00465   0.00530
 378     0.500  -13044349.428  1588747   0.00051  -0.00515
 379     0.600  -13044401.968  1505480   0.00247  -0.00442
 380     0.500  -13044387.667  1009866  -0.00217   0.00161
 381     0.600  -13044433.387  1088302  -0.00096  -0.00266
 382     0.600  -13044389.059  1203418  -0.00615   0.00053
 383     0.600  -13044327.016  1684372  -0.00651  -0.00709
 384     0.600  -13044319.846  1622652   0.00111  -0.00576
 385     0.600  -13044396.381  1026569   0.00596   0.00309
 386     0.600  -13044434.244  942211  -0.00188   0.00616
 387     0.600  -13044430.277  1178445   0.00054   0.00138
 388     0.500  -13044363.208  1486480  -0.00413  -0.00718
 389     0.600  -13044446.690  872435  -0.00917   0.00614
 390     0.600  -13044433.758  1031250   0.00183   0.00190
 391     0.600  -13044411.719  1163285  -0.00435   0.00132
 392     0.500  -13044413.361  894565   0.00836   0.00626
 393     0.500  -13044382.210  1221363   0.00161   0.00202
 394     0.600  -13044417.712  1029434  -0.00624   0.00131
 395     0.500  -13044391.545  1074406  -0.00237   0.00228
 396     0.500  -13044435.317  1023432  -0.00374   0.00452
 397     0.500  -13044378.226  945544   0.00390   0.00543
 398     0.600  -13044348.482  1196837  -0.00174  -0.00242
 399     0.500  -13044358.756  1294112  -0.00304  -0.00002
 400     0.600  -13044369.612  1387163  -0.00964  -0.00220
 401     0.600  -13044440.854  1170463  -0.00065  -0.00200
 402     0.500  -13044386.479  1034608  -0.00166   0.00184
 403     0.600  -13044336.395  1409293   0.00360  -0.00357
 404     0.600  -13044403.405  1534618   0.01240  -0.00208
 405     0.500  -13044282.217  1592419  -0.00635  -0.00261
 406     0.600  -13044416.696  1581520   0.00683  -0.00531
 407     0.600  -13044468.606  1032631   0.00398   0.00332
 408     0.600  -13044379.775  1157541   0.00398   0.00137
 409     0.500  -13044378.369  1057575   0.00068   0.00314
 410     0.600  -13044350.934  1456959  -0.00361  -0.00571
 411     0.600  -13044381.514  1417243  -0.00681  -0.00283
 412     0.500  -13044414.851  1029882  -0.00048   0.00267
 413     0.600  -13044398.542  915500  -0.00510   0.00672
 414     0.600  -13044389.494  1329056   0.00535  -0.00101
 415     0.600  -13044392.194  1070207  -0.00714   0.00488
 416     0.600  -13044433.822  1169468  -0.00849  -0.00171
 417     0.600  -13044342.043  1435104   0.00127  -0.00127
 418     0.600  -13044391.570  1016556   0.01091   0.00298
 419     0.500  -13044402.454  1061980   0.00566   0.00205
 420     0.600  -13044402.959  1227783  -0.00354  -0.00098
 421     0.600  -13044439.003  1014497   0.00320   0.00460
 422     0.600  -13044458.382  938353  -0.00050   0.00474
 423     0.600  -13044419.876  966336   0.00788   0.00396
 424     0.600  -13044426.132  1365316  -0.00182  -0.00256
 425     0.600  -13044390.233  1391823   0.00722  -0.00257
 426     0.600  -13044364.534  1641249   0.00148  -0.00678
 427     0.600  -13044389.731  1130262   0.00058   0.00183
 428     0.600  -13044427.718  957408   0.00489   0.00493
 429     0.600  -13044347.176  1051397  -0.01026   0.00255
 430     0.600  -13044417.116  1134086  -0.00531  -0.00043
 431     0.600  -13044380.716  1493747  -0.01537  -0.00608
 432     0.500  -13044415.870  1103522   0.00671   0.00075
 433     0.500  -13044378.909  1767161   0.00881  -0.00983
 434     0.600  -13044374.580  1012801   0.00044   0.00556
 435     0.600  -13044421.841  989649   0.00128   0.00373
 436     0.600  -13044409.016  875695  -0.00081   0.00611
 437     0.600  -13044361.162  1343043  -0.00422  -0.00566
 438     0.600  -13044380.972  1204382   0.00542   0.00274
 439     0.600  -13044445.042  1066243   0.00375   0.00044
 440     0.600  -13044404.684  1073542  -0.00789  -0.00017
 441     0.600  -13044337.756  955617   0.00322   0.00505
 442     0.600  -13044453.794  893342   0.00081   0.00653
 443     0.600  -13044429.651  1019234   0.00912   0.00365
 444     0.600  -13044412.915  1094612  -0.00418   0.00170
 445     0.600  -13044365.538  1527430   0.00593  -0.00666
 446     0.500  -13044365.588  1044983  -0.00838   0.00390
 447     0.600  -13044358.730  1150331  -0.00069  -0.00066
 448     0.500  -13044436.235  1151161   0.00092   0.00304
 449     0.600  -13044418.989  1185464  -0.00448   0.00280
 450     0.600  -13044412.514  1118513  -0.00044   0.00334
 451     0.600  -13044382.204  1218231   0.00725  -0.00216
 452     0.500  -13044373.585  1227243  -0.00485  -0.00227
 453     0.500  -13044437.925  1122379  -0.00727  -0.00005
 454     0.600  -13044417.976  1059362  -0.00366   0.00324
 455     0.600  -13044419.237  1021650   0.00507   0.00332
 456     0.600  -13044450.027  899065  -0.00156   0.00577
 457     0.600  -13044385.553  1088902  -0.01192   0.00043
 458     0.600  -13044396.978  893324  -0.00596   0.00524
 459     0.500  -13044435.352  857637   0.00353   0.00704
 460     0.600  -13044440.826  993003  -0.00145   0.00310
 461     0.600  -13044325.521  1644646   0.00098  -0.00874
 462     0.600  -13044399.671  1111795   0.00233   0.00135
 463     0.600  -13044402.404  1197008   0.00621   0.00034
 464     0.600  -13044365.562  1038038   0.00091   0.00282
 465     0.500  -13044371.955  1084154  -0.00242   0.00233
 466     0.600  -13044410.675  1118096  -0.00634  -0.00062
 467     0.500  -13044393.520  1139942  -0.00126  -0.00299
 468     0.600  -13044332.572  1851596   0.00195  -0.01406
 469     0.600  -13044397.251  1201821  -0.00218  -0.00262
 470     0.500  -13044370.621  1436976  -0.00073  -0.00772
 471     0.600  -13044352.259  1667488   0.00740  -0.00606
 472     0.600  -13044390.846  1190566   0.00576  -0.00317
 473     0.600  -13044393.683  1634420   0.00200  -0.00542
 474     0.600  -13044311.300  1694965  -0.00837  -0.01125
 475     0.600  -13044307.521  1092574  -0.00544  -0.00027
 476     0.600  -13044342.607  1623845  -0.00255  -0.00548
 477     0.600  -13044420.649  1215723  -0.00207   0.00194
 478     0.600  -13044346.730  1533068  -0.00276  -0.00344
 479     0.600  -13044365.875  1258475  -0.00653  -0.00052
 480     0.600  -13044338.987  1376311  -0.00100  -0.00010
 481     0.600  -13044408.269  857303  -0.00318   0.00724
 482     0.500  -13044416.738  823377  -0.00172   0.00787
 483     0.600  -13044353.574  992468   0.00204   0.00418
 484     0.500  -13044413.315  929318   0.00187   0.00523
 485     0.600  -13044328.521  1024409   0.00369   0.00324
 486     0.600  -13044444.124  970516   0.00037   0.00505
 487     0.600  -13044392.060  1567796  -0.00093  -0.00419
 488     0.600  -13044409.747  1109278   0.00192   0.00115
 489     0.600  -13044355.727  1389113  -0.01024  -0.00074
 490     0.600  -13044396.743  1184376   0.00696  -0.00244
 491     0.600  -13044370.147  998893  -0.00405   0.00381
 492     0.500  -13044359.054  1161130  -0.01577  -0.00176
 493     0.600  -13044366.863  1417676   0.00432  -0.00423
 494     0.600  -13044380.196  1663132   0.00393  -0.00757
 495     0.600  -13044341.690  1293897   0.00561  -0.00149
 496     0.500  -13044436.421  1078419  -0.00412  -0.00210
 497     0.500  -13044390.699  1386407   0.00326  -0.00227
 498     0.500  -13044365.282  1632318   0.00240  -0.00289
 499     0.500  -13044398.458  897865  -0.00467   0.00558
 500     0.600  -13044371.487  1542862  -0.00348  -0.00329
 501     0.600  -13044431.682  1355747  -0.00287  -0.00337
 502     0.600  -13044346.266  1678818  -0.00201  -0.01057
 503     0.500  -13044402.763  1231594   0.00546  -0.00361
 504     0.600  -13044390.183  1476330   0.00895  -0.00184
 505     0.600  -13044399.504  1241782  -0.00488  -0.00152
 506     0.600  -13044395.330  1094798  -0.00673   0.00327
 507     0.600  -13044341.851  1299867   0.00470  -0.00455
 508     0.600  -13044451.212  1109048   0.00009  -0.00052
 509     0.500  -13044420.885  1175703   0.01209  -0.00104
 510     0.600  -13044402.294  1026969  -0.00735   0.00361
 511     0.600  -13044380.072  1173481   0.00202   0.00012
 512     0.600  -13044378.924  872557  -0.01431   0.00692
 513     0.600  -13044365.497  1095097  -0.00605   0.00112
 514     0.600  -13044447.335  1108492  -0.00091   0.00242
 515     0.600  -13044472.827  1098007   0.00134   0.00395
 516     0.600  -13044424.982  1039654   0.00070   0.00079
 517     0.600  -13044402.920  993192   0.00204   0.00462
 518     0.600  -13044386.688  1403375   0.00178  -0.00212
 519     0.500  -13044421.043  1229003  -0.00243  -0.00177
 520     0.500  -13044404.494  1012005   0.00508   0.00381
 521     0.500  -13044361.975  1400215  -0.00191  -0.00550
 522     0.500  -13044420.690  906272  -0.00859   0.00563
 523     0.500  -13044460.009  962336  -0.00583   0.00407
 524     0.600  -13044400.951  1958976   0.00170  -0.01666
 525     0.500  -13044368.651  1070937  -0.00970  -0.00016
 526     0.600  -13044333.131  1641606   0.00425  -0.00812
 527     0.600  -13044431.166  1226160   0.00524   0.00133
 528     0.600  -13044351.575  1265675  -0.01182  -0.00127
 529     0.500  -13044457.308  996974   0.01038   0.00191
 530     0.600  -13044406.950  1421849   0.00589  -0.00246
 531     0.600  -13044333.536  1635038  -0.01448  -0.00825
 532     0.600  -13044378.004  1245693   0.00454  -0.00238
 533     0.600  -13044374.904  1384747   0.00244   0.00018
 534     0.600  -13044402.502  1138680   0.00390  -0.00040
 535     0.600  -13044407.009  969336   0.01071   0.00523
 536     0.600  -13044434.700  924190  -0.00236   0.00429
 537     0.600  -13044414.356  1166539   0.00239   0.00030
 538     0.600  -13044388.870  1452686  -0.00026  -0.00576
 539     0.600  -13044435.641  1031454  -0.00059   0.00225
 540     0.600  -13044384.098  1617257  -0.00302  -0.00875
 541     0.500  -13044380.048  1434063   0.00128  -0.00111
 542     0.600  -13044402.367  1232215  -0.00021   0.00073
 543     0.600  -13044375.096  997560   0.00276   0.00283
 544     0.600  -13044331.706  1602414  -0.00160  -0.00573
 545     0.600  -13044392.405  1046647   0.00155   0.00179
 546     0.600  -13044391.955  1215766   0.00293  -0.00164
 547     0.600  -13044438.136  1478121   0.00945  -0.00218
 548     0.600  -13044349.891  1055433   0.00002   0.00114
 549     0.600  -13044417.501  1046111   0.00593   0.00622
 550     0.500  -13044354.763  1137715  -0.00664  -0.00014
 551     0.600  -13044320.575  1566848  -0.00364  -0.00438
 552     0.600  -13044397.838  1058068  -0.00297   0.00248
 553     0.500  -13044441.512  1355919   0.00445  -0.00261
 554     0.500  -13044435.185  1128445   0.00456   0.00193
 555     0.600  -13044432.762  1260137   0.00341   0.00158
 556     0.600  -13044299.730  1345674   0.00320  -0.00552
 557     0.500  -13044301.230  1717555   0.00459  -0.00687
 558     0.600  -13044467.205  995761   0.00210   0.00438
 559     0.500  -13044410.935  1379866   0.00697  -0.00290
 560     0.600  -13044344.924  1630524  -0.00378  -0.00678
 561     0.600  -13044439.873  1053063   0.00528   0.00069
 562     0.600  -13044384.522  1428466  -0.00097  -0.00636
 563     0.600  -13044403.388  1200038   0.00068  -0.00233
 564     0.600  -13044440.409  1021211  -0.00055   0.00407
 565     0.600  -13044427.119  1143192  -0.01056   0.00263
 566     0.600  -13044470.659  1258966   0.00635   0.00023
 567     0.600  -13044353.211  1044120   0.00036   0.00433
 568     0.600  -13044437.555  976152   0.00432   0.00454
 569     0.600  -13044406.485  882511  -0.00912   0.00390
 570     0.600  -13044391.145  1125027  -0.00994  -0.00202
 571     0.600  -13044418.624  1034063  -0.00010   0.00483
 572     0.500  -13044337.941  1472593   0.00278  -0.00642
 573     0.500  -13044402.992  942584  -0.00255   0.00586
 574     0.600  -13044355.430  1198228  -0.00593  -0.00022
 575     0.600  -13044421.019  982028   0.00351   0.00524
 576     0.600  -13044338.603  1032537  -0.01218   0.00000
 577     0.600  -13044417.428  1184829  -0.00587  -0.00250
 578     0.600  -13044374.531  1162707   0.00591  -0.00087
 579     0.600  -13044378.811  1337171  -0.00963  -0.00240
 580     0.600  -13044384.735  1317100   0.00434  -0.00116
 581     0.500  -13044404.120  1227542  -0.00183   0.00029
 582     0.600  -13044379.138  1077466   0.00477   0.00196
 583     0.600  -13044348.095  1300539  -0.00642  -0.00297
 584     0.600  -13044390.867  967136  -0.00307   0.00470
 585     0.600  -13044394.713  1325497  -0.00117   0.00016
 586     0.600  -13044426.873  1075272  -0.00787   0.00314
 587     0.500  -13044374.038  1579209  -0.00264  -0.00604
 588     0.500  -13044411.885  1052937  -0.00676   0.00288
 589     0.500  -13044395.942  1303201   0.00837  -0.00023
 590     0.600  -13044407.518  1568365  -0.00208  -0.00516
 591     0.600  -13044411.636  1001504   0.00102   0.00393
 592     0.500  -13044439.486  1028590   0.00167   0.00334
 593     0.500  -13044425.090  1135547   0.00273   0.00261
 594     0.600  -13044370.899  1248554  -0.01040  -0.00508
 595     0.600  -13044400.149  989474  -0.00081   0.00109
 596     0.600  -13044373.261  1604877   0.00695  -0.00705
 597     0.600  -13044380.568  1216655   0.00293   0.00069
 598     0.500  -13044414.952  888736  -0.00022   0.00654
 599     0.600  -13044376.680  1258946  -0.00111  -0.00124
 600     0.600  -13044394.059  1077581  -0.00176   0.00314
 601     0.600  -13044302.537  1750663  -0.00240  -0.00728
 602     0.500  -13044372.377  1476523   0.00011  -0.00368
 603     0.500  -13044436.840  1282194   0.00789  -0.00285
 604     0.600  -13044327.146  1323951   0.00201  -0.00279
 605     0.500  -13044385.034  1098700   0.00798   0.00209
 606     0.500  -13044446.033  901537  -0.00123   0.00653
 607     0.600  -13044388.572  1220036  -0.00185   0.00013
 608     0.600  -13044408.280  1146171   0.00825   0.00193
 609     0.500  -13044424.741  1178279   0.00063  -0.00129
 610     0.600  -13044338.650  1583935   0.00317  -0.00558
 611     0.600  -13044435.225  965974   0.00909   0.00497
 612     0.600  -13044452.492  1070683  -0.00041   0.00413
 613     0.600  -13044417.502  1536400   0.01006  -0.00704
 614     0.600  -13044356.381  1142144   0.00020   0.00158
 615     0.600  -13044415.861  1234468   0.00458   0.00021
 616     0.600  -13044386.764  1263920  -0.00366   0.00012
 617     0.500  -13044465.256  1156631   0.00125   0.00235
 618     0.500  -13044397.359  1377492  -0.00197  -0.00239
 619     0.600  -13044333.864  1617078   0.00001  -0.00357
 620     0.600  -13044437.926  990582   0.00791   0.00492
 621     0.600  -13044400.877  1400261  -0.00813  -0.00241
 622     0.500  -13044398.834  1155075  -0.00349   0.00263
 623     0.600  -13044440.976  1061076  -0.00797   0.00236
 624     0.500  -13044481.305  859957  -0.00576   0.00731
 625     0.600  -13044420.311  1093107  -0.00508   0.00253
 626     0.500  -13044373.187  1713539   0.00318  -0.00773
 627     0.600  -13044438.269  1110609   0.00591   0.00286
 628     0.600  -13044411.521  1325467   0.00856  -0.00207
 629     0.500  -13044358.904  1491384  -0.00007  -0.00523
 630     0.600  -13044404.581  987610   0.00607   0.00473
 631     0.600  -13044368.568  1446350   0.00550  -0.00617
 632     0.600  -13044452.942  1155651   0.00077   0.00044
 633     0.600  -13044365.897  1045962   0.00174   0.00265
 634     0.600  -13044406.075  1449978  -0.00263  -0.00313
 635     0.500  -13044431.627  1303033   0.00517  -0.00218
 636     0.600  -13044434.845  1435266   0.01236  -0.00296
 637     0.600  -13044416.062  1268287  -0.00094   0.00055
 638     0.600  -13044372.735  1227676   0.00991  -0.00301
 639     0.600  -13044384.386  1244841  -0.00285  -0.00299
 640     0.500  -13044407.140  1022032   0.00276   0.00343
 641     0.600  -13044385.122  1122604  -0.00878   0.00112
 642     0.600  -13044350.229  1102414  -0.00442  -0.00009
 643     0.600  -13044398.082  1242440   0.00031  -0.00003
 644     0.600  -13044373.423  1263662  -0.00535  -0.00196
 645     0.500  -13044411.106  1052185  -0.00359   0.00240
 646     0.600  -13044391.263  1075963  -0.00319   0.00126
 647     0.600  -13044372.213  1478652  -0.00457  -0.00168
 648     0.600  -13044415.767  971802  -0.00118   0.00410
 649     0.600  -13044415.352  1261461  -0.00121   0.00067
 650     0.600  -13044399.542  1135858   0.00059   0.00308
 651     0.600  -13044420.294  960362   0.00094   0.00466
 652     0.500  -13044384.172  936293  -0.00622   0.00480
 653     0.600  -13044381.225  1596749   0.00010  -0.00943
 654     0.600  -13044408.563  982007   0.00801   0.00411
 655     0.600  -13044349.214  1507330  -0.00368  -0.00410
 656     0.600  -13044398.433  1185181  -0.00101  -0.00009
 657     0.600  -13044369.411  1662138  -0.00708  -0.00693
 658     0.600  -13044363.770  1334373  -0.00472  -0.00415
 659     0.600  -13044417.748  1219617   0.00334   0.00116
 660     0.500  -13044495.423  1021795   0.01447   0.00329
 661     0.600  -13044404.631  907915   0.00010   0.00634
 662     0.600  -13044397.174  928548  -0.00090   0.00498
 663     0.600  -13044378.169  1388472   0.00681  -0.00744
 664     0.500  -13044306.528  1616087  -0.00549  -0.00836
 665     0.600  -13044353.082  955893   0.00022   0.00539
 666     0.500  -13044396.423  1040611   0.00568   0.00432
 667     0.600  -13044412.077  1290970   0.00892  -0.00287
 668     0.600  -13044382.952  1131180  -0.00013   0.00261
 669     0.600  -13044412.235  1301226  -0.00162   0.00069
 670     0.600  -13044364.882  1462439  -0.00014  -0.00441
 671     0.600  -13044386.443  1421309   0.00780  -0.00317
 672     0.600  -13044372.010  1394120   0.00689  -0.00157
 673     0.500  -13044393.563  1140312  -0.00644   0.00413
 674     0.600  -13044377.199  1598505  -0.00426  -0.00805
 675     0.500  -13044431.875  1015047   0.00408   0.00319
 676     0.600  -13044356.337  1532500  -0.00584  -0.00832
 677     0.600  -13044367.558  1214091   0.00347   0.00019
 678     0.600  -13044400.246  980663  -0.00667   0.00361
 679     0.500  -13044434.299  1023529   0.00687   0.00393
 680     0.600  -13044320.436  1814583  -0.00315  -0.01027
 681     0.600  -13044426.151  1005972  -0.00163   0.00327
 682     0.600  -13044353.161  1363298  -0.00943  -0.00284
 683     0.600  -13044429.051  1138926   0.00819  -0.00211
 684     0.600  -13044390.602  898529  -0.00034   0.00578
 685     0.600  -13044380.650  1044222  -0.00820   0.00191
 686     0.500  -13044433.111  1200255  -0.00038   0.00090
 687     0.600  -13044302.699  1558354   0.00131  -0.01029
 688     0.500  -13044447.497  1101882  -0.00712   0.00375
 689     0.600  -13044416.246  1207047   0.00167  -0.00044
 690     0.600  -13044434.234  1010579   0.00271   0.00269
 691     0.600  -13044370.671  1080338  -0.00025   0.00229
 692     0.500  -13044336.813  966294  -0.00606   0.00408
 693     0.500  -13044406.042  1105629  -0.00627   0.00287
 694     0.600  -13044388.693  996224  -0.00706   0.00516
 695     0.600  -13044399.583  1154807  -0.01029  -0.00120
 696     0.600  -13044351.455  992705   0.00012   0.00258
 697     0.500  -13044453.637  1284011   0.00140  -0.00009
 698     0.600  -13044353.888  1536021  -0.00380  -0.00562
 699     0.600  -13044394.520  1550034  -0.00025  -0.00508
 700     0.600  -13044442.608  828811  -0.00259   0.00809
 701     0.500  -13044404.674  1309342  -0.00427  -0.00262
 702     0.600  -13044455.738  1224438  -0.00663   0.00085
 703     0.600  -13044360.156  1487338   0.00232  -0.00333
 704     0.500  -13044338.879  1710798  -0.00484  -0.00506
 705     0.600  -13044400.227  1538472  -0.00367  -0.00398
 706     0.600  -13044383.308  1667029   0.00563  -0.00488
 707     0.600  -13044357.210  1659911  -0.00710  -0.00711
 708     0.600  -13044410.771  1194221  -0.00727   0.00165
 709     0.600  -13044439.999  1171132   0.00254   0.00266
 710     0.600  -13044358.245  1044750   0.00255   0.00200
 711     0.600  -13044417.735  1059471   0.00461   0.00416
 712     0.600  -13044441.377  991851  -0.00247   0.00445
 713     0.500  -13044424.677  892655   0.00611   0.00600
 714     0.600  -13044397.376  937502  -0.00374   0.00449
 715     0.600  -13044348.525  1071146  -0.00181   0.00453
 716     0.600  -13044468.279  985321  -0.00281   0.00102
 717     0.500  -13044363.763  1322105  -0.00151  -0.00085
 718     0.600  -13044364.936  1651308   0.00173  -0.00493
 719     0.600  -13044411.493  1264813   0.01327  -0.00063
 720     0.600  -13044403.385  997970   0.00013   0.00310
 721     0.500  -13044359.579  1587159   0.00427  -0.00722
 722     0.600  -13044376.606  954656  -0.00139   0.00657
 723     0.600  -13044389.071  1046854   0.00250  -0.00006
 724     0.500  -13044429.082  1325463   0.00361  -0.00223
 725     0.500  -13044368.751  1457475   0.00290  -0.00024
 726     0.500  -13044431.511  907883   0.00827   0.00531
 727     0.600  -13044409.113  964739  -0.00002   0.00511
 728     0.600  -13044383.228  1451663   0.00400  -0.00569
 729     0.500  -13044470.272  871164  -0.00256   0.00690
 730     0.600  -13044338.210  1538088  -0.00386  -0.00369
 731     0.600  -13044369.052  1175246  -0.00010   0.00026
 732     0.600  -13044416.669  1133806  -0.00785  -0.00199
 733     0.500  -13044369.350  985049  -0.00973   0.00363
 734     0.500  -13044432.583  1292055  -0.00059   0.00154
 735     0.600  -13044336.028  1521605  -0.00554  -0.00524
 736     0.500  -13044416.908  1214087   0.01352  -0.00166
 737     0.600  -13044357.242  986318  -0.00922   0.00504
 738     0.600  -13044341.143  1473687   0.00019  -0.00734
 739     0.600  -13044364.710  1437266   0.00331  -0.00281
 740     0.600  -13044384.355  1050492   0.00568   0.00404
 741     0.500  -13044409.541  920314  -0.00574   0.00568
 742     0.500  -13044434.409  1099664   0.00600   0.00464
 743     0.600  -13044415.120  1061420  -0.00225   0.00010
 744     0.600  -13044425.250  967890  -0.00538   0.00509
 745     0.600  -13044343.984  1334463   0.00053  -0.00355
 746     0.600  -13044431.051  940400  -0.00157   0.00493
 747     0.500  -13044396.584  1110382  -0.00384   0.00002
 748     0.500  -13044438.483  1414182   0.00350  -0.00242
 749     0.500  -13044391.082  1553897  -0.00512  -0.00271
 750     0.600  -13044349.268  916338  -0.01566   0.00656
 751     0.600  -13044311.155  1150302  -0.00594  -0.00161
 752     0.600  -13044341.651  1401745  -0.00368  -0.00278
 753     0.600  -13044435.769  1081762  -0.00028   0.00322
 754     0.600  -13044362.324  1340554   0.00036  -0.00018
 755     0.600  -13044411.933  1229820  -0.00463  -0.00349
 756     0.600  -13044347.097  1267665   0.00778  -0.00312
 757     0.500  -13044382.026  1322439  -0.01262   0.00112
 758     0.500  -13044407.759  876676  -0.00046   0.00576
 759     0.600  -13044423.935  905247   0.00386   0.00599
 760     0.600  -13044374.505  1171496  -0.00404  -0.00327
 761     0.500  -13044379.746  1495313  -0.00442  -0.00347
 762     0.500  -13044385.085  1602723   0.00562  -0.00544
 763     0.600  -13044424.814  1272965   0.00290   0.00065
 764     0.600  -13044342.930  1843938   0.00451  -0.01339
 765     0.500  -13044440.625  1264868   0.00337   0.00103
 766     0.500  -13044402.563  877189  -0.00127   0.00747
 767     0.600  -13044428.892  942293   0.00031   0.00539
 768     0.500  -13044384.665  1209441   0.00348   0.00200
 769     0.500  -13044374.329  1034403   0.00284   0.00355
 770     0.600  -13044437.989  1038712   0.00076   0.00372
 771     0.500  -13044331.653  1217427  -0.00835   0.00117
 772     0.600  -13044432.314  1056371   0.00692   0.00263
 773     0.600  -13044458.999  928681   0.00003   0.00371
 774     0.600  -13044453.821  1201678  -0.00120  -0.00209
 775     0.600  -13044419.800  1328212  -0.00493  -0.00277
 776     0.500  -13044404.103  1183960   0.00758  -0.00235
 777     0.600  -13044386.433  1667251   0.00008  -0.00747
 778     0.600  -13044365.904  1771152   0.00825  -0.00689
 779     0.600  -13044398.438  1608806   0.00160  -0.00577
 780     0.600  -13044351.796  1652297  -0.00525  -0.00561
 781     0.600  -13044430.863  887969  -0.00699   0.00651
 782     0.600  -13044380.041  897344  -0.00511   0.00609
 783     0.600  -13044371.224  1599228   0.00412  -0.00420
 784     0.600  -13044358.838  1336535  -0.00721   0.00134
 785     0.600  -13044417.444  1197923   0.00504   0.00257
 786     0.600  -13044380.260  1277143  -0.00128   0.00112
 787     0.500  -13044384.754  1457228   0.00157  -0.00310
 788     0.600  -13044348.222  1529220  -0.00188  -0.00562
 789     0.600  -13044407.783  1322443   0.00909  -0.00025
 790     0.600  -13044387.301  1047186  -0.00994   0.00334
 791     0.500  -13044442.309  884700  -0.00201   0.00694
 792     0.500  -13044377.807  905142  -0.00502   0.00423
 793     0.600  -13044376.792  1255101   0.00297  -0.00262
 794     0.600  -13044390.037  1250175   0.00160   0.00056
 795     0.600  -13044392.845  1196839   0.00585   0.00166
 796     0.600  -13044391.063  1037789  -0.00230   0.00082
 797     0.600  -13044385.296  1212860   0.00059   0.00016
 798     0.600  -13044395.307  939443  -0.00564   0.00479
 799     0.600  -13044421.867  1195704   0.00107  -0.00198
 800     0.600  -13044383.261  983203   0.00583   0.00391
 801     0.600  -13044353.840  943124  -0.00854   0.00504
 802     0.500  -13044393.810  1114077  -0.00940   0.00322
 803     0.500  -13044354.187  1128507  -0.00902   0.00041
 804     0.600  -13044372.155  1061284   0.00050   0.00326
 805     0.600  -13044382.137  1190661   0.00096  -0.00347
 806     0.600  -13044467.415  1141454   0.01658   0.00201
 807     0.500  -13044406.901  1029985  -0.00917   0.00052
 808     0.500  -13044382.941  1202409  -0.00246   0.00279
 809     0.500  -13044385.997  1233069  -0.00801   0.00097
 810     0.600  -13044371.865  1046693   0.00162   0.00378
 811     0.600  -13044400.303  1148891   0.00177  -0.00018
 812     0.600  -13044460.035  1087675   0.00244   0.00290
 813     0.600  -13044407.240  1226516   0.00440   0.00179
 814     0.600  -13044424.665  1050341   0.00589   0.00448
 815     0.600  -13044429.972  1172873  -0.00110   0.00120
 816     0.600  -13044347.631  1169462  -0.00560  -0.00262
 817     0.600  -13044424.793  1073513   0.00387   0.00429
 818     0.600  -13044360.662  1149332   0.00565  -0.00250
 819     0.500  -13044344.255  1495328   0.00913  -0.00198
 820     0.600  -13044372.489  1030403   0.00183   0.00360
 821     0.500  -13044376.948  1536667   0.00851  -0.00718
 822     0.600  -13044439.562  1335582   0.00481  -0.00111
 823     0.500  -13044434.034  1101699   0.00621   0.00128
 824     0.500  -13044360.232  1175074   0.00400  -0.00362
 825     0.600  -13044379.669  1552085   0.00085  -0.00713
 826     0.600  -13044372.803  1649166  -0.00389  -0.00757
 827     0.600  -13044342.386  1288742  -0.01003  -0.00130
 828     0.500  -13044422.062  846067  -0.00280   0.00631
 829     0.600  -13044405.879  897404  -0.00631   0.00577
 830     0.600  -13044334.344  1251057  -0.00416  -0.00297
 831     0.600  -13044472.701  1033199  -0.00305   0.00358
 832     0.500  -13044370.308  1632178   0.00093  -0.00575
 833     0.600  -13044453.392  1121003   0.00457   0.00310
 834     0.500  -13044439.595  1165539  -0.00061  -0.00109
 835     0.600  -13044440.121  1098350   0.01190   0.00093
 836     0.600  -13044465.819  941537  -0.00582   0.00431
 837     0.600  -13044389.525  1459312   0.00424  -0.00322
 838     0.600  -13044386.380  984847  -0.00126   0.00505
 839     0.600  -13044342.522  1375795  -0.00875  -0.00355
 840     0.600  -13044422.042  1054088   0.00321   0.00416
 841     0.600  -13044386.179  935874   0.00199   0.00586
 842     0.500  -13044378.607  1022467  -0.00485   0.00322
 843     0.600  -13044311.020  1588345  -0.00669  -0.00418
 844     0.600  -13044326.214  1000107  -0.00881   0.00336
 845     0.600  -13044391.428  1604347   0.00427  -0.01155
 846     0.500  -13044350.904  1761459  -0.00228  -0.00764
 847     0.600  -13044362.148  1085807  -0.00225   0.00056
 848     0.500  -13044351.789  1648907   0.00183  -0.00446
 849     0.600  -13044430.782  1013662   0.00423   0.00375
 850     0.500  -13044305.039  1808520   0.00218  -0.01252
 851     0.600  -13044397.017  1122624  -0.00757  -0.00135
 852     0.500  -13044429.612  1121934   0.01065   0.00279
 853     0.500  -13044392.668  908642  -0.00305   0.00598
 854     0.500  -13044433.294  932877   0.00086   0.00597
 855     0.500  -13044383.231  1531803   0.00523  -0.00504
 856     0.500  -13044374.251  1265880  -0.00160  -0.00329
 857     0.600  -13044391.411  992949   0.00372   0.00364
 858     0.600  -13044381.854  1689991   0.00404  -0.00874
 859     0.600  -13044291.720  1492320  -0.00601  -0.00286
 860     0.600  -13044391.804  1249790   0.00543   0.00134
 861     0.600  -13044389.479  1033313   0.00762   0.00209
 862     0.600  -13044414.690  1102932   0.00691   0.00187
 863     0.600  -13044305.117  1271053  -0.01208  -0.00062
 864     0.600  -13044394.359  1143316   0.00018   0.00110
 865     0.600  -13044384.454  1014718   0.00296   0.00459
 866     0.600  -13044369.451  1365938   0.00332  -0.00600
 867     0.500  -13044392.940  1227884  -0.00539  -0.00106
 868     0.600  -13044371.022  1118170   0.01322   0.00224
 869     0.600  -13044372.145  983102  -0.00011   0.00457
 870     0.600  -13044381.338  1249766  -0.00917  -0.00032
 871     0.600  -13044365.485  1691571  -0.00031  -0.00538
 872     0.500  -13044410.058  855910  -0.00488   0.00682
 873     0.500  -13044321.863  1438685  -0.00833  -0.00238
 874     0.600  -13044392.161  1238971   0.00943  -0.00113
 875     0.600  -13044470.417  909524  -0.00098   0.00529
 876     0.500  -13044428.767  1130042   0.00687  -0.00094
 877     0.600  -13044355.670  1121484   0.00343   0.00197
 878     0.600  -13044404.023  1083679   0.00301   0.00272
 879     0.600  -13044399.293  1718497  -0.00371  -0.01154
 880     0.600  -13044415.630  1137712   0.00134   0.00053
 881     0.600  -13044396.577  1233294  -0.00236  -0.00042
 882     0.500  -13044386.786  1361107  -0.00019  -0.00208
 883     0.600  -13044403.201  1588201   0.00032  -0.00501
 884     0.600  -13044320.689  1307435  -0.01469   0.00065
 885     0.600  -13044351.939  1540669   0.00030  -0.00941
 886     0.600  -13044417.743  1125953   0.00688   0.00234
 887     0.600  -13044314.788  1666933   0.00161  -0.00968
 888     0.600  -13044403.125  1626386   0.00067  -0.00761
 889     0.600  -13044431.149  962783   0.00922   0.00448
 890     0.600  -13044394.948  1104539   0.00292   0.00153
 891     0.600  -13044393.845  1092529  -0.01332   0.00067
 892     0.600  -13044387.592  1357869  -0.00482  -0.00243
 893     0.600  -13044393.780  1256897  -0.00372   0.00278
 894     0.500  -13044417.923  1298228   0.00892  -0.00076
 895     0.600  -13044387.872  1136265  -0.00815  -0.00198
 896     0.600  -13044406.879  974320   0.00406   0.00473
 897     0.600  -13044371.521  879403  -0.00189   0.00554
 898     0.500  -13044418.631  1531215   0.00482  -0.00526
 899     0.600  -13044378.772  1136141   0.00292   0.00350
 900     0.600  -13044396.909  1008407  -0.00319   0.00214
 901     0.600  -13044418.181  1095975  -0.00663   0.00407
 902     0.600  -13044351.471  1346368   0.00273  -0.00529
 903     0.600  -13044350.654  896462  -0.00559   0.00627
 904     0.600  -13044375.082  1432079   0.00408  -0.00296
 905     0.600  -13044411.862  1509041   0.00253  -0.00215
 906     0.600  -13044404.694  953064  -0.00054   0.00541
 907     0.500  -13044448.648  1366061   0.00190  -0.00129
 908     0.600  -13044400.829  1072031   0.00505   0.00195
 909     0.500  -13044407.085  1396648   0.00386  -0.00312
 910     0.600  -13044414.961  1112059  -0.00023  -0.00010
 911     0.500  -13044349.966  1155239  -0.00323   0.00049
 912     0.500  -13044468.336  992424   0.00025   0.00158
 913     0.500  -13044398.063  1054279  -0.00466   0.00057
 914     0.600  -13044410.076  1247717   0.00207  -0.00030
 915     0.500  -13044325.981  1790711   0.00227  -0.00826
 916     0.600  -13044354.316  1254338  -0.00186   0.00080
 917     0.600  -13044423.452  985248   0.00837   0.00454
 918     0.600  -13044440.780  936942  -0.00236   0.00441
 919     0.500  -13044444.847  968861   0.00362   0.00579
 920     0.500  -13044442.208  897501   0.00088   0.00534
 921     0.600  -13044424.579  1063650  -0.01252   0.00068
 922     0.600  -13044485.219  1111120   0.00188  -0.00137
 923     0.600  -13044383.570  1291226   0.00107   0.00058
 924     0.600  -13044361.900  1578330   0.00389  -0.00467
 925     0.600  -13044349.343  1548447   0.00371  -0.00695
 926     0.600  -13044324.701  1256967   0.00044  -0.00260
 927     0.600  -13044402.731  1050100   0.00741   0.00259
 928     0.600  -13044339.778  1066807  -0.00621   0.00416
 929     0.500  -13044428.526  1322172  -0.00030  -0.00034
 930     0.600  -13044421.730  812986  -0.00060   0.00716
 931     0.600  -13044379.870  981847   0.00544   0.00442
 932     0.600  -13044374.989  1133306   0.00031   0.00109
 933     0.600  -13044387.314  1380115   0.00268  -0.00257
 934     0.600  -13044400.744  1306486   0.00118   0.00031
 935     0.600  -13044390.213  1104161   0.00415  -0.00011
 936     0.500  -13044408.908  921055  -0.00248   0.00694
 937     0.600  -13044345.205  1071579  -0.00523  -0.00048
 938     0.600  -13044393.404  1263519  -0.00566  -0.00392
 939     0.600  -13044439.458  1308731  -0.00697  -0.00378
 940     0.500  -13044373.125  1139871   0.00586  -0.00288
 941     0.500  -13044404.481  1271720   0.00333   0.00058
 942     0.600  -13044339.723  1561541  -0.00216  -0.00419
 943     0.500  -13044369.220  1569889  -0.00397  -0.00397
 944     0.600  -13044440.069  945969  -0.00760   0.00584
 945     0.600  -13044331.154  1295847   0.00061  -0.00116
 946     0.600  -13044443.843  1306867   0.00184  -0.00144
 947     0.500  -13044418.819  1315441   0.00064  -0.00286
 948     0.500  -13044393.748  1025002  -0.00455   0.00213
 949     0.500  -13044342.297  1364232  -0.01232   0.00061
 950     0.600  -13044371.276  1220303   0.00582  -0.00451
 951     0.600  -13044391.950  1046605  -0.00759   0.00379
 952     0.600  -13044408.745  1058457  -0.00041   0.00553
 953     0.500  -13044450.378  1136628   0.01134   0.00129
 954     0.600  -13044361.328  1644517   0.00462  -0.00577
 955     0.500  -13044398.240  910313  -0.00533   0.00628
 956     0.600  -13044388.161  1283761   0.01023  -0.00343
 957     0.600  -13044348.087  1455813   0.00712  -0.00234
 958     0.600  -13044381.517  1303875   0.00410  -0.00219
 959     0.500  -13044481.362  930018   0.00103   0.00536
 960     0.600  -13044407.362  1054207   0.00051   0.00416
 961     0.500  -13044356.359  1292399  -0.00945  -0.00027
 962     0.600  -13044383.297  1395341  -0.00033  -0.00247
 963     0.600  -13044349.849  1487555  -0.00715  -0.00286
 964     0.600  -13044365.759  1462157  -0.00462  -0.00346
 965     0.600  -13044390.134  1112045  -0.00725   0.00560
 966     0.600  -13044464.261  1378901   0.00328  -0.00503
 967     0.500  -13044392.217  1135853  -0.00756   0.00006
 968     0.600  -13044362.354  1070351  -0.00838   0.00163
 969     0.600  -13044333.496  1163766  -0.00249   0.00211
 970     0.600  -13044353.269  1074627  -0.00468   0.00267
 971     0.600  -13044362.147  921218  -0.00325   0.00563
 972     0.500  -13044421.744  921194   0.00254   0.00547
 973     0.500  -13044394.307  1264015  -0.00707   0.00065
 974     0.600  -13044348.454  1543071  -0.00744  -0.00502
 975     0.600  -13044369.954  1363769   0.00397  -0.00047
 976     0.500  -13044349.016  1014239  -0.00754   0.00376
 977     0.600  -13044433.004  1040813  -0.00124   0.00336
 978     0.600  -13044396.065  1246471   0.00032  -0.00091
 979     0.500  -13044409.442  1081582  -0.00817   0.00508
 980     0.600  -13044359.299  1046578  -0.00181   0.00039
 981     0.500  -13044341.047  1026236   0.00064   0.00250
 982     0.500  -13044429.430  1022507   0.00519   0.00356
 983     0.600  -13044381.118  1182459   0.01095  -0.00151
 984     0.600  -13044404.541  948617   0.00256   0.00462
 985     0.600  -13044367.676  1528402  -0.00978  -0.00298
 986     0.500  -13044373.246  1055445   0.00280   0.00059
 987     0.500  -13044448.675  934629   0.00235   0.00584
 988     0.500  -13044446.261  916007   0.00383   0.00636
 989     0.600  -13044409.128  1020683  -0.00899   0.00393
 990     0.500  -13044383.438  1458850   0.00000  -0.00324
 991     0.600  -13044381.194  1501987   0.00042  -0.00444
 992     0.600  -13044371.702  1447010  -0.00054  -0.00342
 993     0.600  -13044383.363  1125821   0.00528  -0.00105
 994     0.600  -13044384.785  919055  -0.00809   0.00566
 995     0.500  -13044418.532  1129758  -0.00566   0.00049
 996     0.600  -13044406.018  1225840   0.00541   0.00014
 997     0.500  -13044361.391  1436096   0.00040  -0.00203
 998     0.500  -13044398.855  1032095   0.00024   0.00335
 999     0.500  -13044396.162  1593745   0.00276  -0.00449
1000     0.600  -13044407.665  1074853   0.00033   0.00273
