
Rho     Fit     CLR     CF

    0.60  9611.95    0.000  -12.981
    0.60 10035.59    0.000  -80.031
    0.60 10981.47    0.000   -6.871
    0.50 10536.46   19.145 -141.652
    0.50 10602.11   18.301  -56.748
    0.60 11473.99    0.000  -77.438
    0.50 10607.37   90.477 -129.873
    0.60 10802.72    0.000 -258.095
    0.60 10582.03    0.000   61.333
    0.60 10693.09    0.000  -69.790
    0.60 11112.76    0.000 -249.722
    0.60 11135.98    0.000   31.152
    0.40 11436.43  149.434    1.514
    0.70 12665.08   65.882   55.886
    0.60 11586.53    0.000  -31.845
    0.70 11817.83    3.012   22.995
    0.50  9802.65   88.501   33.421
    0.60 11052.99    0.000  -56.140
    0.60 10191.84    0.000 -128.069
    0.50  9366.85   57.454   -9.835
    0.60 10692.13    0.000  194.311
    0.60  9922.51    0.000   29.349
    0.60  9961.95    0.000  -24.546
    0.60  9967.41    0.000   96.778
    0.60 11935.01    0.000  -46.284
    0.60  9902.06    0.000 -121.117
    0.60 10756.55    0.000  -68.054
    0.50 10650.19    1.760   54.012
    0.60 10783.74    0.000 -103.960
    0.60 10134.27    0.000 -104.283
    0.60 11427.03    0.000  -46.108
    0.50 10983.54   72.490   -1.895
    0.60  9843.95    0.000 -118.638
    0.60  9689.90    0.000   18.552
    0.50  9677.75   29.506  174.259
    0.60 10574.24    0.000 -191.221
    0.60 10449.97    0.000   54.760
    0.60 11321.48    0.000 -118.888
    0.50 10398.07   38.257 -101.580
    0.60 11032.60    0.000  136.043
    0.60  9767.66    0.000  -36.769
    0.60 12610.05    0.000   27.718
    0.50 10574.01   83.197   54.075
    0.60 11356.89    0.000 -103.951
    0.70 11052.40    2.983  -59.308
    0.50 11271.04   38.690  -21.851
    0.60 11291.76    0.000  137.248
    0.60  9607.41    0.000 -204.034
    0.50  9949.19   52.891  -32.257
    0.50 10466.38   40.344    7.279
    0.50  9537.20   20.236 -221.304
    0.60  9358.09    0.000 -105.894
    0.50 10815.12  124.803  141.794
    0.60 11555.35    0.000   51.591
    0.50  9323.94   46.111   23.240
    0.70 11575.47   15.393   72.459
    0.50  9957.27   83.668  122.295
    0.50 11248.87   41.520   96.497
    0.60 12735.21    0.000 -157.187
    0.50  9726.86   22.934 -140.576
    0.50 10823.11   76.512 -103.340
    0.50  9427.10   35.675 -258.970
    0.50  9081.60  100.300  -87.735
    0.70 12368.40   12.003  -86.227
    0.50 10193.00  100.801  -24.811
    0.60  9910.48    0.000    1.653
    0.50 10639.42   68.203    6.370
    0.60  9354.03    0.000  -64.563
    0.60 11474.59    0.000   30.587
    0.80 14042.86  172.399  -30.296
    0.60 10320.11    0.000 -102.937
    0.60 12021.96    0.000    2.458
    0.60 14261.46    0.000  435.030
    0.70 12911.92  104.257   34.652
    0.60 11438.26    0.000   32.806
    0.50  9683.20   44.671   10.393
    0.60 10927.94    0.000  -43.514
    0.60 11689.32    0.000   48.304
    0.50 10209.90   12.123    8.397
    0.70 12459.20    2.023 -136.942
    0.60  9399.99    0.000 -100.898
    0.60 11024.07    0.000 -142.697
    0.50  9905.04   78.988   17.875
    0.70 13980.14   39.177   93.654
    0.50 14041.19   33.412  100.361
    0.60  9653.87    0.000  -53.670
    0.70 12202.95   45.998 -267.035
    0.60 11332.02    0.000  111.535
    0.60  9586.40    0.000 -181.802
    0.50 10840.87   66.184  -93.733
    0.60 10453.87    0.000   33.032
    0.70 11571.64   66.328   92.573
    0.60 10026.53    0.000   72.299
    0.70 15312.17   12.634 -161.255
    0.60 10344.83    0.000  -32.905
    0.50  9544.49   78.180  -69.781
    0.90 17371.30  505.480  -66.825
    0.60 10803.28    0.000   81.540
    0.60 11327.64    0.000  -82.364
    0.50  9409.15    7.682 -206.255
    0.50 10550.58   57.051 -179.584
    0.70 12868.42   94.235 -177.805
    0.60 11288.33    0.000 -135.036
    0.70 12630.96   22.792  -13.800
    0.60 11244.69    0.000   63.130
    0.50  9377.30   75.881 -214.181
    0.60 10971.70    0.000   73.932
    0.60 10377.26    0.000  -65.428
    0.50 10477.44   26.862   82.848
    0.50  9230.18   40.364  -86.963
    0.50  9986.92   83.760 -194.226
    0.50  9697.11   24.513   33.683
    0.60 10727.60    0.000   83.008
    0.50 10815.62   84.609 -154.255
    0.60 11010.20    0.000 -201.818
    0.70 12282.04   28.793 -185.295
    0.70 13571.03   67.047  -15.969
    0.60 10468.03    0.000   19.972
    0.70 11063.00   26.567 -108.871
    0.60 10263.51    0.000 -131.872
    0.50 10380.57   14.697   -1.955
    0.60 10419.83    0.000 -204.813
    0.60 11889.69    0.000    5.631
    0.50  9735.07   60.139  227.596
    0.50 10606.40   31.407  -70.099
    0.50  9155.77   11.877 -165.249
    0.60 11104.98    0.000  -45.931
    0.60 10876.62    0.000  109.128
    0.60 10950.18    0.000    0.671
    0.60  9782.52    0.000  -50.880
    0.60 11155.19    0.000   84.475
    0.50 10007.95   30.310  -78.339
    0.60  9771.30    0.000 -377.532
    0.60 11808.69    0.000 -185.859
    0.50 11150.68   43.612 -258.478
    0.50 10462.19   14.083  -60.621
    0.70 12469.71   30.736   62.482
    0.60 11187.24    0.000  -17.002
    0.60 10078.30    0.000  -89.975
    0.60 10734.26    0.000   81.980
    0.50 11432.73   59.518 -103.651
    0.60 12254.98    0.000 -181.232
    0.60 10837.93    0.000  -11.469
    0.50 10593.00   29.174  120.167
    0.50 10142.66   52.790  221.654
    0.70 12587.11    4.697   46.553
    0.60 10303.39    0.000 -216.371
    0.60 11174.55    0.000  199.989
    0.50 11373.75   89.681  112.795
    0.50 10336.94    5.357   14.249
    0.70 14619.03   13.773  231.363
    0.50  9919.24   75.282  -73.153
    0.60 11585.26    0.000 -216.039
    0.70 14082.14   86.394  -22.736
    0.50 11259.16   26.293   22.635
    0.50 10562.64   20.762  101.183
    0.60 10888.82    0.000 -247.347
    0.60  9622.24    0.000 -144.021
    0.50  9516.31   42.174   16.873
    0.50 10883.00   41.934   14.318
    0.60 11930.63    0.000 -136.404
    0.50 10756.93   55.269   23.635
    0.40 10766.32  127.137   12.412
    0.60 10822.24    0.000  -94.023
    0.50 10654.50    8.961   85.387
    0.60 10442.35    0.000  -78.559
    0.60 10567.03    0.000 -113.457
    0.70 13864.76  100.290 -169.064
    0.60 10344.59    0.000  101.693
    0.50 10342.13   35.491 -227.245
    0.50 10260.12   11.470   45.403
    0.50  9911.85   13.806  -68.902
    0.50 10692.65   19.541 -111.094
    0.70 11981.46    7.185   81.567
    0.60 10079.67    0.000   30.345
    0.50  9745.50   64.402   94.944
    0.50 10322.41   49.417 -238.351
    0.60 11371.61    0.000    1.347
    0.50 10221.30   14.451  171.502
    0.50 10064.97   73.080  133.338
    0.60  9443.98    0.000 -237.295
    0.60 11015.28    0.000  151.428
    0.60  9922.31    0.000  132.988
    0.60 10610.89    0.000  -86.693
    0.80 14853.36  161.326 -136.908
    0.60 10771.11    0.000   14.844
    0.50 10290.01   21.566  -44.665
    0.60 10651.18    0.000  -39.272
    0.90 15988.13  395.613 -128.812
    0.50 10241.59   17.493 -122.435
    0.60 11098.17    0.000 -156.587
    0.60 10569.08    0.000 -159.014
    0.50 10259.71   65.180   48.145
    0.60 10882.40    0.000 -137.610
    0.60 12117.08    0.000  244.007
    0.50  9271.47   92.988 -125.551
    0.50  9440.10   72.326 -159.225
    0.60  9670.19    0.000 -211.887
    0.60 13149.87    0.000    2.736
    0.60 10033.10    0.000   67.974
    0.50 10199.75   83.210 -304.872
    0.60 10811.75    0.000 -131.063
    0.80 14149.93  192.719  -68.542
    0.50  9841.69   40.704  -60.514
    0.60 11894.06    0.000   43.570
    0.60 10681.14    0.000 -335.245
    0.50  9859.49   34.512  101.642
    0.60  9632.72    0.000 -132.556
    0.60 11144.53    0.000   92.629
    0.60 10036.07    0.000  -75.199
    0.50 10546.91  117.161  122.187
    0.70 12214.32   28.107   11.508
    0.50 10492.35   23.420   61.918
    0.60 10711.72    0.000  -15.658
    0.60 10780.76    0.000  118.529
    0.50 10134.61   37.759  155.296
    0.60 10480.34    0.000  -49.184
    0.60 10694.53    0.000 -129.970
    0.50  9848.45   29.740  -59.405
    0.60 10404.01    0.000  -51.645
    0.60 10077.05    0.000  -50.635
    0.50 10176.56   21.456   56.885
    0.60 10704.58    0.000  -62.710
    0.60 10571.34    0.000 -135.408
    0.60 10231.57    0.000 -121.116
    0.60 11562.66    0.000  -58.438
    0.50 11213.05   22.396  -46.545
    0.50  8932.32   12.294   29.450
    0.60 10842.84    0.000  -34.125
    0.50 11216.43   33.902   26.381
    0.60 10739.91    0.000 -245.642
    0.60 12135.63    0.000  -83.613
    0.50 10094.00    4.085 -128.768
    0.60 14575.46    0.000   22.185
    0.50  9522.41   43.941 -120.783
    0.60  9688.36    0.000 -183.060
    0.60 10726.69    0.000   39.275
    0.60 11315.41    0.000  -94.670
    0.50 10212.61    7.987  -67.886
    0.60 10170.44    0.000   -7.214
    0.60 11078.84    0.000   99.264
    0.50 10443.16   74.209   44.297
    0.50 11380.54   10.109 -177.968
    0.60  9671.23    0.000   87.164
    0.50  9765.32    5.223   14.073
    0.50  9906.07   70.299  -98.117
    0.60 11477.81    0.000 -171.070
    0.60 13095.46    0.000  174.815
    0.60  9734.32    0.000 -221.987
    0.70 13008.13  104.603 -127.784
    0.50 11600.20   74.237  175.734
    0.50 13545.76  105.497  348.517
    0.60 11001.07    0.000  -87.007
    0.60 11671.67    0.000 -138.674
    0.50 11390.77   54.486   16.191
    0.50 11902.37   29.910 -195.301
    0.50 11627.19   64.694  -89.428
    0.50 11783.58   17.533  -17.842
    0.50 10315.85   73.524 -162.087
    0.50  9915.15   26.845  -16.778
    0.60  9103.23    0.000 -357.392
    0.60 12203.82    0.000  104.581
    0.60 10597.36    0.000  -25.520
    0.50  9621.78   13.871  -86.817
    0.60 10559.29    0.000  -42.434
    0.80 14572.74  265.460 -143.755
    0.50 10337.12   32.409  113.719
    0.60 10640.40    0.000  -39.648
    0.50 10754.59   12.604 -145.672
    0.50 10571.15   10.425   43.260
    0.60 10931.38    0.000    3.880
    0.50 11258.19   69.067  -12.281
    0.50 13024.58   52.019  347.082
    0.50  9597.29   62.922  -15.717
    0.60 11214.61    0.000 -109.606
    0.50  9404.55    9.848  106.291
    0.60 10795.28    0.000  -36.954
    0.60 11598.05    0.000 -204.077
    0.50  9590.34   65.993 -273.182
    0.50  9558.00    0.218 -164.693
    0.50 10320.57   47.215   13.731
    0.60 12370.65    0.000  -21.208
    0.60 10516.71    0.000  -83.109
    0.50 10262.71   73.415  -62.821
    0.60 11098.42    0.000 -121.058
    0.50 10855.99   95.274  118.343
    0.60 10593.36    0.000  162.772
    0.60 10302.93    0.000   -5.699
    0.60  9568.43    0.000  -58.441
    0.50  9335.81   70.436   64.039
    0.60  9843.90    0.000 -190.022
    0.50  9915.28    0.098 -156.082
    0.50 10615.47   81.816   35.629
    0.60 11244.01    0.000 -102.437
    0.60 10222.87    0.000 -206.622
    0.50 11156.68   71.237   55.103
    0.60 10637.46    0.000 -267.546
    0.60 11591.18    0.000  106.607
    0.60 10621.36    0.000  -33.359
    0.60 11242.17    0.000   58.319
    0.60 10538.25    0.000   27.687
    0.70 13939.47   67.180 -103.241
    0.50 10521.38   70.785  -97.478
    0.60 10139.02    0.000 -267.159
    0.60 11261.73    0.000 -142.030
    0.60 11314.35    0.000  -37.647
    0.50  9671.41   40.033  -46.088
    0.60 10230.88    0.000  100.099
    0.70 12689.42   70.551  176.279
    0.60  9699.34    0.000  -30.317
    0.70 11370.91    3.273   53.494
    0.60 10526.81    0.000  -28.843
    0.60  9788.69    0.000   -1.879
    0.60 12836.68    0.000   37.162
    0.50 10342.29   91.852  123.267
    0.60 11047.38    0.000  -37.821
    0.50  9584.73   47.322 -172.870
    0.50 10810.62   11.761    4.298
    0.60 10635.55    0.000  -76.996
    0.60 10309.88    0.000   19.418
    0.60 11902.69    0.000  -19.404
    0.60 12081.30    0.000   -8.687
    0.60 10945.04    0.000  -70.806
    0.40 10986.90   96.957 -131.120
    0.50 10195.44    8.070 -145.088
    0.50 10175.97   48.573 -127.271
    0.70 12968.71   12.460   24.460
    0.60 11190.43    0.000 -129.247
    0.60 12408.40    0.000   44.549
    0.60  9328.73    0.000 -110.914
    0.60 11513.23    0.000   -7.696
    0.60 10446.26    0.000 -114.148
    0.60 10383.68    0.000  133.724
    0.50 10280.42   14.673  -10.815
    0.60  9955.43    0.000  -47.119
    0.60 11549.10    0.000  -77.338
    0.80 14682.41  163.609  269.425
    0.60 10017.36    0.000 -162.625
    0.50  9790.28   85.728  -27.367
    0.50 10330.44   80.750  -76.971
    0.60  9857.76    0.000   44.647
    0.60  9797.20    0.000  -50.023
    0.60 10540.40    0.000  -49.093
    0.50 10424.99    0.785   68.969
    0.60 11004.40    0.000 -146.951
    0.50 10139.94   62.008  -82.664
    0.50 10842.44    7.693  162.239
    0.60 12021.62    0.000 -155.003
    0.60 10196.94    0.000  -45.093
    0.50 10690.77  105.252   26.765
    0.60 11034.45    0.000   71.203
    0.70 12972.18   73.935   77.599
    0.60 10354.31    0.000   40.565
    0.60 10627.06    0.000 -136.059
    0.50  9814.53   15.592 -198.731
    0.70 11745.32   36.894 -158.278
    0.70 14058.67  130.251  -18.832
    0.60 10876.70    0.000 -102.807
    0.70 10592.52   41.140 -121.899
    0.60 11546.10    0.000   -5.139
    0.60 11556.88    0.000  130.291
    0.60  9558.56    0.000 -131.718
    0.50 10994.64    3.346 -243.828
    0.70 12245.12   58.128  -89.876
    0.60  9882.70    0.000 -203.612
    0.50 10475.19   51.617  -10.427
    0.70 12648.13   56.854 -115.143
    0.50 10482.62   30.929   -2.015
    0.60 10655.21    0.000  -14.833
    0.50 10277.05    9.226 -193.560
    0.60 10533.77    0.000   39.737
    0.60 11079.06    0.000  -16.422
    0.50 10289.98   81.809 -256.814
    0.70 12292.12   68.983   95.661
    0.60 10618.25    0.000   13.248
    0.60 11110.64    0.000   68.137
    0.60 10119.65    0.000  -24.200
    0.50  9366.05   42.041   44.201
    0.60 10972.83    0.000 -231.689
    0.50 10850.07   43.201   63.741
    0.60 14003.72    0.000  149.395
    0.50  9382.20   43.827 -183.519
    0.60 10636.56    0.000   20.325
    0.70 13349.12   51.348  240.387
    0.50 10304.52   97.819  112.820
    0.50 10148.77   54.688 -220.896
    0.60 11608.82    0.000  -80.924
    0.50 10818.26  110.444  154.536
    0.70 12599.70   49.373 -129.719
    0.50 10484.91   94.577  -15.122
    0.50  9845.96   25.017   23.118
    0.60 10065.57    0.000 -212.586
    0.70 12530.51   75.680 -203.364
    0.70 12975.64    2.900 -113.604
    0.60 11027.09    0.000   56.177
    0.70 11780.06   14.958 -142.602
    0.60 10956.90    0.000   94.923
    0.70 12187.47    6.260   83.253
    0.60 12243.63    0.000   72.662
    0.50 10523.76   43.856 -257.593
    0.60 10328.88    0.000  -73.365
    0.60 10083.93    0.000 -137.894
    0.50 10750.55   47.465   28.926
    0.50  9917.38   94.250  -15.676
    0.60 11752.97    0.000   48.157
    0.50 10152.79   13.004  -10.636
    0.60 10476.19    0.000  -58.034
    0.70 11824.25   11.065 -159.104
    0.50  9411.99   62.335 -331.704
    0.60 12363.19    0.000  116.497
    0.60  9895.68    0.000 -146.002
    0.60 12470.06    0.000  -47.227
    0.50 10576.43   89.557 -197.942
    0.50  9948.65   19.488  -26.814
    0.50 11532.69   98.567   72.085
    0.50  9991.14   10.252  -87.496
    0.60 10150.82    0.000  148.272
    0.50 10352.34   31.900  -86.283
    0.60 11348.58    0.000   29.782
    0.50 10226.75   69.151  -16.550
    0.60  9943.69    0.000 -148.637
    0.50 10507.29   90.143  -45.259
    0.60  9813.12    0.000 -211.507
    0.60 10657.01    0.000  -78.960
    0.60 10219.42    0.000 -139.984
    0.60 10930.68    0.000   59.310
    0.50  9591.92    7.785 -145.279
    0.50 10529.60   60.802   -0.168
    0.70 12043.56   61.705 -219.506
    0.60  9800.10    0.000   72.389
    0.70 11406.21    3.060  -92.951
    0.50 10502.16    3.912 -179.235
    0.50 11606.45    6.744  -53.924
    0.50 10653.61   35.987    3.338
    0.50 11833.82  102.151    6.627
    0.60 12496.92    0.000   49.345
    0.60 10682.52    0.000  137.996
    0.60 10604.11    0.000  -41.332
    0.60 11423.61    0.000 -116.856
    0.50  9389.62    3.643  -43.553
    0.60 11019.82    0.000 -124.103
    0.60 10300.04    0.000  -53.799
    0.70 10719.36    4.675  -67.712
    0.60 11496.74    0.000   20.502
    0.60 12231.15    0.000  -54.430
    0.70 11929.13    7.181   54.343
    0.50 10550.16   30.479  -87.030
    0.60 10217.66    0.000 -197.697
    0.60 11547.99    0.000 -226.026
    0.60  9932.93    0.000  -25.134
    0.60 13143.79    0.000  132.956
    0.60 10826.59    0.000  -18.237
    0.50 10654.65   86.772 -295.562
    0.60 10243.34    0.000 -146.483
    0.60 10287.32    0.000  -29.963
    0.60  9777.44    0.000 -143.631
    0.50 11118.59   49.941 -170.074
    0.60 12948.72    0.000  117.152
    0.50 11289.46  110.727  226.026
    0.70 12558.15   14.299 -222.295
    0.60 11064.12    0.000 -142.369
    0.50 10434.41   30.369  -95.767
    0.50 11085.06  100.890  179.816
    0.60 11357.62    0.000  -71.614
    0.60 10036.65    0.000  -96.369
    0.70 12040.57    1.432 -212.630
    0.50 11662.10   51.706  127.295
    0.60 10752.22    0.000  -66.752
    0.50  9713.52   15.023 -158.136
    0.50 10172.72   68.934 -167.426
    0.60  9273.77    0.000  -88.180
    0.60 10225.50    0.000 -119.958
    0.80 13738.50  166.694  -75.771
    0.70 12283.59   43.098 -109.279
    0.60 10501.84    0.000   88.446
    0.40 10280.12  141.727 -253.916
    0.60  9651.89    0.000  -46.064
    0.50  9876.28  111.249   46.838
    0.60 11395.81    0.000  -49.963
    0.50 11695.26  103.717   -4.333
    0.50 10327.42   47.915   22.052
    0.60 11126.84    0.000   50.329
    0.60 11412.18    0.000  176.941
    0.60 10740.11    0.000 -232.808
    0.50 11116.67   73.173  -25.049
    0.60 10063.72    0.000  -71.673
    0.50  9585.93   28.713 -267.414
    0.50 10579.61   58.217 -109.099
    0.60 11095.02    0.000 -187.831
    0.60 10482.42    0.000 -155.071
    0.60 10393.46    0.000 -126.416
    0.50 10372.39   98.229   17.246
    0.60 10116.29    0.000  -11.793
    0.50 11561.43   15.226 -147.678
    5.30 16671.85  804.990 -216.706
    0.50 10392.82   24.352 -273.801
    0.60 10628.55    0.000   79.693
    0.60 10476.61    0.000   41.969
    0.60 11449.38    0.000 -124.249
    0.70 12994.71   71.149  -17.557
    0.50  9755.81   57.929   40.881
    0.60 11919.81    0.000  -62.423
    0.60 10174.56    0.000    7.733
    0.50 11566.39   53.213   85.549
    0.70 13742.28   72.129   12.115
    0.60  9850.22    0.000 -429.834
    0.50 10744.18    1.219  -88.958
    0.60 12539.69    0.000  112.977
    0.80 14585.28  170.319 -128.095
    0.60  9849.02    0.000  -70.243
    0.60 10738.86    0.000 -132.739
    0.50 11748.60    4.661   63.052
    0.60 11146.39    0.000 -132.641
    0.60 12314.20    0.000 -159.549
    0.50 10233.43   52.135 -270.820
    0.60  9959.93    0.000   42.534
    0.80 16478.33  256.250  -71.354
    0.50 10615.80   48.886  106.950
    0.50 10315.41   66.761 -209.437
    0.50 10871.44   97.197 -206.077
    0.60 10115.26    0.000   88.640
    0.60 12064.94    0.000   26.414
    0.50 10760.79   29.346  -73.808
    0.50 10549.87   66.161 -122.524
    0.50 10296.34   89.374   18.867
    0.50  9955.56    1.306  -40.176
    0.40 10382.32  169.391  -33.661
    0.60 10596.28    0.000   75.546
    0.50 11207.66   66.578  -20.182
    0.60 11483.38    0.000   61.041
    0.50  9494.15    9.454 -210.062
    0.60 10459.31    0.000 -316.401
    0.50 11253.00    4.368 -133.069
    0.60 11338.59    0.000 -104.064
    0.60  9840.24    0.000 -142.722
    0.60 10116.03    0.000  -74.952
    0.60 11005.76    0.000  -24.527
    0.60 11997.32    0.000  102.616
    0.50  9351.30   74.307  -18.457
    0.60 13495.01    0.000   21.042
    0.60 10070.17    0.000 -107.390
    0.70 11592.44    8.517 -289.092
    0.60 10969.76    0.000  -20.226
    0.60 11329.06    0.000   56.632
    0.50  9383.08   51.079 -109.549
    0.60  9622.58    0.000  -99.967
    0.60 11496.10    0.000   35.001
    0.60 11415.04    0.000   79.384
    0.60 10618.77    0.000  -33.096
    0.60 10100.60    0.000   43.851
    0.60 12276.32    0.000   90.542
    0.50  9802.54   23.505  139.701
    0.60 11393.42    0.000  -57.384
    0.50 11487.46   25.354   77.873
    0.50  9856.29    0.113 -111.423
    0.50 11371.89   17.331  -48.047
    0.60 10858.96    0.000   45.013
    0.50  9646.11   23.228  -68.441
    0.60 10554.08    0.000   22.196
    0.60 11434.43    0.000 -215.092
    0.60 10331.41    0.000  116.410
    0.50 10284.11   64.105  154.798
    0.50 10669.97   57.974  -62.149
    0.60 13228.75    0.000    5.427
    0.60 11403.89    0.000 -300.309
    0.60 10681.76    0.000   -6.294
    0.50  9499.58   81.160   59.881
    0.70 11676.84   17.635   93.771
    0.50 10832.61   40.255  -39.703
    0.60 10771.52    0.000 -132.122
    0.60 10683.28    0.000  -72.140
    0.60 10995.13    0.000  -48.104
    0.60 10633.62    0.000 -108.930
    0.50 10519.61   18.349 -107.360
    0.50  9935.67   41.726  -92.169
    0.60 10744.07    0.000   51.991
    0.50 11081.30   68.145 -119.090
    0.60 11028.89    0.000 -135.468
    0.60 13111.58    0.000  182.631
    0.70 11476.69   16.134  115.307
    0.60 11855.88    0.000  287.642
    0.60 10024.31    0.000  -26.855
    0.50  9884.42  106.908   83.227
    0.70 12107.80   34.059  100.913
    0.60 10765.45    0.000  -63.480
    0.60 11539.24    0.000    1.078
    0.60 10466.75    0.000  -59.722
    0.60  9255.61    0.000  -80.404
    0.60  9831.66    0.000 -305.415
    0.40 10758.46  132.227 -261.761
    0.60 11112.02    0.000  -60.788
    0.60 10476.71    0.000   -9.784
    0.50  9913.27   19.607  -19.160
    0.70 12968.90   18.431   53.160
    0.50  9383.06   71.844  -90.780
    0.60 10410.63    0.000   -9.850
    0.60 11518.93    0.000   53.473
    0.50 10531.55   54.168   94.346
    0.60 10017.78    0.000  -10.107
    0.50 10326.49    8.096 -155.686
    0.50  9402.76   27.609   79.840
    0.60  9766.31    0.000  -66.692
    0.60 11128.13    0.000  -43.958
    0.50 10427.05   43.729 -156.399
    0.70 13043.77   60.457  -98.699
    0.50 10427.66   75.376  155.119
    0.50  9858.81   28.151 -114.054
    0.50 10634.32   63.845  -39.501
    0.50 10740.29    7.916  105.732
    0.60  9151.41    0.000 -186.498
    0.50  9956.85   58.792  108.164
    0.70 12213.29  117.227 -130.866
    0.70 13590.28  108.468   47.327
    0.60  9381.51    0.000 -236.199
    0.50 10541.79   75.147  -81.594
    0.60 11838.19    0.000  -70.927
    0.50 10597.42   84.060 -174.983
    0.50  9776.20   32.514  -59.783
    0.60 10789.49    0.000  -73.037
    0.60 10438.90    0.000  -28.360
    0.50 11077.18   40.905 -187.315
    0.50 10005.62   69.013  -34.170
    0.50 10688.45   55.655  -11.471
    0.50 11157.98    4.653 -261.771
    0.50 10646.01  114.377   84.446
    0.50  9948.52   25.929 -179.181
    0.50 10042.30   54.476 -157.747
    0.60 11971.63    0.000 -346.270
    0.60  9641.53    0.000 -168.241
    0.60  9760.84    0.000  -20.943
    0.60 12540.91    0.000   -8.647
    0.50  9337.04    7.423 -146.452
    0.60 10919.95    0.000   15.586
    0.60 10534.74    0.000   27.336
    0.60 10362.57    0.000 -138.385
    0.40 10631.84  122.416 -321.486
    0.50 10413.39   54.665  -87.469
    0.60 10984.02    0.000  -63.947
    0.50 10500.12   49.399  -13.333
    0.70 12718.39   88.783  -14.450
    0.50 11520.87   71.935  -72.635
    0.80 13957.36  126.020  -17.908
    0.50  9801.83   70.534 -150.469
    0.60 13628.39    0.000 -165.312
    0.50  9702.39  138.029  -27.020
    0.70 12480.61   80.258  -29.500
    0.60  9781.14    0.000 -157.842
    0.50  9846.38   68.065 -122.361
    0.70 12284.97    8.319  -36.578
    0.50  9927.98   65.734  207.260
    0.70 12117.85   73.053  144.028
    0.50 10362.31    7.503  -68.972
    0.50 10334.65   89.696 -236.820
    0.50 10022.81   63.887  130.441
    0.50  9897.02   40.991 -145.832
    0.60 11440.39    0.000 -123.126
    0.50 11073.15   22.896   93.415
    0.60  8907.47    0.000   41.760
    0.60 13004.58    0.000  -87.542
    0.50  9775.00    4.307   45.589
    0.50  9982.40    5.839 -218.034
    0.60 10545.13    0.000  -82.256
    0.50 10294.02   31.760  -74.434
    0.60 10546.41    0.000  -70.077
    0.60 10331.35    0.000 -194.010
    0.60  9761.21    0.000  136.114
    0.60 11242.19    0.000  -32.178
    0.60 11542.91    0.000  168.650
    0.60 10549.84    0.000 -187.210
    0.60 10867.97    0.000 -131.801
    0.50 10138.57   34.173 -187.636
    0.50  9710.70   37.367   59.199
    0.60 10342.29    0.000   20.081
    0.60  9402.53    0.000  -24.984
    0.60  9520.55    0.000   64.260
    0.50 10507.62   22.322   18.958
    0.60 10385.55    0.000  -51.195
    0.60 12131.19    0.000   23.860
    0.60 11085.23    0.000 -106.530
    0.50 11288.83  101.480  -93.325
    0.70 11545.74   11.630   10.469
    0.60  9734.29    0.000 -178.998
    0.50  9641.77   26.460  -12.730
    0.60 10349.71    0.000 -188.630
    0.40 10163.25  234.427  -67.311
    0.60 10315.50    0.000 -159.818
    0.50  9690.62   37.905 -227.362
    0.50  9930.03    7.259  -84.400
    0.60 10436.60    0.000  -99.460
    0.60 10283.39    0.000 -106.713
    0.60 10654.76    0.000 -211.660
    0.60 12446.11    0.000  -83.198
    0.60  9081.87    0.000  -77.754
    0.60  9686.22    0.000   43.019
    0.50  9587.11   42.307   -9.633
    0.60 11062.68    0.000  -28.081
    0.60 10294.52    0.000  109.714
    0.60 10076.49    0.000   22.359
    0.50  9934.71    3.163 -254.741
    0.60 10327.97    0.000  -54.606
    0.60 10685.34    0.000  103.152
    0.70 13171.47   74.951   26.660
    0.70 10819.03   51.104  -50.361
    0.60 10092.47    0.000    5.896
    0.60 10228.72    0.000  -63.779
    0.60 14063.55    0.000  116.514
    0.70 12456.98   26.015   33.009
    0.50  9717.71   64.343  -54.999
    0.60 11810.09    0.000   37.065
    0.60 10873.33    0.000 -109.159
    0.60 10371.54    0.000  -39.536
    0.50 10054.75   18.360 -207.265
    0.60 10815.95    0.000  -47.752
    0.60 10992.41    0.000  199.892
    0.60 11155.72    0.000   69.594
    0.50  9292.38   78.133  -27.295
    0.50 11430.21   44.367  206.134
    0.80 14320.22  294.957 -105.318
    0.50 10802.31   33.811 -188.027
    0.60 10011.03    0.000 -170.973
    0.60 10637.73    0.000  119.606
    0.50 11310.83   11.096 -182.889
    0.50 11731.69   61.197   46.296
    0.60 10367.63    0.000  209.442
    0.60 12090.19    0.000  -71.110
    0.60 12022.81    0.000   52.423
    0.60  9332.90    0.000 -324.190
    0.60 10888.43    0.000  -14.479
    0.60 11499.34    0.000   -0.197
    0.70 12405.72   11.079   43.843
    0.60  9372.97    0.000  143.867
    0.60 11567.09    0.000   -3.492
    0.70 12170.82    4.435 -119.356
    0.60 10001.22    0.000 -147.834
    0.50 11242.44   63.743    6.228
    0.50  9853.94   48.634  -35.800
    0.60 11798.59    0.000   29.060
    0.50 10540.89   86.333 -244.763
    0.50  9891.71   13.503  112.758
    0.60 11439.94    0.000 -391.409
    0.60  9612.19    0.000   17.854
    0.50 10307.90  118.355  -17.125
    0.60 10382.73    0.000  -12.915
    0.60 11023.84    0.000 -233.425
    0.60 14650.94    0.000  201.136
    0.50  9993.80    5.860 -118.302
    0.70 11492.05   47.331  -37.609
    0.50 10123.58   59.312  114.704
    0.50 10836.44   51.116 -134.884
    0.50 12209.20    7.674  -89.919
    0.60 10281.80    0.000 -173.837
    0.60 10898.37    0.000  166.049
    0.50 11012.78   27.140  -92.979
    0.60 12395.11    0.000   36.200
    0.70 12050.40   20.551 -201.130
    0.50  9868.47    1.130   -7.242
    0.60 11949.32    0.000  -99.324
    0.60  9943.41    0.000  -16.987
    0.60 10349.31    0.000   15.085
    0.60 11846.02    0.000 -117.686
    0.60  9963.43    0.000   17.388
    0.70 11547.99   12.434 -154.726
    0.50 10105.74  120.030   11.572
    0.60 10731.85    0.000   76.191
    0.60 10191.31    0.000   20.759
    0.70 14399.56   70.247 -190.899
    0.50 10056.26   56.536  154.458
    0.60 10017.48    0.000  -81.277
    0.50 10693.03   32.332 -203.126
    0.50 10299.30   54.209 -111.194
    0.70 10668.98    3.900  -92.001
    0.50 10617.80   79.851   62.920
    0.60 11048.50    0.000  -76.617
    0.60  9376.40    0.000   84.426
    0.60 10730.02    0.000  -87.786
    0.60  9939.68    0.000  -69.766
    0.50  9850.58   65.843   33.949
    0.50 10276.38   48.250   -6.633
    0.60 11143.51    0.000 -133.038
    0.60 10855.56    0.000  -52.336
    0.60 10706.46    0.000  -27.744
    0.60 11032.88    0.000 -266.908
    0.60 10556.96    0.000   80.569
    0.60 12894.47    0.000   29.205
    0.60 10548.76    0.000  -18.782
    0.60 11802.97    0.000   24.366
    0.60 10790.06    0.000 -184.824
    0.60 10624.60    0.000  102.874
    0.60 10458.71    0.000   81.712
    0.50 10163.98   60.692  -69.641
    0.50 11024.66    9.004  -38.946
    0.60 10914.85    0.000  110.081
    0.50  9976.19   67.580   15.565
    0.60 10261.44    0.000  188.356
    0.50 10484.08    6.185   33.462
    0.70 13208.90   58.534 -146.557
    0.50 10544.40   80.977   20.070
    0.60 11168.39    0.000   84.990
    0.50 10513.24   50.581   -2.199
    0.50  9989.43    5.075  112.791
    0.50 10139.24    1.663  -30.554
    0.70 10800.05   35.713  147.922
    0.60 10012.50    0.000  170.203
    0.60 12062.01    0.000  -32.460
    0.60  9718.04    0.000 -151.662
    0.60  9835.74    0.000  -85.470
    0.50 10075.26   58.463 -117.256
    0.50 12231.81   12.758  312.146
    0.50 11071.83   97.912  -19.062
    0.60 10001.96    0.000 -173.724
    0.60 11610.91    0.000  -78.535
    0.50 10199.79   44.665  -29.901
    0.50  9867.16   16.917 -264.244
    0.50 10599.84   67.333   15.787
    0.60 10211.77    0.000 -153.920
    0.50 10290.47    8.785   74.239
    0.60 10920.80    0.000 -165.425
    0.60 10166.44    0.000 -234.264
    0.60  9718.02    0.000   35.984
    0.60 11361.42    0.000   74.155
    0.50 10742.95   16.909  199.641
    0.60  9781.25    0.000  101.517
    0.50 10849.61   27.132  -51.001
    0.70 11711.38    1.935   20.560
    0.70 14164.77  113.232  -97.619
    0.60  9531.34    0.000 -159.678
    0.60 13144.34    0.000  311.175
    0.70 14206.00   40.113 -140.451
    0.50  9666.92   58.050  -70.923
    0.50 11050.73   34.259  -57.489
    0.50 11924.62   52.762    6.131
    0.50 10793.04   23.329  218.714
    0.60 11036.85    0.000 -269.638
    0.60 10688.68    0.000 -185.903
    0.50  9789.86   55.462    2.864
    0.60 10827.69    0.000  -80.012
    0.50  9800.04   91.920 -178.409
    0.60  9823.68    0.000 -172.525
    0.60 13347.24    0.000   23.896
    0.60 10126.45    0.000   74.982
    0.50  9842.04   62.025 -186.087
    0.60 10285.15    0.000 -181.999
    0.60 10020.88    0.000   55.823
    0.70 10585.00    4.131  -72.671
    0.60 11573.29    0.000  165.791
    0.70 13839.71   25.061   98.183
    0.50  9049.74   67.897   -4.145
    0.60  9657.13    0.000  -49.282
    0.60 12395.85    0.000  -89.612
    0.60  9468.26    0.000  -19.511
    0.60  9664.20    0.000   32.598
    0.70 12139.19   75.123  100.179
    0.60 10354.31    0.000  -27.081
    0.60 10135.69    0.000 -171.329
    0.70 14490.22   15.175   98.961
    0.60 11558.19    0.000  -17.969
    0.60 10955.54    0.000  -42.426
    0.50 10010.26   73.987  -89.027
    0.50 10555.10   67.375  -41.664
    0.60 10355.71    0.000 -149.655
    0.60 10781.76    0.000 -183.493
    0.50  9814.92   41.919   66.582
    0.60 10731.70    0.000   93.557
    0.60  9829.58    0.000  171.612
    0.60  9605.99    0.000   27.477
    0.60 10353.64    0.000  -88.895
    0.60 10873.84    0.000   33.191
    0.60  9839.59    0.000  -43.209
    0.60 10777.30    0.000 -122.102
    0.50 11967.79  107.362  -68.619
    0.50  9964.08   44.372 -100.749
    0.60 11236.48    0.000 -169.194
    0.50 10432.72   99.967  -73.924
    0.50 11495.27  147.190   46.404
    0.60 11014.06    0.000  -49.933
    0.60 11050.18    0.000   20.235
    0.60 10134.89    0.000 -284.965
    0.70 13063.42    5.054  -15.020
    0.60 10409.28    0.000   24.743
    0.60 10059.56    0.000 -145.844
    0.60 11213.05    0.000  -71.173
    0.60 10728.19    0.000   38.140
    0.60 10416.95    0.000  -55.922
    0.60 10313.89    0.000 -147.799
    0.50  9756.24    9.683 -290.676
    0.80 17684.59  175.857  147.937
    0.50 10412.48   37.800  119.937
    0.60 12387.58    0.000  396.179
    0.60 11644.50    0.000   20.964
    0.50  9838.17   29.952  254.141
    0.60 12293.61    0.000  -18.671
    0.50  9996.05    6.501  -21.338
    0.60  9295.26    0.000   92.109
    0.60 11934.44    0.000   20.737
    0.50 12155.44    8.658   99.317
    0.60 10235.22    0.000   31.666
    0.80 12938.97  190.023 -274.312
    0.60 10691.91    0.000    7.433
    0.60 10073.10    0.000 -124.010
    0.60 10590.87    0.000   11.164
    0.70 11827.17   48.642 -127.445
    0.60 10346.65    0.000  -59.352
    0.50 10324.76   87.754  -69.656
    0.50 11432.66   19.813  -70.437
    0.60 10325.13    0.000 -175.953
    0.60  9515.72    0.000   27.044
    0.70 12155.76   28.934   66.708
    0.60  9937.83    0.000  -18.255
    0.60 10572.83    0.000  -78.015
    0.60 11581.82    0.000 -153.138
    0.50  9219.90   10.820  -47.860
    0.70 13396.26   53.561   73.056
    0.60 11255.14    0.000   29.161
    0.50  9699.15  112.072 -113.879
    0.60 10299.96    0.000  -14.624
    0.50 11061.14    2.470   76.321
    0.50 10057.46   21.503 -127.171
    0.60  9984.29    0.000    2.736
    0.70 12619.13   16.760 -208.938
    0.60  9406.75    0.000  -69.776
    0.60 10029.37    0.000  -58.536
    0.70 13720.56   69.039 -141.951
    0.60 10484.18    0.000 -103.609
    0.60 11268.12    0.000  -50.144
    0.50  9258.00   63.636  -93.383
    0.50  9478.74   30.768 -208.795
    0.60 10320.67    0.000   39.809
    0.60 10727.00    0.000  -30.933
    0.50  9870.47   22.490 -301.616
    0.60  9782.85    0.000 -106.325
    0.60 11024.59    0.000 -266.690
    0.70 11381.42   17.417 -168.160
    0.60 10815.54    0.000   16.711
    0.70 12152.89    2.937 -242.968
    0.50 10739.63   93.616  233.340
    0.60 11458.32    0.000  -38.977
    0.60 11049.58    0.000  -71.181
    0.60 11184.62    0.000  -39.336
    0.60 11266.60    0.000  -14.307
    0.50 10272.45   16.539  -36.037
    0.60 10227.26    0.000 -119.185
    0.40  9830.69  232.294  132.232
    0.60 10672.34    0.000  -58.733
    0.60  8888.99    0.000  -31.344
    0.60 10689.91    0.000  -34.001
    0.60 10257.04    0.000 -134.755
    0.60 12450.90    0.000 -141.715
    0.60 11127.04    0.000  -22.091
    0.60 11509.65    0.000  101.120
    0.60 11056.37    0.000  -85.933
    0.70 11536.50   13.794  -30.567
    0.60 11665.64    0.000  -30.451
    0.50  9143.49   34.433 -274.200
    0.60 10559.23    0.000   45.347
    0.60 11580.51    0.000  -84.529
    0.60 11879.46    0.000 -260.651
    0.50  9218.38   70.711 -206.546
    0.50  9881.98   39.508   -9.583
    0.50  9939.33   75.796 -173.805
    0.60 10354.69    0.000   59.560
    0.60  9422.32    0.000   44.376
    0.50 10168.40   24.576 -123.164
    0.70 11193.82   26.997  -59.182
    0.60 12335.59    0.000  -57.859
    0.70 11514.63   27.489   30.562
    0.60 11211.18    0.000   68.626
    0.60  9968.57    0.000  115.327
    0.60 10047.20    0.000 -123.059
    0.50  9344.31   52.275  138.542
    0.60 11130.92    0.000  -87.545
    0.60 11031.78    0.000  -84.111
    0.70 11442.70   13.973   30.656
    0.60 12329.51    0.000  174.868
    0.60  9518.63    0.000  -66.814
    0.50  9287.98   52.113   86.539
    0.50 10137.04   21.322  141.044
    0.50 11127.21   52.552 -128.488
    0.50  9603.72   56.559   90.251
    0.50 10642.63   63.327  -75.409
    0.60 10381.25    0.000 -170.549
    0.60 11293.54    0.000   23.635
    0.60  9918.45    0.000 -205.387
    0.60 11672.71    0.000  -59.519
    0.50  9966.09   90.994  -23.635
    0.70 13224.92   37.093 -248.462
    0.50  9928.73   31.043   31.970
    0.60  9954.55    0.000 -172.979
    0.60 11235.58    0.000  -39.888
    0.60 12117.58    0.000 -242.481
    0.60  9965.35    0.000 -131.236
    0.60 11555.51    0.000   29.786
    0.60 10235.05    0.000   20.832
    0.50 12187.71  119.219  356.748
    0.60 11634.11    0.000  210.933
    0.60 10256.28    0.000   48.956
    0.60  9827.30    0.000   15.249
    0.60 11493.63    0.000  -99.537
    0.60 11285.35    0.000   82.737
    0.60 11675.97    0.000  -40.730
    0.50 10168.07    3.625 -197.036


Number of simulated fits > obs = 340 (of 1000)
Number of simulated rho  > obs = 111

