
Sliding windows analysis - rho for total gene = 0.00002 per bp/kb

SNP_L	 SNP_R	 #SNPs	4Ner/bp/kb	 CLR	  Tajima's D

     39.00	    270.00	   8	   0.00000	     86.03	    -1.058
    313.00	    593.00	   6	   0.00000	    175.76	    -1.692
    615.00	    850.00	   6	   0.00000	    298.27	    -1.147
   1055.00	   1169.00	   5	   0.00000	    426.68	    -0.805
   1202.00	   1473.00	  12	   0.00000	    567.44	    -1.159
   1493.00	   1750.00	   8	   0.00000	    765.80	    -1.487
   1804.00	   2020.00	   7	   0.00000	    884.52	    -0.472
   2152.00	   2310.00	   6	   0.00000	   1033.59	    -1.529
   2408.00	   2547.00	   5	   0.00000	   1150.20	    -1.066
   2677.00	   2951.00	  11	   0.00000	   1312.12	    -1.759
   3039.00	   3248.00	   9	   0.00000	   1431.18	    -2.022
   3312.00	   3520.00	   6	   0.00000	   1547.68	    -1.759
   3634.00	   3854.00	   6	   0.00000	   1598.15	    -0.509
   3912.00	   4134.00	  11	   0.00000	   1737.05	    -1.676
   4172.00	   4328.00	   2	   0.00000	   1902.53	     0.362
   4495.00	   4685.00	   6	   0.00000	   1941.56	    -1.799
   4756.00	   5001.00	   7	   0.00000	   2049.91	    -1.904
   5285.00	   5304.00	   2	   0.00000	   2153.65	    -1.367
   5404.00	   5577.00	   5	   0.00000	   2208.19	    -1.738
   5674.00	   5827.00	   9	   0.00000	   2314.96	    -1.558
   5975.00	   6219.00	   7	   0.00000	   2492.86	    -1.374
   6345.00	   6511.00	   9	   0.00000	   2610.79	    -2.046
   6562.00	   6826.00	   8	   0.00000	   2723.47	    -1.649
   6963.00	   7112.00	   4	   0.00000	   2815.06	    -0.681
   7158.00	   7410.00	   5	   0.00000	   2875.65	    -1.738
   7429.00	   7678.00	   8	   0.00000	   2921.58	    -1.377
   7789.00	   8017.00	   7	   0.00000	   3052.78	    -0.671
   8033.00	   8266.00	  10	   0.00000	   3147.95	    -0.535
   8387.00	   8582.00	   6	   0.00000	   3226.36	    -0.975
   8633.00	   8905.00	  13	   0.00000	   3235.32	    -0.464
   9072.00	   9187.00	   3	   0.00000	   3387.35	    -1.540
   9237.00	   9483.00	   7	   0.00000	   3428.36	    -1.406
   9650.00	   9760.00	   2	   0.00000	   3495.05	    -1.295
   9825.00	  10088.00	  14	   0.00000	   3494.08	    -1.305
  10121.00	  10367.00	   7	   0.00000	   3620.38	    -1.081
  10408.00	  10687.00	  10	   0.00000	   3690.01	    -1.954
  10697.00	  10930.00	   4	   0.00000	   3734.59	    -0.707
  11037.00	  11231.00	   7	   0.00000	   3784.74	    -1.158
  11297.00	  11558.00	  13	   0.00000	   3765.14	    -2.124
  11646.00	  11773.00	   4	   0.00000	   3871.73	    -1.535
  11901.00	  12173.00	  10	   0.00000	   3852.89	    -2.139
  12181.00	  12444.00	   7	   0.00000	   3923.28	    -1.315
  12479.00	  12742.00	  13	   0.00000	   3919.79	    -1.658
  12832.00	  12948.00	   8	   0.00000	   4000.57	    -1.442
  13073.00	  13362.00	   8	   0.00000	   4016.09	    -0.368
  13417.00	  13658.00	   5	   0.00000	   4032.97	    -0.274
  13674.00	  13942.00	  10	   0.00000	   4022.23	    -1.422
  14009.00	  14239.00	  10	   0.00000	   4045.27	    -1.647
  14266.00	  14421.00	   7	   0.00000	   4062.05	    -2.090
  14563.00	  14839.00	  15	   0.00000	   4091.35	    -1.173
  14873.00	  15087.00	   3	   0.00000	   4112.30	    -1.486
  15156.00	  15380.00	   5	   0.00000	   4129.01	    -1.629
  15451.00	  15729.00	  13	   0.00000	   4067.05	    -1.356
  15807.00	  16024.00	  10	   0.00000	   4030.47	    -2.096
  16042.00	  16310.00	   7	   0.00000	   4011.25	    -1.036
  16367.00	  16551.00	   3	   0.00000	   4042.03	    -0.487
  16665.00	  16913.00	   6	   0.00000	   3998.69	    -0.122
  16939.00	  17205.00	   8	   0.00000	   3961.03	    -0.247
  17279.00	  17514.00	   7	   0.00000	   3939.54	    -0.878
  17539.00	  17807.00	   9	   0.00000	   3917.13	    -0.776
  17887.00	  18107.00	   6	   0.00000	   3863.91	    -2.002
  18123.00	  18378.00	   8	   0.00000	   3793.32	    -1.515
  18489.00	  18703.00	   6	   0.00000	   3769.60	    -1.147
  18756.00	  18977.00	  11	   0.00000	   3659.35	    -1.843
  19075.00	  19294.00	   7	   0.00000	   3570.32	    -1.375
  19390.00	  19452.00	   4	   0.00000	   3549.89	    -1.765
  19643.00	  19875.00	   8	   0.00000	   3479.00	     0.269
  19918.00	  20198.00	   4	   0.00000	   3452.26	    -1.719
  20198.00	  20452.00	   9	   0.00000	   3399.65	    -1.608
  20543.00	  20704.00	   8	   0.00000	   3339.95	    -1.460
  20810.00	  21060.00	   6	   0.00000	   3264.42	    -1.129
  21161.00	  21372.00	   3	   0.00000	   3258.24	    -1.486
  21405.00	  21652.00	   7	   0.00000	   3199.45	    -0.269
  21696.00	  21942.00	  12	   0.00000	   3096.48	    -1.497
  22028.00	  22144.00	   4	   0.00000	   2991.14	    -0.545
  22293.00	  22573.00	   7	   0.00000	   2970.10	    -0.455
  22573.00	  22842.00	   6	   0.00000	   2916.37	    -0.940
  22983.00	  23146.00	   6	   0.00000	   2884.56	    -0.886
  23222.00	  23408.00	   8	   0.00000	   2802.85	    -1.387
  23474.00	  23742.00	   9	   0.00000	   2748.58	    -1.436
  23807.00	  24028.00	   8	   0.00000	   2639.86	    -1.681
  24074.00	  24330.00	  13	   0.00000	   2460.44	    -1.844
  24375.00	  24644.00	   9	   0.00000	   2392.64	    -1.201
  24709.00	  24938.00	   8	   0.00000	   2329.56	    -0.700
  24976.00	  25200.00	   9	   0.00000	   2188.95	    -0.856
  25264.00	  25529.00	  12	   0.00000	   2100.96	    -0.435
  25591.00	  25838.00	  10	   0.00000	   1962.91	    -1.909
  25904.00	  26093.00	   6	   0.00000	   1820.41	    -0.834
  26169.00	  26395.00	   8	   0.00000	   1726.49	    -0.702
  26444.00	  26692.00	   6	   0.00000	   1636.52	    -0.952
  26738.00	  26917.00	   8	   0.00000	   1506.95	    -2.050
  27041.00	  27325.00	   9	   0.00000	   1321.30	    -1.453
  27325.00	  27537.00	  12	   0.00000	   1093.40	    -1.769
  27641.00	  27893.00	   8	   0.00000	    911.64	    -0.769
  27950.00	  28193.00	   6	   0.00000	    855.68	    -1.507
  28218.00	  28514.00	   8	   0.00000	    752.94	    -0.296
  28513.00	  28735.00	   8	   0.00000	    651.47	    -1.202
  28849.00	  29027.00	   8	   0.00000	    535.10	    -1.676
  29116.00	  29405.00	  13	   0.00000	    374.18	    -1.150
  29405.00	  29693.00	  10	   0.00000	    194.65	    -1.500
  29719.00	  29954.00	   9	   0.00000	     52.94	    -1.798
