Distribution of estimated Rho values

Shuffle   Rho    Lkmax      G4     corr(r2,d)   corr(D',d)

   1     0.700  -21185551.418  2064164  -0.00023  -0.00301
   2     0.700  -21185613.206  1757439  -0.01740   0.00299
   3     0.600  -21185609.022  2728137   0.00969  -0.01256
   4     0.600  -21185693.712  1739663   0.00963   0.00470
   5     0.600  -21185629.276  1923399   0.00868   0.00159
   6     0.600  -21185720.787  1826158  -0.00258   0.00297
   7     0.600  -21185571.338  1780680   0.00243   0.00312
   8     0.600  -21185774.848  2226966   0.00082  -0.00189
   9     0.600  -21185527.751  1873146  -0.00241   0.00116
  10     0.600  -21185599.841  1776453   0.01188   0.00375
  11     0.600  -21185699.944  1725466  -0.00296   0.00311
  12     0.600  -21185780.751  1974502  -0.00754  -0.00136
  13     0.700  -21185284.351  2331232  -0.00233  -0.00454
  14     0.600  -21185591.305  2012631  -0.00349   0.00088
  15     0.700  -21185558.507  2499417  -0.01409  -0.00804
  16     0.600  -21185762.656  1647825   0.00096   0.00512
  17     0.600  -21185650.354  1863933   0.00993   0.00213
  18     0.600  -21185577.241  1793581  -0.00190   0.00160
  19     0.600  -21185669.513  1704910   0.00791   0.00573
  20     0.600  -21185589.569  1793280   0.01250   0.00415
  21     0.600  -21185682.054  1710392   0.00356   0.00287
  22     0.600  -21185578.969  2098897   0.00496  -0.00215
  23     0.600  -21185608.307  2094798  -0.00094  -0.00261
  24     0.600  -21185750.985  1624804   0.01838   0.00443
  25     0.600  -21185642.919  1890617  -0.00227   0.00038
  26     0.600  -21185689.291  2235089   0.00753  -0.00662
  27     0.600  -21185611.641  2049457   0.00658  -0.00124
  28     0.600  -21185694.618  1746652   0.00204   0.00352
  29     0.600  -21185603.121  1757100  -0.01331   0.00140
  30     0.600  -21185442.940  2077756   0.00035  -0.00251
  31     0.600  -21185660.415  2178794  -0.00894  -0.00028
  32     0.600  -21185463.706  2185750   0.00058  -0.00188
  33     0.600  -21185776.151  2116236   0.01130  -0.00291
  34     0.600  -21185653.459  1697091   0.00282   0.00651
  35     0.700  -21185728.332  1873538  -0.00889  -0.00011
  36     0.600  -21185762.281  1825188  -0.02070  -0.00071
  37     0.600  -21185607.458  1989515  -0.01378  -0.00104
  38     0.600  -21185621.353  1663325   0.00889   0.00500
  39     0.600  -21185717.329  1661603  -0.00993   0.00277
  40     0.600  -21185534.104  1960480   0.01159   0.00201
  41     0.600  -21185652.471  2050825   0.00583  -0.00182
  42     0.600  -21185598.777  2246737  -0.00452  -0.00465
  43     0.700  -21185684.465  1843728   0.00641   0.00184
  44     0.600  -21185664.485  1749983  -0.00468   0.00110
  45     0.700  -21185775.396  1650000  -0.01559   0.00305
  46     0.600  -21185809.449  2360964  -0.01929  -0.00474
  47     0.600  -21185428.914  2171384   0.00057  -0.00282
  48     0.600  -21185654.224  1742619   0.00922   0.00211
  49     0.600  -21185847.064  1479081  -0.01229   0.00747
  50     0.600  -21185678.276  1880900   0.01756   0.00217
  51     0.600  -21185613.998  2019843   0.00512  -0.00021
  52     0.600  -21185723.807  1781992   0.00456   0.00366
  53     0.600  -21185696.645  2437081   0.00936  -0.00422
  54     0.600  -21185809.225  1738870   0.01638   0.00368
  55     0.600  -21185762.954  1839976  -0.00407   0.00257
  56     0.600  -21185644.695  1872018   0.00075   0.00141
  57     0.600  -21185704.827  2150390   0.00946  -0.00041
  58     0.600  -21185740.558  2225205   0.00483  -0.00524
  59     0.700  -21185635.913  2262282  -0.01373  -0.00512
  60     0.600  -21185715.959  1823461  -0.00586   0.00127
  61     0.600  -21185832.686  1574845   0.00802   0.00619
  62     0.700  -21185501.984  2194340  -0.01189  -0.00368
  63     0.600  -21185632.041  2361032   0.00846  -0.00374
  64     0.600  -21185666.978  2062361  -0.00739  -0.00214
  65     0.600  -21185698.465  1779032  -0.01018   0.00451
  66     0.600  -21185552.196  2160772   0.00854   0.00097
  67     0.600  -21185594.063  2480088  -0.01123  -0.00743
  68     0.700  -21185471.285  2435047  -0.00478  -0.00462
  69     0.700  -21185526.702  1580178  -0.01969   0.00590
  70     0.600  -21185455.394  2327596   0.00752  -0.00854
  71     0.600  -21185653.745  1926663   0.01152   0.00035
  72     0.600  -21185613.984  1862394   0.01244   0.00124
  73     0.600  -21185715.919  2121874   0.00709  -0.00069
  74     0.600  -21185781.521  1657284  -0.01110   0.00227
  75     0.600  -21185739.324  2224335   0.00089  -0.00138
  76     0.600  -21185637.065  1745238   0.00398   0.00607
  77     0.600  -21185661.384  1441666   0.00066   0.00753
  78     0.600  -21185631.865  2019443  -0.00178  -0.00460
  79     0.600  -21185464.665  1840629   0.00353   0.00006
  80     0.700  -21185772.208  1856870  -0.00679  -0.00140
  81     0.600  -21185712.876  2093248   0.01359  -0.00298
  82     0.600  -21185680.391  1863775   0.00571   0.00214
  83     0.600  -21185611.711  1935059  -0.00759  -0.00040
  84     0.600  -21185669.064  1902037   0.00790   0.00103
  85     0.600  -21185707.935  2317666  -0.00607  -0.00377
  86     0.700  -21185508.747  1990408   0.01206   0.00082
  87     0.600  -21185574.758  1886030   0.00375   0.00487
  88     0.600  -21185642.084  1929697   0.00786   0.00356
  89     0.700  -21185607.252  2271930  -0.00464  -0.00245
  90     0.600  -21185776.451  2173321   0.00046  -0.00203
  91     0.600  -21185736.443  1633196  -0.00647   0.00401
  92     0.600  -21185692.763  1893057   0.00698   0.00059
  93     0.600  -21185732.769  2044393  -0.00538  -0.00028
  94     0.600  -21185541.008  1479582   0.00934   0.00591
  95     0.600  -21185655.187  1727583  -0.00479   0.00332
  96     0.600  -21185461.138  1776096   0.00710   0.00363
  97     0.600  -21185673.366  2125428   0.00693  -0.00311
  98     0.600  -21185682.000  1725884   0.01124   0.00694
  99     0.600  -21185515.844  2086295  -0.00605   0.00085
 100     0.600  -21185549.884  1879353  -0.01201   0.00266
 101     0.600  -21185532.250  2118608   0.01190  -0.00317
 102     0.600  -21185537.695  2317479  -0.00770  -0.00470
 103     0.600  -21185693.418  1811732   0.00169   0.00136
 104     0.600  -21185655.382  1784278  -0.00184   0.00240
 105     0.600  -21185644.112  1609422   0.00293   0.00515
 106     0.600  -21185579.402  2085246  -0.00065  -0.00318
 107     0.600  -21185684.462  1540603  -0.00386   0.00609
 108     0.600  -21185655.075  1948432   0.01418  -0.00133
 109     0.600  -21185697.057  2104280   0.00450  -0.00015
 110     0.600  -21185611.627  2116194  -0.00908  -0.00322
 111     0.600  -21185820.041  1785057   0.02178   0.00643
 112     0.600  -21185575.984  1555358   0.00105   0.00584
 113     0.600  -21185549.996  2234717   0.01903  -0.00490
 114     0.600  -21185586.846  2173494   0.01247  -0.00389
 115     0.600  -21185726.155  1999842  -0.02138  -0.00087
 116     0.600  -21185514.696  1617223   0.00510   0.00533
 117     0.600  -21185603.156  1979556  -0.00876  -0.00002
 118     0.600  -21185618.936  2121272  -0.00409  -0.00493
 119     0.600  -21185681.005  1572420  -0.00560   0.00480
 120     0.600  -21185655.342  2450859  -0.01139  -0.00616
 121     0.600  -21185609.756  2263243   0.00985  -0.00584
 122     0.600  -21185568.270  1920420   0.01234   0.00183
 123     0.600  -21185552.755  1770030  -0.00634   0.00222
 124     0.600  -21185682.127  2034759  -0.01437  -0.00098
 125     0.700  -21185495.329  1852304  -0.01127   0.00129
 126     0.600  -21185527.933  2018892   0.00137   0.00244
 127     0.600  -21185558.311  1513884   0.01245   0.00553
 128     0.600  -21185542.717  1836794   0.00244   0.00303
 129     0.600  -21185617.442  1849589   0.00938   0.00156
 130     0.600  -21185583.000  2012570  -0.01024  -0.00162
 131     0.600  -21185644.342  1916443  -0.00483   0.00502
 132     0.600  -21185608.962  2248350  -0.00077  -0.00443
 133     0.600  -21185693.852  2094407   0.00318   0.00067
 134     0.600  -21185664.126  1929315   0.00110  -0.00046
 135     0.600  -21185701.270  2127457   0.00165  -0.00200
 136     0.600  -21185586.748  1953822   0.01274   0.00010
 137     0.600  -21185724.566  1856799  -0.00241   0.00002
 138     0.600  -21185828.299  1398098   0.00524   0.00817
 139     0.600  -21185785.476  1974853  -0.00236   0.00048
 140     0.600  -21185718.313  1997641  -0.00122   0.00172
 141     0.600  -21185649.886  1996314   0.01281  -0.00072
 142     0.600  -21185634.471  1685177   0.00130   0.00605
 143     0.700  -21185701.205  2123690   0.00111  -0.00400
 144     0.700  -21185627.641  1581133  -0.00536   0.00677
 145     0.600  -21185521.174  1736569  -0.00082   0.00451
 146     0.600  -21185708.081  2182956  -0.01116  -0.00496
 147     0.600  -21185516.189  2339677   0.00658  -0.00475
 148     0.600  -21185722.481  1866569  -0.00111   0.00090
 149     0.600  -21185735.060  1710770  -0.01459   0.00311
 150     0.600  -21185704.803  1857546  -0.00390   0.00089
 151     0.600  -21185628.375  1933672  -0.00700   0.00059
 152     0.600  -21185629.234  2132989  -0.00703  -0.00228
 153     0.600  -21185487.463  2573538   0.00612  -0.00693
 154     0.600  -21185614.516  2040909   0.00626  -0.00150
 155     0.600  -21185761.835  1739927  -0.01236   0.00273
 156     0.600  -21185584.383  2088430  -0.01337  -0.00096
 157     0.600  -21185780.861  1530900   0.00731   0.00692
 158     0.600  -21185826.504  2010532  -0.01418   0.00065
 159     0.700  -21185681.530  1930295  -0.00275  -0.00008
 160     0.600  -21185506.379  2491248   0.00187  -0.00654
 161     0.600  -21185731.299  2175405   0.00750  -0.00453
 162     0.600  -21185657.202  1875300  -0.00537   0.00373
 163     0.600  -21185698.830  2359596  -0.00785  -0.00807
 164     0.600  -21185671.768  1611390  -0.02006   0.00451
 165     0.700  -21185384.672  1639159  -0.01485   0.00430
 166     0.600  -21185689.060  2002353   0.00999  -0.00110
 167     0.600  -21185579.181  2046730  -0.00181   0.00081
 168     0.600  -21185693.752  1961468  -0.00462   0.00127
 169     0.600  -21185746.049  2085429   0.00668  -0.00273
 170     0.600  -21185775.108  2017669  -0.01088   0.00094
 171     0.600  -21185756.370  1929140  -0.00277   0.00022
 172     0.700  -21185639.286  2137793  -0.00077  -0.00021
 173     0.600  -21185643.056  2352319  -0.00613  -0.00702
 174     0.600  -21185563.970  2196416   0.00635  -0.00584
 175     0.600  -21185596.751  1999690  -0.00725   0.00137
 176     0.600  -21185635.758  1652269   0.00183   0.00524
 177     0.600  -21185734.072  1644647   0.00296   0.00429
 178     0.600  -21185460.792  1863809   0.00503   0.00264
 179     0.600  -21185504.703  1751676   0.00631   0.00196
 180     0.600  -21185724.802  1892397  -0.00470   0.00110
 181     0.600  -21185584.008  1793550  -0.00687   0.00240
 182     0.600  -21185498.075  2504892  -0.00572  -0.00876
 183     0.600  -21185595.052  1765624  -0.00373   0.00414
 184     0.600  -21185683.170  2077550   0.00265  -0.00003
 185     0.600  -21185599.339  2118540   0.02261  -0.00125
 186     0.600  -21185769.163  1697911  -0.01175   0.00279
 187     0.700  -21185664.571  2384159  -0.00632  -0.00847
 188     0.600  -21185583.147  2495150   0.00282  -0.00652
 189     0.700  -21185543.890  2138952  -0.01409  -0.00284
 190     0.600  -21185654.972  1962043  -0.00552   0.00255
 191     0.600  -21185569.594  2370449  -0.00099  -0.00474
 192     0.600  -21185749.152  1651958  -0.00315   0.00445
 193     0.600  -21185628.997  2048380   0.00326  -0.00059
 194     0.600  -21185530.363  1999258   0.00846  -0.00051
 195     0.700  -21185629.409  1572384  -0.00638   0.00533
 196     0.600  -21185684.115  1751748  -0.01017   0.00158
 197     0.600  -21185616.401  1838217   0.01142   0.00246
 198     0.700  -21185710.342  1949209   0.00468   0.00023
 199     0.600  -21185640.459  2360005   0.00535  -0.00583
 200     0.600  -21185801.708  1815281  -0.00553   0.00255
 201     0.600  -21185555.466  2283392   0.00130  -0.00277
 202     0.600  -21185847.695  1823301  -0.01072   0.00171
 203     0.600  -21185513.825  2182092  -0.00287  -0.00449
 204     0.600  -21185789.118  1912955   0.01424  -0.00020
 205     0.600  -21185661.997  1898499   0.00544   0.00244
 206     0.600  -21185499.926  1955887  -0.00160  -0.00076
 207     0.700  -21185543.050  1935608  -0.01424  -0.00023
 208     0.600  -21185752.340  1876353  -0.00685  -0.00051
 209     0.700  -21185392.426  1968275  -0.00456   0.00220
 210     0.600  -21185527.295  1868851   0.01594   0.00286
 211     0.600  -21185663.155  1980901   0.00690  -0.00059
 212     0.600  -21185638.512  1633173   0.00565   0.00448
 213     0.600  -21185669.123  1895455   0.00472   0.00110
 214     0.700  -21185436.132  1926766  -0.00258   0.00129
 215     0.600  -21185640.606  2445703  -0.00935  -0.00513
 216     0.600  -21185559.522  1815757   0.01266   0.00429
 217     0.600  -21185752.166  1788802   0.00611   0.00158
 218     0.600  -21185510.546  2109104   0.01698  -0.00111
 219     0.600  -21185743.871  1959410  -0.01838  -0.00110
 220     0.700  -21185637.121  1928165  -0.02944   0.00270
 221     0.600  -21185707.854  1913219  -0.00337  -0.00124
 222     0.600  -21185544.523  2032409  -0.01718  -0.00015
 223     0.600  -21185538.471  1961719  -0.00106   0.00151
 224     0.600  -21185479.660  2208421  -0.00473  -0.00397
 225     0.600  -21185530.000  1743317   0.01079   0.00500
 226     0.600  -21185621.229  1834224  -0.00023   0.00111
 227     0.600  -21185755.173  1784532   0.00499   0.00105
 228     0.600  -21185642.375  1559648   0.01062   0.00782
 229     0.600  -21185692.849  1748524  -0.00418   0.00228
 230     0.600  -21185714.291  1684743   0.00709   0.00505
 231     0.700  -21185446.946  1990639  -0.01139  -0.00075
 232     0.600  -21185616.528  2156233   0.00827  -0.00456
 233     0.600  -21185627.606  1844882   0.01961   0.00264
 234     0.700  -21185614.131  2060099  -0.00632  -0.00198
 235     0.600  -21185685.573  2444496   0.00013  -0.00515
 236     0.600  -21185483.946  1892567  -0.00412   0.00215
 237     0.600  -21185731.205  1834291  -0.00287   0.00257
 238     0.600  -21185732.205  1937505   0.00724   0.00053
 239     0.700  -21185576.880  2521206   0.00241  -0.00780
 240     0.600  -21185549.929  2043713   0.00794  -0.00101
 241     0.600  -21185704.762  1786546   0.00407   0.00377
 242     0.600  -21185684.751  1675104   0.00282   0.00534
 243     0.600  -21185675.037  2003749  -0.01318  -0.00134
 244     0.600  -21185635.600  1543700   0.00218   0.00639
 245     0.600  -21185647.442  1763731   0.00406   0.00286
 246     0.600  -21185653.124  1934070   0.01070   0.00234
 247     0.600  -21185795.620  1663128  -0.00357   0.00400
 248     0.600  -21185652.742  1898593   0.00227   0.00096
 249     0.600  -21185679.286  2233121  -0.00456  -0.00374
 250     0.700  -21185634.101  2145976  -0.00744  -0.00560
 251     0.600  -21185389.888  1642943   0.00237   0.00474
 252     0.600  -21185569.250  1670947   0.01020   0.00359
 253     0.600  -21185682.726  1885417   0.00209   0.00018
 254     0.600  -21185761.943  1785560  -0.00011   0.00169
 255     0.600  -21185685.615  2011379   0.00686   0.00143
 256     0.600  -21185626.429  2022930   0.00488  -0.00032
 257     0.600  -21185690.960  1703201   0.01169   0.00339
 258     0.600  -21185606.411  1867400   0.00872   0.00090
 259     0.600  -21185814.318  1770824   0.02091   0.00266
 260     0.600  -21185711.423  2270748  -0.00007  -0.00238
 261     0.600  -21185825.777  1536230  -0.00500   0.00523
 262     0.700  -21185498.377  2425580  -0.00062  -0.00619
 263     0.600  -21185864.682  1960594   0.00376  -0.00042
 264     0.600  -21185640.768  1925714  -0.00240   0.00100
 265     0.600  -21185643.594  2245711   0.01425  -0.00490
 266     0.600  -21185746.677  2168548  -0.00407  -0.00240
 267     0.600  -21185712.818  1710235  -0.00332   0.00388
 268     0.600  -21185562.237  1757037   0.00928   0.00504
 269     0.600  -21185586.091  1925596  -0.00519   0.00356
 270     0.600  -21185713.874  1713974  -0.00384   0.00221
 271     0.600  -21185635.498  2180099  -0.00930  -0.00172
 272     0.600  -21185707.375  2280786  -0.00814  -0.00440
 273     0.600  -21185550.208  1807613   0.01145   0.00268
 274     0.600  -21185764.806  2186473  -0.00273  -0.00488
 275     0.700  -21185527.026  2189025  -0.00615  -0.00411
 276     0.600  -21185841.571  1586934  -0.00094   0.00430
 277     0.600  -21185634.384  2111681  -0.00197  -0.00219
 278     0.600  -21185571.668  1939616  -0.00950   0.00037
 279     0.700  -21185640.427  1870762  -0.00277   0.00307
 280     0.600  -21185651.713  2180163   0.01024  -0.00115
 281     0.600  -21185836.102  1907586  -0.00544   0.00205
 282     0.600  -21185614.192  1756611   0.00005   0.00354
 283     0.600  -21185630.178  2332180   0.00742  -0.00578
 284     0.700  -21185521.500  1821480  -0.02086   0.00046
 285     0.600  -21185720.521  1783993   0.01169   0.00340
 286     0.600  -21185714.481  2025083  -0.01408  -0.00196
 287     0.600  -21185711.479  2273424  -0.00769  -0.00113
 288     0.700  -21185572.480  2179171  -0.01675  -0.00183
 289     0.600  -21185596.836  1957784  -0.00347  -0.00058
 290     0.600  -21185575.438  2245969  -0.00792  -0.00585
 291     0.700  -21185712.006  1688186  -0.01692   0.00301
 292     0.600  -21185541.983  1966565   0.02022   0.00036
 293     0.600  -21185493.849  1845072   0.00505   0.00257
 294     0.600  -21185588.490  1784411  -0.00850   0.00411
 295     0.600  -21185667.657  1793792   0.00984   0.00168
 296     0.600  -21185686.614  2019438  -0.00142  -0.00121
 297     0.600  -21185613.359  1886904   0.00384  -0.00011
 298     0.700  -21185603.546  1934620  -0.00087  -0.00068
 299     0.600  -21185700.818  2138923  -0.00308  -0.00599
 300     0.600  -21185624.987  1836082  -0.00809   0.00110
 301     0.600  -21185406.043  2225228   0.00918  -0.00373
 302     0.600  -21185549.809  1846626   0.00009   0.00211
 303     0.600  -21185687.646  1681934   0.00054   0.00535
 304     0.700  -21185537.199  2027067   0.00455   0.00152
 305     0.600  -21185615.738  2162202   0.01124  -0.00376
 306     0.600  -21185714.518  1901942  -0.00899  -0.00222
 307     0.600  -21185673.316  1647853   0.00499   0.00257
 308     0.600  -21185725.811  1499056   0.00278   0.00646
 309     0.600  -21185762.600  2128946   0.01228  -0.00156
 310     0.600  -21185569.314  2126221   0.00129  -0.00261
 311     0.700  -21185617.169  2126535  -0.00017  -0.00300
 312     0.600  -21185571.341  2057909  -0.00377  -0.00243
 313     0.600  -21185672.482  1747059   0.00106   0.00209
 314     0.600  -21185599.440  1950855   0.00017   0.00034
 315     0.700  -21185693.721  2203579  -0.01002  -0.00590
 316     0.600  -21185694.482  1970292   0.00898  -0.00245
 317     0.600  -21185600.938  1790939   0.00208   0.00383
 318     0.600  -21185759.599  1953120   0.00634   0.00284
 319     0.700  -21185682.974  1661138   0.00507   0.00270
 320     0.600  -21185642.244  1823609  -0.00144   0.00129
 321     0.600  -21185590.618  1616193   0.00796   0.00492
 322     0.600  -21185651.006  2065091  -0.00118  -0.00089
 323     0.600  -21185612.842  1784674  -0.00208   0.00279
 324     0.700  -21185588.109  2037269  -0.00071   0.00014
 325     0.700  -21185538.798  1839951  -0.01402  -0.00006
 326     0.600  -21185826.225  1934866   0.00266  -0.00035
 327     0.700  -21185732.114  1728829  -0.00777   0.00361
 328     0.600  -21185579.356  1746714  -0.00132   0.00118
 329     0.600  -21185663.094  2024253   0.00909  -0.00027
 330     0.600  -21185746.474  1700217   0.00854   0.00263
 331     0.600  -21185693.807  1776222  -0.00975   0.00151
 332     0.700  -21185549.691  2756981   0.00313  -0.01012
 333     0.600  -21185736.630  2345921  -0.00092  -0.00450
 334     0.600  -21185683.150  1765146   0.01425   0.00453
 335     0.600  -21185710.233  1744949  -0.00788   0.00242
 336     0.600  -21185655.291  1895683   0.00270   0.00119
 337     0.600  -21185466.696  1841005   0.00585   0.00481
 338     0.600  -21185552.728  2221494   0.00416  -0.00446
 339     0.600  -21185641.003  1976517  -0.00154   0.00137
 340     0.700  -21185463.625  2271406  -0.00397  -0.00574
 341     0.600  -21185503.930  2030474  -0.00057  -0.00191
 342     0.600  -21185684.902  1548853  -0.00517   0.00798
 343     0.600  -21185532.903  2079420  -0.00529  -0.00232
 344     0.600  -21185628.713  1998838  -0.00381  -0.00081
 345     0.600  -21185701.037  1537296   0.00034   0.00632
 346     0.700  -21185639.261  2159907  -0.00922  -0.00172
 347     0.600  -21185707.327  1916336   0.00324   0.00134
 348     0.700  -21185427.076  2554861  -0.00093  -0.00548
 349     0.600  -21185715.895  1776255   0.00438   0.00190
 350     0.600  -21185576.100  2110726  -0.00824  -0.00182
 351     0.600  -21185545.384  2159151   0.00182  -0.00247
 352     0.600  -21185500.929  1803387   0.00017   0.00388
 353     0.600  -21185774.348  1733547   0.00694   0.00206
 354     0.600  -21185563.255  2218928  -0.00179  -0.00664
 355     0.600  -21185719.909  1842228   0.01612   0.00179
 356     0.600  -21185580.473  1685992   0.01711   0.00424
 357     0.600  -21185518.111  1861411  -0.00862   0.00398
 358     0.600  -21185624.609  1834972   0.00665   0.00161
 359     0.700  -21185452.959  2087069  -0.01084  -0.00441
 360     0.600  -21185890.599  1432621   0.01010   0.00772
 361     0.700  -21185515.917  2060794   0.00637   0.00004
 362     0.700  -21185639.375  1803872   0.00082   0.00063
 363     0.600  -21185576.810  1827515   0.00656   0.00215
 364     0.600  -21185717.037  2283320  -0.00360  -0.00466
 365     0.600  -21185687.839  1712724  -0.00137   0.00203
 366     0.600  -21185527.675  1998392   0.00772  -0.00068
 367     0.600  -21185652.040  1980754   0.00310  -0.00109
 368     0.600  -21185667.164  1832177   0.00178   0.00088
 369     0.700  -21185554.344  2115361  -0.01042   0.00052
 370     0.600  -21185693.514  1828440  -0.01042   0.00151
 371     0.600  -21185535.442  2140249   0.00179  -0.00232
 372     0.600  -21185758.842  1944494   0.00554   0.00134
 373     0.600  -21185622.810  2355943   0.01350  -0.00652
 374     0.600  -21185576.252  2654412   0.00153  -0.00788
 375     0.600  -21185683.586  1909114  -0.01392   0.00033
 376     0.600  -21185428.563  2046490   0.00646  -0.00024
 377     0.600  -21185760.997  1971042  -0.00504   0.00024
 378     0.600  -21185519.819  1914445  -0.00576  -0.00082
 379     0.600  -21185582.253  1670430   0.00522   0.00577
 380     0.700  -21185460.341  2372363   0.00248  -0.00573
 381     0.600  -21185539.390  1731860   0.00176   0.00500
 382     0.700  -21185656.584  1918225  -0.02083   0.00047
 383     0.600  -21185723.840  2126528   0.00186  -0.00264
 384     0.700  -21185509.524  2206995  -0.01395  -0.00280
 385     0.600  -21185600.304  2347481   0.00479  -0.00429
 386     0.600  -21185559.411  2231236  -0.00378  -0.00373
 387     0.600  -21185704.096  1820495  -0.00912   0.00406
 388     0.600  -21185663.565  1633291   0.00214   0.00367
 389     0.600  -21185736.894  2217177   0.00994  -0.00298
 390     0.600  -21185647.296  2132091   0.00167   0.00072
 391     0.600  -21185597.430  1767603   0.00054   0.00359
 392     0.700  -21185662.906  2186338  -0.00442  -0.00199
 393     0.600  -21185555.331  2110105   0.00660  -0.00320
 394     0.600  -21185674.121  1823828  -0.00509  -0.00034
 395     0.600  -21185743.058  2108909  -0.00838  -0.00344
 396     0.600  -21185683.361  2031826   0.00066  -0.00054
 397     0.600  -21185609.556  1907414  -0.00160  -0.00028
 398     0.600  -21185779.863  2380038   0.02113  -0.00594
 399     0.700  -21185641.255  2155404  -0.01492  -0.00044
 400     0.700  -21185570.849  1679543   0.00049   0.00445
 401     0.600  -21185543.450  1763266   0.01077   0.00256
 402     0.600  -21185711.075  1908245   0.01011   0.00102
 403     0.600  -21185747.809  1687443   0.00321   0.00407
 404     0.700  -21185467.644  1932013   0.01018  -0.00032
 405     0.600  -21185615.209  2062492  -0.00131   0.00015
 406     0.600  -21185609.974  1752719   0.00236   0.00300
 407     0.600  -21185565.644  1878368  -0.00814   0.00268
 408     0.700  -21185658.400  2037051  -0.00816  -0.00127
 409     0.600  -21185704.550  1818074  -0.00671   0.00241
 410     0.600  -21185633.648  1874161  -0.00275   0.00441
 411     0.700  -21185602.114  2132930   0.00730  -0.00346
 412     0.600  -21185635.429  2078223  -0.00666   0.00018
 413     0.600  -21185627.228  1662776   0.00340   0.00391
 414     0.700  -21185656.337  1829408  -0.00703   0.00159
 415     0.600  -21185500.223  2032556   0.00255   0.00066
 416     0.600  -21185675.808  2005102   0.01083  -0.00019
 417     0.600  -21185553.161  2022855   0.00184  -0.00105
 418     0.600  -21185743.772  1868052   0.00362   0.00209
 419     0.600  -21185650.376  1692731  -0.00239   0.00467
 420     0.600  -21185722.723  2127942   0.00143  -0.00175
 421     0.600  -21185608.100  2291707   0.00079  -0.00281
 422     0.700  -21185569.038  2381250  -0.01039  -0.00625
 423     0.600  -21185767.205  1502957  -0.00697   0.00717
 424     0.600  -21185716.131  1612510  -0.00595   0.00384
 425     0.600  -21185623.012  2148978   0.00665  -0.00052
 426     0.600  -21185741.981  1685509  -0.00785   0.00438
 427     0.600  -21185744.918  2156249  -0.00666  -0.00170
 428     0.600  -21185780.466  1684171  -0.00660   0.00433
 429     0.600  -21185833.627  2296536  -0.00288  -0.00309
 430     0.700  -21185559.659  1875083  -0.00434   0.00114
 431     0.600  -21185581.186  2191104  -0.00593  -0.00405
 432     0.600  -21185589.946  1998222   0.00034   0.00091
 433     0.700  -21185670.941  1790279  -0.00077   0.00148
 434     0.700  -21185624.158  1679984  -0.02281   0.00479
 435     0.600  -21185692.031  2465234   0.01815  -0.00656
 436     0.600  -21185688.376  1863812  -0.00808  -0.00030
 437     0.600  -21185530.409  1488515   0.01628   0.00717
 438     0.600  -21185624.290  2059999  -0.00676  -0.00352
 439     0.600  -21185604.257  2086655   0.00041  -0.00004
 440     0.600  -21185770.316  2397139  -0.01388  -0.00654
 441     0.600  -21185564.278  1946852  -0.00091   0.00109
 442     0.600  -21185593.671  2501513   0.00383  -0.00905
 443     0.600  -21185739.898  2042888  -0.00702  -0.00243
 444     0.600  -21185621.569  2055181  -0.00198  -0.00123
 445     0.600  -21185718.416  1549544   0.00651   0.00655
 446     0.600  -21185533.297  2221796   0.00309  -0.00349
 447     0.600  -21185531.508  1961333  -0.00088  -0.00038
 448     0.600  -21185485.036  1908346  -0.00892   0.00081
 449     0.700  -21185507.903  2245571  -0.00678  -0.00331
 450     0.600  -21185787.617  1600334  -0.01013   0.00527
 451     0.600  -21185649.729  1927572  -0.00573   0.00089
 452     0.600  -21185672.956  1795823  -0.00078   0.00213
 453     0.600  -21185530.935  2178826   0.00309  -0.00517
 454     0.600  -21185641.675  1962357   0.00461  -0.00184
 455     0.600  -21185667.256  1697447   0.00012   0.00354
 456     0.600  -21185872.421  1633747  -0.01352   0.00364
 457     0.600  -21185625.882  2254538   0.00569  -0.00193
 458     0.600  -21185534.286  1814825  -0.00304   0.00192
 459     0.700  -21185356.562  2039059   0.00645  -0.00251
 460     0.600  -21185591.463  2219143   0.00116  -0.00540
 461     0.600  -21185726.644  1665725  -0.00030   0.00410
 462     0.600  -21185764.659  1725825   0.01897   0.00326
 463     0.600  -21185570.999  2128812  -0.00891  -0.00409
 464     0.700  -21185496.439  1961821  -0.00812   0.00089
 465     0.600  -21185625.124  2459505   0.00604  -0.00569
 466     0.600  -21185633.101  1959247  -0.00005   0.00058
 467     0.600  -21185482.497  1910764   0.00735  -0.00005
 468     0.600  -21185649.774  1722577   0.00213   0.00366
 469     0.600  -21185726.090  1785611   0.00643   0.00355
 470     0.600  -21185658.849  1985304   0.00240   0.00040
 471     0.600  -21185593.228  2196178   0.00925  -0.00150
 472     0.600  -21185545.171  1646206  -0.00190   0.00497
 473     0.600  -21185432.476  1718893   0.00370   0.00466
 474     0.600  -21185566.420  2189181  -0.00226  -0.00190
 475     0.600  -21185633.776  1541767   0.00100   0.00725
 476     0.600  -21185513.270  2051998   0.00719   0.00062
 477     0.600  -21185688.232  1663530   0.00051   0.00376
 478     0.700  -21185621.083  2046774  -0.00319  -0.00104
 479     0.600  -21185701.795  1757279   0.00328   0.00456
 480     0.600  -21185625.740  1968014  -0.00989   0.00079
 481     0.600  -21185495.058  2120250   0.02236   0.00151
 482     0.600  -21185719.768  1819585   0.01568   0.00315
 483     0.600  -21185765.410  1867395   0.00363  -0.00099
 484     0.600  -21185758.780  1748198   0.00147   0.00601
 485     0.700  -21185777.158  1735161  -0.01088   0.00346
 486     0.600  -21185597.461  2019383   0.01147  -0.00208
 487     0.600  -21185665.006  1972772   0.00098   0.00106
 488     0.600  -21185607.049  2291137   0.00055  -0.00409
 489     0.600  -21185516.427  2081057  -0.00993  -0.00225
 490     0.600  -21185674.516  1843320   0.00613   0.00175
 491     0.600  -21185636.773  2086549  -0.00890  -0.00175
 492     0.600  -21185833.994  2179996  -0.00386  -0.00291
 493     0.700  -21185510.341  2450613  -0.00178  -0.00844
 494     0.600  -21185457.901  2037446   0.00735  -0.00227
 495     0.600  -21185659.687  1800735   0.01195   0.00183
 496     0.700  -21185802.098  1672361   0.00094   0.00359
 497     0.600  -21185695.534  1970345   0.00172  -0.00011
 498     0.600  -21185752.590  1674686  -0.00471   0.00458
 499     0.600  -21185607.383  1924670   0.00452   0.00147
 500     0.600  -21185587.725  2464947  -0.01172  -0.00746
 501     0.600  -21185679.764  1691185  -0.00977   0.00733
 502     0.600  -21185622.868  2098860   0.00602  -0.00224
 503     0.600  -21185625.708  1922458   0.00894   0.00084
 504     0.700  -21185468.636  1978358   0.00126  -0.00121
 505     0.600  -21185707.035  2015168   0.00274  -0.00284
 506     0.600  -21185657.347  2152211   0.00566  -0.00465
 507     0.700  -21185541.028  2352609  -0.01551  -0.00405
 508     0.600  -21185451.374  1713293  -0.00419   0.00343
 509     0.700  -21185549.884  1904620   0.01003   0.00233
 510     0.600  -21185764.586  1677243   0.00072   0.00277
 511     0.600  -21185483.476  2265463   0.01050  -0.00584
 512     0.600  -21185624.425  1861748  -0.02138   0.00169
 513     0.700  -21185574.399  1989454   0.00409   0.00029
 514     0.600  -21185673.286  1871975  -0.00388  -0.00007
 515     0.600  -21185675.047  1958465   0.00607   0.00404
 516     0.600  -21185732.740  1789670   0.00070   0.00058
 517     0.600  -21185597.602  1769247  -0.00137   0.00266
 518     0.600  -21185698.846  1753834  -0.00253   0.00203
 519     0.600  -21185732.952  2464876   0.00980  -0.00888
 520     0.700  -21185433.786  2195891  -0.01177  -0.00082
 521     0.600  -21185581.598  1849798   0.00111   0.00283
 522     0.600  -21185741.613  1974934  -0.00214  -0.00042
 523     0.600  -21185512.677  2204130  -0.00821  -0.00386
 524     0.600  -21185520.240  1927561  -0.00599   0.00193
 525     0.600  -21185731.674  1928531  -0.01076  -0.00186
 526     0.600  -21185647.090  1982777   0.00452  -0.00268
 527     0.600  -21185660.708  1833376  -0.00004   0.00235
 528     0.600  -21185501.188  2164707  -0.00094  -0.00338
 529     0.600  -21185540.834  2164435  -0.00159  -0.00195
 530     0.600  -21185724.897  2066279   0.00597  -0.00209
 531     0.700  -21185719.795  1615294  -0.00435   0.00551
 532     0.600  -21185705.361  2035529   0.00826   0.00047
 533     0.700  -21185631.942  2266278  -0.00610  -0.00521
 534     0.600  -21185633.254  1714148  -0.00698   0.00415
 535     0.600  -21185483.655  1941594   0.01121   0.00156
 536     0.600  -21185679.324  1957188   0.01169  -0.00014
 537     0.600  -21185777.444  1725298   0.00459   0.00486
 538     0.700  -21185349.608  1696175   0.00618   0.00341
 539     0.600  -21185657.863  2120345   0.01512  -0.00127
 540     0.600  -21185664.773  2246144  -0.00508  -0.00416
 541     0.600  -21185518.085  2346218  -0.00780  -0.00726
 542     0.600  -21185574.476  1676656   0.00264   0.00393
 543     0.700  -21185542.725  2234824  -0.00191  -0.00562
 544     0.600  -21185667.476  1887684   0.00092  -0.00085
 545     0.600  -21185547.745  2288122   0.00718  -0.00336
 546     0.600  -21185653.976  2212020  -0.00967  -0.00566
 547     0.600  -21185742.641  2269594  -0.00034  -0.00335
 548     0.600  -21185576.193  1831676  -0.00254   0.00060
 549     0.600  -21185534.894  2441437  -0.00330  -0.00563
 550     0.600  -21185529.106  1905214  -0.00600   0.00102
 551     0.600  -21185560.411  2028997   0.00249  -0.00232
 552     0.600  -21185602.568  2197058   0.00760  -0.00234
 553     0.700  -21185660.228  1795337  -0.00682   0.00249
 554     0.600  -21185603.688  1942600  -0.01246  -0.00223
 555     0.600  -21185601.632  1773075   0.01306   0.00553
 556     0.600  -21185709.755  1984205  -0.00046   0.00012
 557     0.600  -21185641.815  1933032  -0.00615  -0.00098
 558     0.700  -21185605.425  2208801   0.00006  -0.00402
 559     0.700  -21185515.610  2336967  -0.00176  -0.00714
 560     0.600  -21185580.414  2164934   0.00650   0.00060
 561     0.600  -21185705.956  1711094  -0.01006   0.00333
 562     0.600  -21185528.133  2081758   0.00104  -0.00151
 563     0.600  -21185620.138  1925247  -0.00493  -0.00164
 564     0.600  -21185687.097  1690768  -0.01351   0.00268
 565     0.600  -21185686.841  1984675   0.00436   0.00118
 566     0.600  -21185549.566  2117079  -0.00544   0.00001
 567     0.600  -21185586.453  2166973   0.01395  -0.00055
 568     0.600  -21185675.832  2269733  -0.00326  -0.00404
 569     0.600  -21185663.945  2118557  -0.00360   0.00001
 570     0.600  -21185721.175  1855057  -0.00304   0.00147
 571     0.600  -21185644.953  1909337   0.01738   0.00218
 572     0.600  -21185755.042  1610731  -0.00438   0.00393
 573     0.600  -21185677.387  1904892   0.00080   0.00183
 574     0.600  -21185436.599  1940516  -0.00228   0.00302
 575     0.600  -21185447.774  1683594  -0.00589   0.00442
 576     0.600  -21185611.724  1709914  -0.00439   0.00546
 577     0.600  -21185692.923  1989256   0.00612  -0.00125
 578     0.600  -21185647.435  2012985   0.01038  -0.00365
 579     0.600  -21185743.978  2265592   0.00243  -0.00419
 580     0.600  -21185815.007  1792310  -0.00524   0.00109
 581     0.600  -21185574.816  2104734  -0.00403  -0.00178
 582     0.600  -21185697.499  1673815   0.01359   0.00355
 583     0.600  -21185544.929  1566811  -0.00481   0.00496
 584     0.700  -21185702.706  2107960  -0.00105  -0.00149
 585     0.600  -21185693.226  1736695   0.00363   0.00209
 586     0.600  -21185446.057  1814221  -0.00383   0.00365
 587     0.600  -21185577.549  1687235   0.01515   0.00619
 588     0.600  -21185775.382  1857049   0.00619   0.00370
 589     0.600  -21185717.263  1798617  -0.00073   0.00220
 590     0.700  -21185663.329  2017582  -0.00692  -0.00425
 591     0.600  -21185662.989  2279794   0.00092  -0.00712
 592     0.600  -21185627.209  1843499   0.00910  -0.00006
 593     0.700  -21185562.094  1932051  -0.00270   0.00083
 594     0.600  -21185599.702  2181903   0.00045  -0.00360
 595     0.600  -21185487.271  1831583  -0.00501   0.00267
 596     0.600  -21185716.063  2264014  -0.01250  -0.00445
 597     0.600  -21185647.513  1656305   0.00775   0.00302
 598     0.600  -21185683.845  1925030   0.01536   0.00277
 599     0.600  -21185639.720  2127704  -0.01192  -0.00182
 600     0.600  -21185592.219  1996006  -0.00524   0.00080
 601     0.600  -21185751.946  1881729   0.00281  -0.00128
 602     0.600  -21185572.763  1807791   0.01222   0.00174
 603     0.600  -21185617.413  1666080   0.00358   0.00394
 604     0.600  -21185650.769  2253238  -0.00740  -0.00364
 605     0.600  -21185563.507  1531349   0.00633   0.00660
 606     0.600  -21185756.029  1534466   0.00384   0.00498
 607     0.600  -21185706.534  1650130   0.00507   0.00331
 608     0.600  -21185554.948  2311937   0.00888  -0.00318
 609     0.600  -21185505.645  1491260  -0.00885   0.00668
 610     0.600  -21185666.093  1689396  -0.00157   0.00429
 611     0.600  -21185624.476  2158428   0.00488  -0.00294
 612     0.600  -21185544.202  2028065  -0.00821   0.00020
 613     0.600  -21185686.035  2159674  -0.00576   0.00068
 614     0.600  -21185622.158  1611223   0.00192   0.00394
 615     0.600  -21185579.123  2286316  -0.00196  -0.00350
 616     0.600  -21185677.989  1552781   0.01713   0.00672
 617     0.600  -21185600.633  1857927   0.00803   0.00277
 618     0.700  -21185509.807  2174073   0.00490  -0.00317
 619     0.600  -21185542.924  2200697  -0.01053  -0.00585
 620     0.600  -21185649.295  2129082   0.01676  -0.00285
 621     0.600  -21185635.036  2318378   0.00471  -0.00371
 622     0.600  -21185756.374  1680771   0.00750   0.00480
 623     0.600  -21185486.727  2261648   0.01011  -0.00536
 624     0.600  -21185487.969  1619270  -0.00323   0.00456
 625     0.600  -21185648.569  1739100  -0.00129   0.00206
 626     0.600  -21185712.382  1691561   0.00147   0.00210
 627     0.600  -21185821.148  1771177   0.01350   0.00169
 628     0.600  -21185756.338  1760134   0.00712   0.00260
 629     0.700  -21185639.231  2044588  -0.00320   0.00053
 630     0.600  -21185711.412  1631332  -0.01083   0.00594
 631     0.600  -21185731.549  1925952   0.00735   0.00440
 632     0.700  -21185616.303  2036518  -0.00809  -0.00079
 633     0.600  -21185693.623  1779151  -0.01629   0.00282
 634     0.700  -21185535.397  1925693  -0.01416   0.00014
 635     0.600  -21185771.403  1861446   0.00724   0.00234
 636     0.700  -21185490.777  1944752  -0.00719   0.00484
 637     0.600  -21185795.908  1543965  -0.00857   0.00579
 638     0.600  -21185618.081  2453182   0.00776  -0.00904
 639     0.600  -21185736.005  1912470   0.01888   0.00014
 640     0.700  -21185610.181  1986545   0.00113  -0.00039
 641     0.600  -21185547.148  1703737   0.00110   0.00506
 642     0.600  -21185520.628  2047940  -0.00263   0.00107
 643     0.600  -21185641.480  1849250   0.01907  -0.00006
 644     0.600  -21185688.014  1767876  -0.00038   0.00202
 645     0.700  -21185435.247  1944645  -0.00407   0.00325
 646     0.600  -21185522.280  1889146  -0.00935   0.00314
 647     0.600  -21185603.015  1921213   0.01319   0.00252
 648     0.600  -21185700.807  2263009  -0.01196  -0.00644
 649     0.600  -21185499.490  1760628   0.00370   0.00054
 650     0.600  -21185622.437  1626762   0.00738   0.00494
 651     0.700  -21185559.200  2169722  -0.01178  -0.00079
 652     0.600  -21185794.561  1988134   0.01028  -0.00008
 653     0.600  -21185671.757  2263483  -0.00428  -0.00428
 654     0.600  -21185605.614  1948423   0.00508   0.00060
 655     0.600  -21185662.083  2036694   0.00011  -0.00264
 656     0.600  -21185610.538  2142786  -0.00028  -0.00324
 657     0.600  -21185640.631  2016004   0.00078  -0.00250
 658     0.600  -21185688.845  1554651  -0.00857   0.00484
 659     0.600  -21185564.395  1851154   0.00569   0.00023
 660     0.700  -21185531.004  2061008  -0.00802  -0.00249
 661     0.600  -21185662.131  2003599   0.00282  -0.00371
 662     0.600  -21185651.532  1978838   0.00771  -0.00148
 663     0.600  -21185438.970  2143193   0.00219  -0.00202
 664     0.700  -21185545.091  2486224  -0.01896  -0.00658
 665     0.600  -21185727.910  1989949   0.00789  -0.00037
 666     0.600  -21185630.145  2340688   0.01403  -0.00340
 667     0.600  -21185461.208  2357653  -0.01090  -0.00663
 668     0.600  -21185558.948  2223789   0.01420  -0.00416
 669     0.700  -21185579.741  2454944  -0.00717  -0.00781
 670     0.600  -21185736.103  1661384   0.00668   0.00429
 671     0.600  -21185623.814  2000465  -0.00100  -0.00316
 672     0.600  -21185534.699  2424386  -0.00422  -0.00316
 673     0.600  -21185612.515  2057141   0.01110  -0.00449
 674     0.600  -21185716.894  1964579   0.01872   0.00073
 675     0.600  -21185669.101  1570559   0.01030   0.00571
 676     0.600  -21185720.507  2153787   0.00634  -0.00032
 677     0.600  -21185753.556  1807679  -0.00066   0.00262
 678     0.600  -21185637.033  1667852   0.00888   0.00368
 679     0.700  -21185680.370  1848848  -0.00988   0.00355
 680     0.600  -21185665.235  2159928  -0.00219  -0.00297
 681     0.600  -21185754.832  2227010  -0.00191  -0.00343
 682     0.600  -21185664.886  2243546  -0.00798  -0.00561
 683     0.600  -21185604.365  1660135   0.00339   0.00383
 684     0.600  -21185604.504  1966469   0.01674   0.00327
 685     0.600  -21185580.845  2489935   0.00392  -0.00698
 686     0.600  -21185561.145  2583365  -0.00830  -0.00751
 687     0.600  -21185726.936  2236043  -0.00608  -0.00277
 688     0.600  -21185667.244  1911348  -0.00002   0.00153
 689     0.700  -21185725.485  1921991  -0.01200   0.00262
 690     0.700  -21185781.265  2072925  -0.00705  -0.00228
 691     0.600  -21185706.521  1923978  -0.00527   0.00273
 692     0.600  -21185719.613  2585101   0.00522  -0.00707
 693     0.600  -21185558.176  1992603  -0.01019  -0.00267
 694     0.600  -21185403.027  1826347  -0.00401  -0.00040
 695     0.600  -21185592.295  1947682   0.00994  -0.00015
 696     0.600  -21185708.972  2050237  -0.00775  -0.00054
 697     0.600  -21185573.849  2546270   0.00213  -0.01054
 698     0.600  -21185478.451  2522751   0.00032  -0.00968
 699     0.600  -21185504.393  2134724   0.00472  -0.00249
 700     0.600  -21185578.172  1843491   0.00004   0.00024
 701     0.600  -21185612.066  1789189   0.00795   0.00443
 702     0.600  -21185718.744  1509490   0.00374   0.00652
 703     0.600  -21185753.828  2408328  -0.01381  -0.00506
 704     0.600  -21185635.183  2194563   0.00819  -0.00370
 705     0.600  -21185644.430  1431274  -0.00825   0.00741
 706     0.700  -21185551.044  2065322  -0.01123  -0.00099
 707     0.600  -21185666.432  1879324   0.00030  -0.00057
 708     0.600  -21185691.324  1982794  -0.00010   0.00218
 709     0.600  -21185681.356  2064418   0.01210  -0.00038
 710     0.600  -21185727.680  1979947   0.00715  -0.00221
 711     0.700  -21185566.913  1609510  -0.00000   0.00478
 712     0.600  -21185692.538  2250868  -0.01702  -0.00298
 713     0.700  -21185506.089  1965433  -0.00429   0.00046
 714     0.600  -21185731.784  2096106   0.01298  -0.00455
 715     0.600  -21185685.820  2316758  -0.00114  -0.00471
 716     0.700  -21185558.940  1677265   0.00258   0.00304
 717     0.600  -21185737.338  1877802  -0.01260   0.00149
 718     0.600  -21185691.511  1844682   0.00419   0.00402
 719     0.700  -21185529.060  1956528   0.00105   0.00279
 720     0.600  -21185569.317  2234157   0.00055  -0.00467
 721     0.600  -21185684.857  1608786  -0.01230   0.00486
 722     0.600  -21185616.611  1702372   0.00080   0.00296
 723     0.700  -21185630.674  1721881  -0.00798   0.00332
 724     0.600  -21185622.360  2201022   0.00240  -0.00407
 725     0.600  -21185351.777  2184545   0.00831  -0.00188
 726     0.600  -21185753.660  1727440   0.00103   0.00487
 727     0.600  -21185620.664  1962894   0.00281   0.00030
 728     0.600  -21185807.305  1760177   0.00385   0.00279
 729     0.700  -21185627.321  2225222   0.00381  -0.00501
 730     0.700  -21185646.502  1803372  -0.00572   0.00146
 731     0.600  -21185488.437  1682828   0.00175   0.00386
 732     0.700  -21185552.889  1985580  -0.00642  -0.00088
 733     0.600  -21185792.136  2034171   0.01757   0.00276
 734     0.600  -21185596.911  1890037   0.01185   0.00191
 735     0.600  -21185696.335  1959547  -0.00202   0.00266
 736     0.600  -21185675.971  1702945  -0.00773   0.00413
 737     0.600  -21185631.968  1593629   0.00180   0.00444
 738     0.600  -21185695.532  1620273  -0.00156   0.00316
 739     0.600  -21185589.206  1582038   0.00099   0.00679
 740     0.600  -21185742.826  1681840  -0.00987   0.00439
 741     0.600  -21185645.666  2497855  -0.00169  -0.00821
 742     0.600  -21185723.962  2276336   0.01211  -0.00228
 743     0.600  -21185612.268  2039750   0.00309   0.00216
 744     0.600  -21185567.120  1976693  -0.00714   0.00029
 745     0.600  -21185554.088  1966276   0.00519   0.00063
 746     0.600  -21185497.179  1935740   0.00897   0.00001
 747     0.600  -21185538.122  1985808  -0.01018   0.00025
 748     0.600  -21185562.717  1589937  -0.01515   0.00501
 749     0.600  -21185665.199  1984969  -0.00543  -0.00181
 750     0.600  -21185544.271  1526776   0.00664   0.00740
 751     0.600  -21185576.681  2212748  -0.00158  -0.00296
 752     0.600  -21185781.203  2008043   0.01382  -0.00168
 753     0.700  -21185577.196  1983257  -0.02488   0.00045
 754     0.600  -21185737.258  1509933   0.00290   0.00668
 755     0.600  -21185504.636  1953392   0.00069   0.00018
 756     0.600  -21185575.800  1847432  -0.00886   0.00046
 757     0.600  -21185731.586  2352621  -0.00161  -0.00416
 758     0.700  -21185506.832  2039357  -0.00072  -0.00060
 759     0.600  -21185591.036  1813491   0.00015   0.00198
 760     0.700  -21185487.403  2096906  -0.00299  -0.00246
 761     0.600  -21185720.072  2289714  -0.00873  -0.00257
 762     0.700  -21185773.530  2266978  -0.01233  -0.00446
 763     0.600  -21185522.070  1934060   0.00955  -0.00131
 764     0.600  -21185671.969  1904081   0.00592  -0.00049
 765     0.600  -21185512.795  1745913   0.01055   0.00132
 766     0.700  -21185527.259  1964705  -0.01433  -0.00010
 767     0.600  -21185679.273  2358353   0.01908  -0.00518
 768     0.700  -21185645.764  1678588  -0.02064   0.00400
 769     0.600  -21185464.212  2506904   0.01333  -0.00934
 770     0.600  -21185749.133  1798233   0.01215   0.00466
 771     0.700  -21185290.351  1855163   0.00720   0.00253
 772     0.600  -21185605.339  2136564   0.00784  -0.00216
 773     0.600  -21185597.483  1677168  -0.00025   0.00322
 774     0.600  -21185632.421  2094089  -0.00437   0.00093
 775     0.600  -21185637.960  1734728   0.00807   0.00460
 776     0.600  -21185684.047  1444658  -0.00321   0.00659
 777     0.700  -21185628.248  2097319  -0.00856   0.00035
 778     0.600  -21185661.217  1679368   0.00737   0.00455
 779     0.600  -21185553.792  1832930   0.00474   0.00132
 780     0.600  -21185714.882  1879167   0.00038   0.00154
 781     0.600  -21185704.687  2105631  -0.00930  -0.00224
 782     0.600  -21185684.091  2437733   0.00213  -0.00739
 783     0.600  -21185634.047  1707935   0.01798   0.00332
 784     0.600  -21185668.448  1795719   0.01193   0.00224
 785     0.600  -21185625.647  2186536   0.01021  -0.00407
 786     0.600  -21185787.649  1731653  -0.00818   0.00269
 787     0.600  -21185626.544  2368202   0.00860  -0.00729
 788     0.600  -21185433.695  2108997   0.00160   0.00109
 789     0.600  -21185448.833  2144521   0.00012  -0.00261
 790     0.600  -21185628.857  2182476   0.00319  -0.00481
 791     0.600  -21185660.977  1904913  -0.00401  -0.00007
 792     0.600  -21185673.798  1713162  -0.00433   0.00213
 793     0.600  -21185636.692  2119682  -0.00256  -0.00422
 794     0.600  -21185709.154  2074681   0.01060  -0.00237
 795     0.600  -21185669.030  2066408  -0.00303  -0.00210
 796     0.700  -21185612.612  2248571  -0.00974  -0.00047
 797     0.600  -21185677.834  1871935  -0.00470   0.00080
 798     0.600  -21185779.193  1833320  -0.00915  -0.00129
 799     0.600  -21185548.085  1977970   0.00640   0.00065
 800     0.700  -21185585.703  2086115  -0.00891  -0.00275
 801     0.700  -21185716.996  1962629  -0.00375   0.00476
 802     0.600  -21185677.210  2268517  -0.00871  -0.00480
 803     0.600  -21185571.989  2426929  -0.00891  -0.00604
 804     0.600  -21185666.462  1675352  -0.00777   0.00580
 805     0.600  -21185491.020  2642125   0.00236  -0.00607
 806     0.600  -21185643.104  2001798  -0.00253   0.00107
 807     0.600  -21185595.252  1611641  -0.01036   0.00507
 808     0.600  -21185600.634  1894500   0.00858   0.00303
 809     0.600  -21185593.485  1902023  -0.00681   0.00137
 810     0.600  -21185585.493  1767922  -0.00791   0.00296
 811     0.600  -21185620.266  1558987   0.01071   0.00642
 812     0.700  -21185541.731  1671406  -0.01096   0.00400
 813     0.700  -21185463.311  1770788   0.01074   0.00200
 814     0.600  -21185713.651  2244239  -0.01246  -0.00255
 815     0.600  -21185599.857  1954673   0.00815   0.00065
 816     0.700  -21185466.036  2065235  -0.00801  -0.00330
 817     0.600  -21185671.231  1640137   0.00010   0.00515
 818     0.600  -21185749.392  1649832   0.01096   0.00441
 819     0.600  -21185503.021  2047330   0.00169  -0.00110
 820     0.600  -21185584.128  1976899   0.01646  -0.00002
 821     0.600  -21185653.691  1827929  -0.00031   0.00018
 822     0.600  -21185610.279  1978107  -0.00286   0.00240
 823     0.600  -21185676.953  2134688  -0.00076  -0.00346
 824     0.600  -21185649.619  1834814   0.00202   0.00207
 825     0.600  -21185735.259  1972593  -0.01427   0.00080
 826     0.600  -21185793.543  1916855  -0.00495   0.00067
 827     0.600  -21185619.844  1811813   0.01142   0.00327
 828     0.600  -21185609.411  1866366  -0.00564   0.00434
 829     0.600  -21185614.366  1846879  -0.00220   0.00260
 830     0.600  -21185728.776  1935658   0.01488  -0.00087
 831     0.600  -21185618.986  2183599  -0.00557   0.00042
 832     0.600  -21185644.810  2206007   0.00741  -0.00474
 833     0.600  -21185681.395  1971583  -0.00536  -0.00039
 834     0.700  -21185559.067  1612446  -0.01078   0.00613
 835     0.600  -21185615.133  2350099   0.00553  -0.00915
 836     0.600  -21185728.866  1904140  -0.00022   0.00264
 837     0.600  -21185710.675  1585486   0.01950   0.00537
 838     0.700  -21185573.693  2080229  -0.01257  -0.00264
 839     0.600  -21185774.387  2238734   0.01101  -0.00410
 840     0.600  -21185680.965  1984081  -0.00496  -0.00188
 841     0.700  -21185612.355  1718069  -0.00019   0.00424
 842     0.700  -21185505.552  2278988  -0.01748  -0.00799
 843     0.600  -21185562.792  2724878  -0.00345  -0.01207
 844     0.600  -21185509.811  2173688   0.00289   0.00014
 845     0.600  -21185583.130  1989692  -0.00259  -0.00034
 846     0.600  -21185511.295  1715504   0.00993   0.00379
 847     0.600  -21185685.565  1577526  -0.00465   0.00404
 848     0.700  -21185533.683  2121253  -0.01425  -0.00221
 849     0.600  -21185561.506  2059763   0.00192  -0.00096
 850     0.600  -21185486.227  2290491   0.00616  -0.00230
 851     0.600  -21185754.851  1834188   0.01699   0.00384
 852     0.600  -21185460.231  1619537   0.00634   0.00516
 853     0.600  -21185667.905  1850761   0.00733   0.00229
 854     0.600  -21185819.138  1549020  -0.00375   0.00605
 855     0.600  -21185766.384  2165560  -0.00533  -0.00542
 856     0.600  -21185567.053  2081298   0.01557  -0.00110
 857     0.600  -21185661.017  2071016   0.00432  -0.00018
 858     0.600  -21185580.020  1716942  -0.01423   0.00435
 859     0.600  -21185561.638  1635682  -0.00793   0.00323
 860     0.600  -21185627.638  1650585  -0.00275   0.00571
 861     0.700  -21185543.663  2124127  -0.00036  -0.00139
 862     0.600  -21185713.289  1762524   0.01190   0.00464
 863     0.600  -21185679.112  1959791  -0.01062   0.00118
 864     0.600  -21185582.663  1992906   0.00465   0.00051
 865     0.600  -21185691.346  1917069   0.01800   0.00115
 866     0.600  -21185661.324  2274951   0.01195  -0.00321
 867     0.700  -21185776.470  2057527  -0.01132  -0.00175
 868     0.600  -21185677.639  2255644   0.00413  -0.00462
 869     0.600  -21185656.637  1845842   0.00246  -0.00005
 870     0.600  -21185582.093  1741946   0.00826   0.00182
 871     0.600  -21185664.946  2013102   0.00237  -0.00007
 872     0.600  -21185668.531  1955758   0.01419   0.00145
 873     0.600  -21185676.108  1982315   0.00658   0.00160
 874     0.600  -21185681.003  1937297   0.00692   0.00369
 875     0.600  -21185568.250  1973676   0.00701  -0.00081
 876     0.600  -21185687.148  2144846  -0.00194  -0.00175
 877     0.600  -21185775.139  2022401   0.01991   0.00028
 878     0.600  -21185630.395  2054388   0.00465  -0.00000
 879     0.600  -21185633.330  2221310  -0.00539  -0.00412
 880     0.600  -21185651.715  2227736   0.01022  -0.00627
 881     0.600  -21185620.621  2457544   0.02231  -0.00554
 882     0.600  -21185768.727  1629998  -0.00233   0.00440
 883     0.600  -21185872.692  1950771  -0.00281  -0.00194
 884     0.700  -21185618.444  2309811  -0.01243  -0.00392
 885     0.600  -21185582.646  1975779   0.00056   0.00144
 886     0.700  -21185597.762  2052621  -0.00437  -0.00192
 887     0.600  -21185639.451  1923972  -0.00270  -0.00203
 888     0.600  -21185502.785  1993835   0.00802  -0.00083
 889     0.600  -21185749.844  1923417  -0.00721   0.00272
 890     0.600  -21185617.404  1681578  -0.01589   0.00358
 891     0.600  -21185745.661  1912863   0.01171   0.00146
 892     0.700  -21185614.529  2177780  -0.00183  -0.00271
 893     0.600  -21185514.687  1892473   0.00624  -0.00093
 894     0.600  -21185737.747  1930081   0.00011   0.00276
 895     0.600  -21185657.654  1929413   0.01338   0.00091
 896     0.600  -21185688.019  2057438   0.00473  -0.00251
 897     0.600  -21185618.054  2145176   0.01363  -0.00020
 898     0.600  -21185625.576  1755518   0.00705   0.00589
 899     0.600  -21185628.802  1895590   0.00696  -0.00012
 900     0.600  -21185573.851  2195001   0.01328  -0.00367
 901     0.600  -21185675.701  2027356   0.00920  -0.00349
 902     0.600  -21185630.184  2146899  -0.00362  -0.00349
 903     0.600  -21185608.813  1863939   0.00844   0.00019
 904     0.600  -21185674.291  1893835   0.00536   0.00319
 905     0.600  -21185635.270  2053187  -0.00749  -0.00043
 906     0.600  -21185681.176  2623102  -0.01190  -0.00967
 907     0.600  -21185754.763  1912211   0.00867   0.00238
 908     0.600  -21185719.563  1925749   0.01332  -0.00021
 909     0.600  -21185611.338  1805969  -0.01812   0.00201
 910     0.600  -21185634.514  1727000   0.00205   0.00255
 911     0.600  -21185731.614  1934115   0.00092   0.00319
 912     0.600  -21185651.806  1893455   0.00985  -0.00126
 913     0.600  -21185742.820  1598604   0.00343   0.00481
 914     0.600  -21185624.779  2003464   0.00632  -0.00113
 915     0.600  -21185707.931  2082832   0.00763  -0.00050
 916     0.600  -21185579.293  1783154  -0.00210   0.00250
 917     0.700  -21185575.591  2464186  -0.00267  -0.00676
 918     0.700  -21185713.024  1835541  -0.00309   0.00168
 919     0.600  -21185457.670  2524521  -0.01657  -0.00493
 920     0.600  -21185645.485  1793933   0.00138   0.00366
 921     0.700  -21185657.634  1630560  -0.00949   0.00673
 922     0.700  -21185720.675  2104463  -0.00067  -0.00056
 923     0.600  -21185507.527  1558382   0.00103   0.00428
 924     0.600  -21185673.841  1980643   0.00886  -0.00166
 925     0.600  -21185572.446  1874472   0.00987   0.00184
 926     0.600  -21185699.192  2392212   0.00626  -0.00638
 927     0.600  -21185739.542  1952208  -0.00684   0.00306
 928     0.600  -21185494.323  2091693  -0.00219  -0.00210
 929     0.600  -21185633.755  1810099  -0.00388   0.00346
 930     0.600  -21185658.967  2034191   0.00093  -0.00175
 931     0.600  -21185624.128  2023689   0.02345  -0.00052
 932     0.600  -21185650.189  2267470  -0.01132  -0.00413
 933     0.600  -21185663.444  2127191  -0.00192  -0.00428
 934     0.600  -21185757.792  1985515  -0.01530  -0.00193
 935     0.600  -21185691.836  1942609   0.00671   0.00309
 936     0.600  -21185596.424  2323280   0.00706  -0.00707
 937     0.600  -21185553.745  2077233  -0.00274  -0.00461
 938     0.600  -21185574.773  2319744  -0.00296  -0.00578
 939     0.600  -21185707.496  1691269  -0.00189   0.00413
 940     0.600  -21185703.678  2236966   0.00462  -0.00455
 941     0.600  -21185564.956  2265136  -0.01164  -0.00338
 942     0.600  -21185568.237  1798867   0.01046   0.00287
 943     0.600  -21185622.801  2202676  -0.01012  -0.00180
 944     0.600  -21185618.367  1631925   0.00527   0.00459
 945     0.600  -21185650.330  2228228  -0.00226  -0.00271
 946     0.600  -21185572.975  1878787   0.00871   0.00084
 947     0.600  -21185526.429  2086742   0.00455   0.00123
 948     0.600  -21185539.546  2079602  -0.00479   0.00089
 949     0.600  -21185730.796  1724504   0.00774   0.00433
 950     0.700  -21185615.772  1597093  -0.00126   0.00545
 951     0.600  -21185761.977  1728727   0.00392   0.00546
 952     0.600  -21185716.756  1787947   0.00399   0.00072
 953     0.700  -21185686.905  2055739  -0.01033  -0.00160
 954     0.600  -21185668.164  2270251   0.00770  -0.00593
 955     0.700  -21185742.272  2240358  -0.00162  -0.00079
 956     0.600  -21185769.353  2280519  -0.00684  -0.00347
 957     0.600  -21185520.009  1967324   0.00515   0.00070
 958     0.600  -21185782.680  1937389   0.00450   0.00190
 959     0.600  -21185654.446  1822090  -0.00180   0.00090
 960     0.600  -21185734.668  1856758  -0.01106   0.00206
 961     0.700  -21185702.352  1733027  -0.01087   0.00310
 962     0.600  -21185618.711  1654607   0.00833   0.00463
 963     0.600  -21185549.178  2137991   0.00034  -0.00415
 964     0.600  -21185641.390  1908548   0.00134   0.00364
 965     0.600  -21185619.811  1824317   0.00168   0.00432
 966     0.600  -21185593.890  1927378   0.01446   0.00250
 967     0.600  -21185855.838  1591919   0.01346   0.00479
 968     0.600  -21185624.566  2172217   0.00962  -0.00381
 969     0.600  -21185765.130  1799134   0.00673   0.00199
 970     0.600  -21185742.390  2135374   0.00951  -0.00308
 971     0.700  -21185514.275  1994104  -0.01620   0.00050
 972     0.600  -21185566.455  1785635   0.00426   0.00366
 973     0.600  -21185532.799  1862408   0.00009   0.00178
 974     0.600  -21185485.848  2162129   0.00659  -0.00381
 975     0.600  -21185547.218  2023463  -0.00545  -0.00262
 976     0.600  -21185576.742  1824506   0.00103   0.00017
 977     0.600  -21185596.242  1892494  -0.01430  -0.00084
 978     0.600  -21185510.267  2080601   0.01253  -0.00235
 979     0.600  -21185719.691  1966859   0.00766  -0.00170
 980     0.600  -21185580.395  2084078  -0.00496  -0.00068
 981     0.600  -21185737.821  1803602  -0.00088   0.00064
 982     0.600  -21185739.281  2039868   0.00421  -0.00210
 983     0.600  -21185700.260  1893917  -0.00385   0.00031
 984     0.600  -21185753.406  1451483   0.00352   0.00648
 985     0.600  -21185534.209  1895511  -0.00484  -0.00059
 986     0.600  -21185721.383  1919086   0.00283  -0.00022
 987     0.600  -21185487.687  2372033  -0.00286  -0.00768
 988     0.600  -21185556.538  2164382  -0.00824   0.00054
 989     0.600  -21185479.268  1857221   0.00021   0.00310
 990     0.600  -21185647.515  2006929   0.01437   0.00164
 991     0.600  -21185548.134  2236241  -0.00951  -0.00723
 992     0.600  -21185671.869  1781850   0.00352   0.00068
 993     0.600  -21185715.130  1999604  -0.00423  -0.00067
 994     0.600  -21185799.034  1953386   0.01124  -0.00157
 995     0.600  -21185597.206  2265736   0.00466  -0.00346
 996     0.600  -21185582.016  2234749  -0.00332  -0.00445
 997     0.600  -21185735.140  1891443   0.00035   0.00079
 998     0.600  -21185617.395  2387073   0.00094  -0.00644
 999     0.600  -21185346.740  1933198   0.00868   0.00047
1000     0.600  -21185665.278  2068094   0.01764  -0.00157
