879 30000.000 L
62.000
65.000
113.000
160.000
161.000
162.000
206.000
339.000
351.000
373.000
388.000
477.000
507.000
589.000
626.000
697.000
723.000
730.000
785.000
787.000
840.000
841.000
979.000
1049.000
1053.000
1071.000
1078.000
1097.000
1117.000
1152.000
1182.000
1286.000
1313.000
1318.000
1325.000
1332.000
1334.000
1392.000
1422.000
1509.000
1539.000
1581.000
1626.000
1650.000
1721.000
1775.000
1827.000
1922.000
2011.000
2012.000
2014.000
2032.000
2144.000
2159.000
2179.000
2189.000
2199.000
2242.000
2251.000
2263.000
2289.000
2298.000
2306.000
2398.000
2468.000
2488.000
2502.000
2534.000
2654.000
2767.000
2805.000
2853.000
2862.000
2870.000
3065.000
3090.000
3107.000
3155.000
3174.000
3177.000
3263.000
3305.000
3308.000
3376.000
3388.000
3500.000
3540.000
3590.000
3617.000
3651.000
3705.000
3708.000
3716.000
3782.000
3805.000
3807.000
3819.000
3826.000
3841.000
3907.000
3914.000
3922.000
3939.000
3984.000
4028.000
4031.000
4037.000
4069.000
4138.000
4153.000
4180.000
4195.000
4221.000
4300.000
4394.000
4401.000
4413.000
4446.000
4478.000
4480.000
4504.000
4519.000
4525.000
4527.000
4534.000
4539.000
4549.000
4558.000
4638.000
4679.000
4686.000
4691.000
4763.000
4790.000
4859.000
4863.000
4873.000
4879.000
4925.000
4974.000
4975.000
4986.000
4992.000
5007.000
5031.000
5038.000
5142.000
5198.000
5217.000
5243.000
5276.000
5311.000
5312.000
5319.000
5343.000
5396.000
5429.000
5433.000
5442.000
5468.000
5480.000
5607.000
5613.000
5628.000
5640.000
5645.000
5666.000
5670.000
5684.000
5734.000
5742.000
5776.000
5806.000
5869.000
5916.000
5945.000
5972.000
6019.000
6021.000
6080.000
6089.000
6103.000
6168.000
6278.000
6296.000
6335.000
6375.000
6460.000
6481.000
6570.000
6575.000
6633.000
6738.000
6790.000
6823.000
6828.000
6851.000
6886.000
6900.000
6914.000
6916.000
6944.000
6957.000
6978.000
7026.000
7125.000
7139.000
7163.000
7177.000
7247.000
7271.000
7451.000
7463.000
7513.000
7541.000
7550.000
7575.000
7583.000
7593.000
7622.000
7716.000
7726.000
7749.000
7805.000
7890.000
7986.000
7999.000
8059.000
8087.000
8145.000
8157.000
8169.000
8222.000
8227.000
8229.000
8237.000
8249.000
8265.000
8266.000
8336.000
8345.000
8408.000
8410.000
8440.000
8501.000
8525.000
8528.000
8554.000
8572.000
8596.000
8622.000
8626.000
8682.000
8701.000
8796.000
8801.000
8809.000
8872.000
8917.000
8931.000
8978.000
9058.000
9097.000
9235.000
9243.000
9248.000
9282.000
9312.000
9502.000
9533.000
9574.000
9590.000
9596.000
9676.000
9677.000
9682.000
9690.000
9719.000
9726.000
9741.000
9749.000
9761.000
9793.000
9948.000
9967.000
10028.000
10063.000
10070.000
10087.000
10110.000
10129.000
10199.000
10214.000
10232.000
10255.000
10261.000
10294.000
10302.000
10309.000
10324.000
10327.000
10366.000
10376.000
10406.000
10433.000
10449.000
10478.000
10504.000
10540.000
10582.000
10584.000
10639.000
10687.000
10729.000
10730.000
10767.000
10783.000
10787.000
10804.000
10841.000
10871.000
10872.000
10956.000
10979.000
10989.000
10999.000
11116.000
11264.000
11433.000
11460.000
11461.000
11472.000
11473.000
11524.000
11531.000
11542.000
11545.000
11624.000
11683.000
11707.000
11739.000
11757.000
11762.000
11777.000
11794.000
11802.000
11896.000
11980.000
12088.000
12101.000
12134.000
12152.000
12164.000
12194.000
12207.000
12255.000
12356.000
12415.000
12428.000
12502.000
12529.000
12532.000
12551.000
12563.000
12592.000
12644.000
12656.000
12726.000
12731.000
12758.000
12765.000
12843.000
12881.000
12898.000
12902.000
12930.000
12965.000
12982.000
12996.000
13027.000
13036.000
13046.000
13088.000
13109.000
13199.000
13200.000
13208.000
13212.000
13252.000
13280.000
13324.000
13343.000
13346.000
13369.000
13381.000
13396.000
13411.000
13442.000
13497.000
13509.000
13518.000
13605.000
13687.000
13737.000
13760.000
13804.000
13834.000
13861.000
13885.000
13890.000
13927.000
13931.000
13970.000
14026.000
14123.000
14185.000
14229.000
14233.000
14311.000
14322.000
14340.000
14363.000
14365.000
14406.000
14546.000
14549.000
14564.000
14586.000
14597.000
14628.000
14646.000
14647.000
14735.000
14783.000
14820.000
14823.000
14827.000
14842.000
14850.000
14882.000
14887.000
14918.000
14926.000
14950.000
14964.000
14966.000
15004.000
15042.000
15067.000
15143.000
15348.000
15375.000
15482.000
15488.000
15559.000
15565.000
15582.000
15633.000
15663.000
15673.000
15680.000
15695.000
15748.000
15766.000
15778.000
15810.000
15815.000
15872.000
15874.000
15925.000
15958.000
16078.000
16087.000
16191.000
16213.000
16268.000
16290.000
16334.000
16364.000
16388.000
16464.000
16538.000
16541.000
16581.000
16582.000
16631.000
16648.000
16749.000
16765.000
16774.000
16791.000
16824.000
16841.000
16902.000
16906.000
16973.000
16975.000
16986.000
17087.000
17089.000
17123.000
17177.000
17230.000
17420.000
17449.000
17464.000
17466.000
17480.000
17499.000
17508.000
17511.000
17529.000
17549.000
17560.000
17567.000
17569.000
17620.000
17681.000
17737.000
17797.000
17820.000
17836.000
17913.000
17939.000
18000.000
18026.000
18125.000
18250.000
18254.000
18283.000
18327.000
18416.000
18448.000
18480.000
18591.000
18615.000
18629.000
18661.000
18695.000
18733.000
18750.000
18805.000
18841.000
18849.000
18893.000
18922.000
18924.000
18930.000
18948.000
18986.000
19070.000
19087.000
19101.000
19102.000
19150.000
19160.000
19182.000
19253.000
19262.000
19264.000
19275.000
19279.000
19289.000
19313.000
19317.000
19332.000
19372.000
19399.000
19438.000
19474.000
19499.000
19512.000
19841.000
19867.000
19950.000
19978.000
20028.000
20064.000
20090.000
20094.000
20126.000
20137.000
20153.000
20179.000
20185.000
20215.000
20234.000
20282.000
20292.000
20297.000
20434.000
20465.000
20538.000
20555.000
20660.000
20661.000
20672.000
20711.000
20714.000
20742.000
20777.000
20780.000
20793.000
20800.000
20803.000
20880.000
20918.000
20924.000
20925.000
21147.000
21180.000
21190.000
21201.000
21239.000
21263.000
21274.000
21280.000
21312.000
21319.000
21383.000
21422.000
21439.000
21457.000
21524.000
21545.000
21564.000
21596.000
21628.000
21734.000
21738.000
21871.000
21900.000
21939.000
21980.000
22064.000
22115.000
22150.000
22174.000
22188.000
22196.000
22270.000
22293.000
22295.000
22300.000
22335.000
22360.000
22395.000
22403.000
22436.000
22437.000
22450.000
22452.000
22460.000
22475.000
22530.000
22575.000
22650.000
22697.000
22709.000
22745.000
22794.000
22855.000
22866.000
22871.000
22888.000
22977.000
23030.000
23037.000
23041.000
23043.000
23070.000
23086.000
23110.000
23205.000
23227.000
23253.000
23260.000
23273.000
23354.000
23384.000
23395.000
23432.000
23452.000
23499.000
23510.000
23544.000
23565.000
23605.000
23633.000
23726.000
23745.000
23779.000
23781.000
23807.000
23824.000
23838.000
23856.000
23858.000
23868.000
23898.000
23915.000
23967.000
23981.000
24032.000
24038.000
24138.000
24163.000
24169.000
24246.000
24252.000
24274.000
24346.000
24366.000
24370.000
24439.000
24497.000
24551.000
24570.000
24616.000
24628.000
24629.000
24647.000
24834.000
24840.000
24934.000
24956.000
24980.000
25000.000
25023.000
25083.000
25103.000
25137.000
25180.000
25229.000
25248.000
25283.000
25291.000
25307.000
25323.000
25346.000
25375.000
25418.000
25462.000
25474.000
25515.000
25533.000
25554.000
25595.000
25707.000
25718.000
25796.000
25799.000
25813.000
25844.000
25864.000
25909.000
25912.000
25918.000
25933.000
25944.000
25994.000
26010.000
26053.000
26156.000
26167.000
26217.000
26221.000
26222.000
26238.000
26292.000
26301.000
26320.000
26363.000
26427.000
26438.000
26454.000
26456.000
26459.000
26498.000
26534.000
26535.000
26540.000
26544.000
26548.000
26601.000
26635.000
26658.000
26690.000
26702.000
26705.000
26715.000
26754.000
26771.000
26791.000
26803.000
26956.000
26969.000
27114.000
27166.000
27209.000
27347.000
27348.000
27427.000
27434.000
27441.000
27499.000
27539.000
27556.000
27571.000
27575.000
27583.000
27613.000
27646.000
27657.000
27708.000
27780.000
27782.000
27831.000
27872.000
27954.000
28001.000
28016.000
28044.000
28114.000
28131.000
28183.000
28311.000
28379.000
28414.000
28427.000
28471.000
28545.000
28584.000
28617.000
28649.000
28660.000
28689.000
28690.000
28721.000
28735.000
28793.000
28858.000
28860.000
28922.000
28962.000
29012.000
29066.000
29072.000
29076.000
29240.000
29265.000
29281.000
29284.000
29320.000
29365.000
29384.000
29411.000
29423.000
29475.000
29485.000
29498.000
29510.000
29523.000
29534.000
29539.000
29564.000
29613.000
29640.000
29647.000
29756.000
29794.000
29811.000
29830.000
29845.000
29960.000
29970.000
29980.000
29989.000
29999.000
