109 879 1
>1_1
00000000000000000000000000000000001000000000000000
00000000000G00000000000000000000000010000000100000
01000000000000000000000000000000000000000001000000
00000000000010001000000000000000001000000000000001
00000100000000010000000010000000000000000000000000
00100000000000000000000000100000000000000000100000
00000000000100000000000000000000000000000000000011
00100000000000000000000000000010000000000001000001
10000000001000000000001000000000101000000001000000
00000000000000100000000000000000000001001100000000
00001000000000000000000000000001000100000000000001
0000000000000000000000000000000110100100000G000000
00000000000000000000000000000000000000000000000000
0000000000000000000000000000000000000000A000000000
00000001000000010000100000010000000000101000000000
00000000000000000000000000000010010000000001000000
00110000000000000000000100001001101000000000000010
0000000000000000000000G000000
>1_2
00000000010000000000000000010000000000000000000000
00000000000G00000000000000000000000000000000100100
00000000000000000000000000000000000000000001000000
00000000000010000000000000000000001000000000000001
00000100000000000000000010000000000000000000000000
00100000000000000000000000100000000000000001000000
00000000000000000000000000000000000000000000000011
01000000000000000000000000000010000000000001000000
10000000001000001000000010000000101000001001000000
00000000000000100000000000000000000000001100110000
00000000000000000000000000000001000000000000000001
0000000000010000000000010000000010000000000A000000
00000000000000000000000000000000000000000000000000
0000000000000000000000000000000000000010A000001100
00010001000000010000100000010000000000000000000000
00000000000001000000000000000000000100000000000000
00110000000000000000000100001000101000000000000010
0000000000000000000000G000000
>1_3
00000000000000000000000000000000010000010000000000
00000000000G00000000000000000000000000001000000000
00000000000000000000000000000000000000000001000000
00000000000010000000000000000000001000010100000001
00000100000000000000000010000000000000000000000000
00100000000000000000000000100010000000000000000000
10000000000000000000000000000000000000000000000011
00000000000000000000000000000010000000001001000000
10000000000000000000000000000000100000000001000000
00000000000000000000000000000100000000101100000000
00000000000000000000000000000001000000000000000001
0000000000000000000000000000000010000000000G000001
00000000000000100000000000000000000000000000000000
0000001000000000000000100100000000000100A000000000
00000001000000010000100000010000000000010000000000
00000000001000000000000000000000000000000000000000
00110000000000000000000000001000101000000000000000
0000000000001000000100G000000
>1_4
00000000000000000000000000000000010000010000000000
00000000000G00000000000000000000000000001000000000
00000000000000000000000000000000000000000001000000
00000000000010000000000000000000001000010100000001
00000100000000000000000010000000000000000000000000
00100000000000000000000000100010000000000000000000
00000000000000000000000000000000000000000000000011
00000000000000000000000100000010000000001001000000
10000000000000000000000000000000100000000001001000
00000000000000001000000000000100000000101100000000
00000000000000100000000000000001000000000000000001
0000000000000000000000000000000010000000000G000001
00000000000000100000000000000000000000000000000000
0000001000000000000000100100000000000100A000000000
00000001000000010000100000010000000000010000000000
00000000000000000000000000000000000000000000000000
00110000000010000000000000001000101000000000000000
0000000000001000000000G000000
>1_5
00110000001000000001000000000100000000001000000000
11000000000G00000000000000001000000000000100000000
00000000000010000000000000000000000000000000000000
00000000001100000000100000000000010000000010000000
10000000000000000010000000000000100000000000010000
00000000100001000000000100000100000000000000000000
00000000000000000000000000000000100000000100000000
00000010011000000000001000100000000100000000001000
00000000100000100000010001100000000000000000000000
00100000001000000000000000000000100010000000000000
01000000000000000000000000100100000000010000000000
0000000001000000000010000100000000000000100G001000
00000000000000010000000000000010000000101011000000
0000000000001010110000000000001000000000A000000001
00001000000000001100010000000000000110000100000000
10100000000000010000001000000001000010000000001100
00000000000001000000000000000100010100000000000000
0001001100000100000000A000000
>1_6
00000000000000000000000000000000010000010000000000
00000000000G00000000000000000000000000001000000000
00000000000000000000000000000000000000000001000000
00000000000010000000000000000000001000010100000001
00000100000000000000000010000000000000000000000000
00100000000000000000000000100010000000000000000000
10000000000000001000000000000001000000000000000011
00000000000000000000000000000010000000001001000000
10000000000000000000000000000000100000000001000000
00000000100000000000000000000100000000101100000000
00000000000000000010000000000001000000000000000001
0000000000000000000000000000000010000000000G000001
00000000000000100000000000000000000000000000000000
0000001000000000000000100100000000000100A000000000
00000001000000010000100000010000000000010000000000
00000000001000000000000001000000000000000000000000
00110000000000000000000000001000101000000000000000
0000000000001000000000G000000
>1_7
00000000010000000000000000000000000000000000000000
00000000000G10000000000000000000000000000000100100
00000000000000000000000000000000000000000001000000
00000000000010000000000000000000001000000000000001
00000100000000000000000010000000000000000000000000
00100010000000000000000000100000000000000000000000
00000000000000000000000000000000000000000000000011
01000000000000000000000000000010000000000001000000
10000000001000001000000010000000101000001001000000
00000000000000100000000000000000000000001100110000
00000000000000000000000000000001000000000000000001
0100000000010000000000010000000010000000000A000000
00000000000000000000000000000000000000000000100000
0000000000000000000000000000000000000010A000001100
00010001000000010000100000010000000000000000000000
00000000000001000000000000000000000100100000000000
00110000000000000000000100001000101000000000000010
0000000000000000000000G000000
>1_8
00000000000000000000000000000000010000000000000000
00000000000G00000000001000000000000000001000000000
00000000000000000000000000000000000000000001000000
00000000000010000000000100000000001000010000000001
00000100000000000000000010000000000000000000000000
00100000000000000000010000100010001000000000000000
00100000000000000100000000000000000000000000000011
00000000000010000000000000000010000001000001000000
10000000000000000000000000000000100000000001000000
00000000000000000000000000000000000000001100000000
00000000000000000000000000000001000000000100000001
0000000000000000000000000000000010000000000G000000
00000000001000000000000000000000000000000000000000
0000000000000000000000000100000000000000A000000000
00000001000000010000100000010000000000010000000000
00010000000000001000000000000000000000000010000000
00110000000000001000000001001000101000000000000000
0000000001001000000000G000000
>1_9
00000000000000000000000000000000001000000000000000
00000000000G00000000000000000000000000000000100000
00000000000000000000000000000000000000000001000000
00000100000010001000000000000000001000000000000001
00000100000000000000000010000000000000000000000010
00100000000010000000000000100000000000000000100000
00000100000000000000000000000000000001000000000011
00000000000000000000000000000010000000000001000001
10000000001000000000000000000000101000000001000000
00000000000000100000000000000000000000001100000000
00000000000000000000000000000001000000000000000001
0000000000000000000000000000000010000000000G000000
00000000000000000000000000000000000000000000000000
0000000000000000000000000000000000000000A000000000
00000001000000010000100000010000000000101000000000
00000000000000000000000000000000010000000000000000
00110000000000000000000110001000101000000000000010
0000000000000000000000G000000
>1_10
00000000010000000000000000010000000000000000000000
00000000000G00000000000000000000000000000000100100
00000000000000000000000000000000000000000001000000
00000000000010000000000000000000001000000000000001
00000100000000000000000010000000000000000000000000
00100000000000000000000000100000000000000001000000
00000000000000000000000000000000000000000000000011
01000000000000000000000000000010000000000001000000
10000000001000001000000010000000101000001001000000
00000000000000100000000000000000000000001100110000
00000000000000000000000000000001000000000000000001
0000000000010000000000010000000010000000000A000000
00000000000000000000000000000000000000000000000000
0000000000000000000000000000000000000010A000001100
00010001000000010000100100010000000000000000000000
00000000000001000000000000000000000100000000000000
00110000000000000000000100001000101000000000000010
0000000000000000000000G000000
>1_11
00000000000000000000000000000000010000000000000000
00000000000G00000000001000000000000000001000000000
00000000000000000000000000000000000000000001000000
00000000000010000000000100000000001000010000000001
00000100000000000000000010000000000000000000000000
00100000000000000000010000100010001000000000000000
00100000000000000100000000000000000000000000000011
00000000000010000000000000000010000001000001000000
10000000000000000000000000000000100000000001000000
00000000000000000000000000000000000000001100000000
00000000000000000000000000000001000000000100000001
0000000000000000000000000000000010000000000G000000
00000000001000000000000000000000000000000000000000
0000000000000000000000000100000000000000A000000000
00000001000000010000100000010000000000010000000000
00010000000000001000000000000000000000000010000000
00110000000000001000000001001000101000000000000000
0000000001001000000000G000000
>1_12
00000000000000000000100000000000010000000000000010
00000000100G00000000000000000000000000001000000000
00000000000000000000000000000000000000000001000000
00000000000010000000000000000000001000010000000001
00000100000000000000000010000000000000000000000000
00100000000000000000000000100010000000000000001000
00000000000000000000000000010000000000000000000011
00000000000000000000000000000010000000000001000000
10000000000000000000000000000000100000000001000000
00000000000000000000000000000000000000001110000000
00000000000000000000000000000001000000000000000001
0001000000000000000000000000000010000000000G000000
00000000000000000000000000000000000000000000000000
0000000000000000000000000100000000000000A000000000
00000001000000010000100000010000010000010000000000
00000000000010000000000000000000000000000000000000
00110000000000000000000000001000101000000000000000
0000010000001000000000G000000
>1_13
00000000000000000000000000000000001000000000000000
00000000000G00000000000000000000000000000000100000
00000000000000000000000000000000000000000001000000
00000000000010011000000000000000001000000000010001
00000100000000000000000010000000000000000000000000
00100000000000000000000000100000000000000000000000
00000000000000010000000000000000000000000000000011
00000000000000000000000000000010000000000001000001
10000000001000000000000000000000101000000001000000
00000000000000100000000000000000000000001100000010
00000000000000000000000000000001000000000000000001
0000000000000000000000000000000010000000000G000000
00000000000000000000000000000000000000000000000000
0000000000000000000000000000000000000000A000000000
00000001000000110000100000010100000000101000000000
00000000000000000000000000000000010000000000000000
00110000000000010000000100001000101000000000000010
0000000000000010000000G000000
>1_14
00000100000000000000010000100000001000000000000000
00000000000G00000000000000000000000000000000100000
00000000000000000000000000001000000000000001000000
00000010000010000000000000000000001000000000000001
00010100000000000000000010000000000000000000000000
00100000000000000000000000100000000000000000000000
00000001001000000000000000000000000000000000000011
00000000000000000000000000000010000000000001000000
10000000001000000000000000000000101000000001000000
00000000000000100001000000000000000000001100000000
00000000000000000100000010000001000000000000000001
0000000000000000000000000000000010000000000G000000
01000000000000000000000000000000000000000000000000
0000000000000000000000000000000000000000A000000000
00000001010000010000100000010000100000101000000000
00000000000000000000000000000000010000000000000000
00110000000000000000000100001000101000000001000010
0000000000000000000000G000000
>1_15
00000000000000000000000000100000001000000000000000
00000000000G00000000000000000000000000000000100000
00000000000000000000000000000000000000000001000000
00000010000010000010000000000000001000000000000001
00010100000000000000000010000000000000000000000000
00100000000000000000000000100000000000000000000000
00000000001000000000000000000000000000000000100011
00000000000000000000000000000010000000000001000000
10000000001000000000000000000000101000000001000000
00000000000000100001000000000000000000001100000000
00010000000000000100000010000001000000000000000001
0000000000000000000000000000000010000000000G000000
01000000000000000000000000000000000100000000010000
0000000000000000000000000000000000000000A000000000
00000001000000010000100000010000000000101000000000
00000000000000000000000000000000010000000000000000
00110000000000000000000100001000101000000001000010
0000000000000000000000G000000
>1_16
00000000000000000000000000000000010000000000000000
00000000000G00000000000000000000000000001000000000
00000000000000000000000000000000000000000001000000
00000000000010000000000000000000001000010100000001
00000100000000000000000010000000000000000000000000
00100000000000000000000000100010000000000000000000
00000000000000000000000000000000000000000000000011
00000000000000000000000000000010000000101001000000
10000000000000000000000000000000100000000001000000
00000000000000000000000000000100000000001100000000
00000000000000000000000000000001000000000000000001
0000000000000000000000000000000010000000000G000001
00000000000000000000000000000000000000000100000000
0000001000000000000000000100000000000100A000000000
00000011000000010000100000010000000000010000000000
00000000000000000000000000000000000000000000000000
00110000000000000000000000001000101000000000000000
0000000000001000000000G000000
>1_17
00000000000000000000000000000000010000000000000010
00000000000G00000000000000000000000000001000000000
00000000000000000000000000000000000000000011000000
00000000000010000000000000000000001000010000000001
00000100000000000000000010000000000000000000000000
00100000000000000000000000100010000000000000000000
00010000000000000000000000000000000000000000000011
00000000000000000000010000000010000000000001000000
10000000000000000000000000000000100000000001000010
00000000000000000000000000000000000000001110000000
00000000000000000000000000000001000000000000000001
0000000000000000000000000000000010000000000G000000
00000000000000000000000000000000000000000000000000
0000000000000000000000000100000000000000A000000000
00000001000000010000100000010000010000010000000000
00000000000000000000000000000000000000001000000000
00110000000000000000000000001000101000000000000000
0000000000001000000000G000000
>1_18
00000000000000000000000000000000010000000001000000
00001000000G00000000001000000000000000001000000000
00000000000000000000000000000000000100000001000000
01000000000010000000000000000000001000010000000001
00000100000000000000000010000000000000000000000000
00100000000000000000010000100010100000000000000000
00100000000000000000000000000000000010000000000011
00000000000010000000000000000010000011000001000000
10000000000000000000000000000000100000000001000000
00000000000000000000000000000000000000001100000000
00000000000000000000000000000001000000000100000001
0000000000000000000000000000000010000000000G000000
00100000000000000000000000000000000000000000000000
0000000000000000000000000100000000000000A000000000
00000001000000010000100000010000000000010000000000
00010000000000000000000000000000000000000000000000
00110000000000000000000001001000101000000000000000
0000000000001000000000G000000
>1_19
00000000000000000000000000000000010000000000000000
00000000000G00000000001000000000000000001000000000
00000000000000000000000000000000000000000001000000
00000000000010000000000100000000001000010000000001
00000100000000000000000010000000000000000000000000
00100000000000000000010000100010001000000000000000
00100000000000000100000000000000000000000000000011
00000000000010000000000000000010000001000001000000
10000000000000000000000000000000100000000001000000
00000000000000000000000000000000000000001100000000
00000000000000000000000000000001000000000100000001
0000000000000000000000000000000010000000000G000000
00000000001000000000000000000000000000000000000000
0000000000000000000000000100000000000000A000000000
00000001000000010000100000010000000000010000000000
00010000000000001000000000000000000000000010000000
00110000000000001000000001001000101000000000000000
0000000001001000000000G000000
>1_20
00000000000000000000000000000000010000010000000000
00000000000G00000000000000000000000000001000000000
00000000000000000000000000000000000000000001000000
00000000000010000000000000000000001000010100000001
00000100000000000000000010000000000000000000000000
00100000000000000000000000100010000000000000000000
10000000000000000000000000000000000000000000000011
00000000000000000000000000000010000000001001000000
10000000000000000000000000000000100000000001000000
00000000000000000000000000000100000000101100000000
00000000000000000000000000000001000000000000000001
0000000000000000000000000000000010000000000G000001
00000000000000100000000000000000000000000000001000
0000001000000000000000100100000000000100A000000000
00000001000000010000100000010000000000010000000000
00000000001000000000000000000000000000000000000000
00110000000000000000000000001000101000000000000000
0000000000001000000000G100000
>2_1
00000000000000000000000000000000010000010000000000
00000000000G00000000000000000000000000001000000000
00000000000000000000000000000000000000000001000000
00000000000010000000000000000000001000010100000001
00000100000000000000000010000000000000000000000000
00100000000000000000000000100010000000000000000000
00000000000000000000000000000000000000000000000011
00000000000000000000000100000010000000001001000000
10000000000000000000000000000000100000000001000000
00000000000000001000000000000100000000101100000000
00000000000000100000000000000001000000000000000001
0000000000000000000000000000000010000000000G000001
00000000000000100000000000000000000000000000000000
0000001000000000000000100100000000000100A000000000
00000001000000010000100000010000000000010000000000
00000000000000000000000000000000000000000000000000
00110000000000000000000000001000101000000000000000
0000000000001000000000G000000
>3_1
00000000000000000000000000000000010000000000000010
00000000000G00000000000000000000000000001000000000
00000000000000000000000000000000000000000011000000
00000000000010000000000000000000001000010000000001
00000100000000000000000010000000000000000000000000
00100000000000000000000010100010000000000000000000
00010000000000000000000000000000000000000000000011
00000000000000000000000000000010000000000001000000
10000000000000000000100000000000100000000001000000
00000000000000000000000000000000000000001110000000
00000000000000000000000000000001000000000000000001
0000000000000000000000000000000010000000000G000000
00000000000000000000000000000000000000000000000000
0000000000000000000000000100000000000000A000000000
00000001000100010000100000010000010000010000000000
00000000000000000000000000000000000000000000000000
00110000000000000000000000001000101000000000000000
0000000000001000000000G000000
>4_1
00000000000000000000000000000000010000010000000000
00000000000G00000000000000000000000000001000000000
00000000000000000000000000000000000000000001000000
00000000000010000000000000000000001000010100000001
00000100000000000000000010000000000000000000000000
00100000000000000000000000100010000000000000000000
00000000000000000000000000000000000000000000000011
00000000000000000000000000000010000000001001000000
10000000000000000000000000000000100000000001000000
00000000000000001000000000000100000000101100000000
00000000000000100000000000000001000000000000000001
0000000000000000000000000000000010000000000G000001
00000000000000100000000000000000000000000000000000
0000001000000000000000100100000000000100A000000000
00000001000000010000100000010000000000010000000000
00000000000000000000000000000000000000000000000000
00110000000000000000000000001000101000000000000000
0000000000001000000000G000000
>5_1
00000000000000000000000000000000010000000000000000
00000000000G00000000001000000000000000001000000000
00000000000000000000000000000000000000000001000000
00000000000010000000000000000000001000010000000001
00000100000000000000000010000000000000000000000000
00100000000000000000010000100011001000000000000000
00100000000000000000000000000000000000000000000011
00000000000010000000000000000010000001000001000000
10000000000000000000000000000000100000000001000000
00000000000000000000000000000000000000001100000000
00000000000000000000000000000001000000000100000001
0000000000000000000000000000000010000000000G000000
00000000000000000000000000000000000000000000000000
0000000000000000000000000100000000000000A000000000
00000001000000010000100000010000000000010000000000
00010000000000000000000000000000000000000000000000
00110000000000000000000001001000101000000000000000
0000000001001000000000G000000
>6_1
00000000000000000000000000000000001000000000000000
00000000000G00000000000000000000000000000000100000
00000000000000000000000000000000000000000001000000
00000000000010011000000000000000001000000000000001
00000100000000000000000010000000000000000000000000
00100000000000000000000000100000000000000000000000
00000000000000010000000000000000000000000000000011
00000000000000000000000000000010000000000001000001
10000000001000000000000000000000101000000001000000
00000000000000100000000000000000000000001100000000
00000000000000000000000000000001000000000000000001
0000000000000000000000000000000010000000000G000000
00000000000000000000000000000000000000000000000000
0000000000100000000000000000000000000000A000000000
00000001000000010000100000010000000000101000000000
00000000000000000000000000000000010000000000000000
00110000000000000000000100001000101000000000000010
0000000000000000000000G000000
>7_1
00000000000010000010000000000000000100000000000000
00000000000G00000000000000010000000000000000000000
00000000000000000010000000000000000000000000000000
00000000000000000000000000000000000010000000000000
00000000000000000000000000010000000010000000000000
00000000000000000000000000000000000000000000010000
00000000000000000000000000000000000100000000000100
00000000100000000000000010000000000000000100000000
00000001000000000000000000000000000000000000000000
00000000000000000010010000000000000000000000000100
10000000000001001000000000000000000000000000100000
0000000000100000000000000000000001001000000G000000
00000000000000000000000000001000000000000000000000
0001010000000000000011010000000000000000A001000010
00000000000000000001000000000000000000000010000000
00000000000000000000000000000000000000000000000000
00000000010000000000000000000000000000000100100000
0000000000000000000000G000000
>8_1
00000000000010000010000000000000000100000000000000
00000000000G00000000000000010000000000000000000000
00000000000000000010000000000000000000000000000000
00000000000000000000000000000000000010000000000000
00000000000000000000000000010000000010000000000000
00000000000000000000000000000000000000000000010000
00000000000000000000000000000000000100000000000100
00000000100000000000000010000000000000000100000000
00000001000000000000000000000000000000000000000000
00000000000010000010010000000000000000000000000100
10000000000001000000000000000000000000000000100000
0000000000100000000000000000000001001000000G000000
00000000000000000000000000101000000000000000000000
0001010000000000000011010000000000000000A001000010
00000000000000000001000000000000010000000010000000
00000000000000000000000000000000000000000000000000
00000000010000000000000000000000000000000100100000
0000000000000000000000G000000
>9_1
00000000000000000000000000000000010000000000000000
00000000000G00000000001000000000000000001000000000
00000000000000000000000000000000000000000001000000
00000000000010000000000000000000001000010000000001
00000100000000000000000010000000000000000100000000
00100000000000000000010000100010000000000000000000
00100000000000000000000000000000000000000000000011
00000000000010000000000000000010000001000001000000
10000000000000000000000000000000100000000001000000
00000000000000000000000000000000000000001100000000
00000000000000000000000000000001000000000100000001
0000000000000000000000000000000010000000000G000000
00000000000000000000000000000000000000000000000000
0000000000000000000000000100000000000000A000000000
01000001000000010000100000010000000000010000000000
00010000000000000000000000000000000000000000000000
00110000000000000000000001001000101000000000000000
0000000010001000000000G000000
>10_1
00000000000000000000000000000000010000000000000000
00000000000G00000000001000000000000000001000000000
00000000000000000000000000000000010000000001000000
00000000000010000000000000000000001000010000000001
00000100000000000000000010000000000000000100000000
00100000000000000000010000100010000000000000000000
00100000000000000000000000000000000000000000000011
00000000000010000000000000000010000001000001000000
10000000000000000000000000000000100000000001000000
00000000000000000000000000000000000000001100000000
00000000000000000000000000000001000000000100000001
0000000000000000000000000000000010000000000G000000
00000000000000000000000000000000000000000000000000
0000000000000000000000000100000000000000A000000000
01000001000000010000100000010000000000010000000000
00010000000000000000000000000000000000000000000000
00110000000000000000000001011000101000000000000000
0000000010001000000000G000000
>11_1
00000000000000000000000000000000000000000000000000
00000100001G00000000000000000000000000000000001000
00000000000000000000000000000001000011000000000010
00000000010000000000000000000000000000000000000000
00000010000010000000000000000000000000100000000000
00001000000000001000000000000000010001000000000000
00000010100000000000000000000000000000000000000000
00000000000000000000000000000000000000000000000000
00000000000000000000000000000000000000000000000000
10000000000000000000000000000000000000000000000000
10000000000000000000000000000000000000000000000000
1000000100000000000000000000000000000000000G000000
00000000000000000100000000000000000000000000000000
0000000000000000000000000000000000100000A000000000
10000000000000000001000000000000000000000010010000
00000000000000000000000000000100000000000000000000
00000000001000000011000000000000000000001000000100
1000000000000001010000G000000
>12_1
00000000100000000000001000000000000100000000000000
00000000000G00000000010000000000000000000000000000
00000000010000000000000000000000000000000000000000
00000000000000000000000000000000000000100000000000
00000000000000000000000000000000000000000000000000
00000000000000000000000000000000000000000100010000
00001000000000000000000000000000000000000001000000
00000000100000000000000000000000000000000000000000
00000001000000000000000000000010000010000000000000
00000000000000000100000000000000000000000000000100
10000000001000000000000000000000000000001000100000
0000000000100000000000000000000001000000000G000000
00000000000000000000100010000000000000000000000000
0000010100000000000011010000000000000000A001000000
00000000000000000001000000000000000000000010000000
00000000000000000000000000010000000000000000000000
00000000010000000000000000000000000000000000000000
0000000000000000000000G000000
>12_2
00000000000000000000000000000000000100000000000000
00000000000G00000000000000000000000000000000000000
00000000000000010000000000000000000000000000000000
00000000000000000000000000000000000000000000000000
00000000000000001000000000000000000000000000000000
00000000000000000000000000000000000000000000010000
00000000000000000000000000000000000000000000000100
00000000100000000000000010000000000000000000000000
00000001000000000000000000000000000000000000000000
00000000000000000000010000000000000000000000000100
10000000000000000000000000000000000000000000100000
0000000000100000000000000000100001000000000G000000
00000000000000000000000000001000000000000000000000
0000010000000000000011010000000000000000A001000000
00000000000000000001000000000000000000000010000000
00001000000000000000000000000000000000000000000000
00000000010000000000000000000000000000000000000000
0000000000000000000000G000000
>12_3
00000000000000000000000000000000000000000000000000
00000000000G00000000000000000000000000000000100000
00000000000000000000000000000000000000000001000000
00001000000010000000000000000000001000000000000001
00000100000000000000000010000000000000000000000000
00100000000000000000000000100000000000000000000000
00000000000000000000000000000000000000000000000011
00000000000000000001000000000010000000000001000000
10000000001000000000000010000000101000001001000000
00000000000000100000000000000000000000001100100000
00000000000000000000000000000001000000000000000001
0000000000000000000000000000000010000000000G000000
00000000000000000000000000000000000000000000000000
0000000000000000000000000000000000000000A000000000
00000001000000010000100000010000000000000000000000
00000000000000000000000000000000000000000000000000
00110000000100000000000100001000101000000000000010
0000000000000000000000G000000
>12_4
00000000000000000000000000000000000100000000000000
00100000000G00000000000000000000000000000000000000
00000000010000001000000000000000000000000000000000
00000000000000000000000000000000000000100000000000
00000000000000000000001000000010000000000000000000
00000000000000000000000000000000000000000100010000
00000000000000000000000000000000000000000001000000
00000000100000000000000000000000000000000000000000
00000001000000000000000000000010000010000010000000
00001000000000000000000000000000000000000000000100
10000000001000000000000000000010000000000000100000
0000000000100000000001000000000001000000000G000000
00000000000000000000000010000000000000000000000000
0000010100000000000011010000000000000000A001000000
00000000000000000001000000000000000000000010000000
00000000000000000000000000010000000000000000000000
00000000010000000000000000000000000000000000000000
0000000000000000000000G000000
>13_1
00000000000000000000000000000000000000000000000001
00000000000G00000000000000000000000000000000000000
00000000000000000000000000000000000000000001000000
00000000000010000000000000000000001000000000000001
00000100000000000000000010000000000000000000000000
00100000000000000000000000100000000000000000000000
00000000000000000000000000000000000000000000000011
00000000000000000000000000000010010000000001000000
10000000000000000000000000000000100000000001000000
00000000000000000000000000000000000000001100000000
00000000000000000000000000000001000000000000000001
0000000000000000000000000000000010000000000G000000
00000000000000000000000000000000000000000000000000
0000000000000000000000000000000000000000A000000000
00000001000000010000100000010000000000000000000000
00000000000000000000000000000000000000000000000000
00110000000000000000000000001000101000000000000000
0000000000000000000000G000000
>14_1
00000000100000000000000000000000000100000000000000
00000000000G00000000000000000000000000000000000000
00000000010000000000000100000000000000000000000000
00000000000000000000000000000000000000100000000000
00000000000000000000000000000000000000000000000000
00000000000000000000000000000000000000000100010000
00000000000000000000000000000000000000000001000000
00000000100000000000000000000000001000000000000000
00000001000000000000000000000010000010000000000000
00000000000000000100000000000000000000000000000100
10000000001000000000000000000000000000000000100000
0000000000100000000000000000000001000000000G000000
00000000000000000000000010000000000000000000000000
0000010100000000000011010000000000000000A001000000
00000000000000000001000000000000000000000010000000
00000000000000000000000000010000000000000000000000
00000000010000000000000000000000000000000000000000
0000000000000000000000G000000
>14_2
10000000000001111000000000001001100010000000100100
00010011000T01001101100011100010011000100000010001
10011001100101000000101011100000001000000000111101
00010001100000000000001011000111100000000011100000
01001001000001000100000001000000011000000011101100
11000001001100000010000001001100000000101000000101
00000000000000000010110010001110111000010010001000
10010101001101110100001000011001100000000010000000
00101000110011010101000101000100010100010100000000
01100100010001010000100100000001100000000001001000
00000100000000000001000001110100101011000001011110
0010010010001100111000100010000000000010000G011100
00000001010000000001000101000100001001100001000100
0000000010010010010000001000110100000001C100110001
00000100100010000000000010000010000000000100101100
10000101100000000101001100100000100010000000000011
11000011100001000000010000000100000001010000010001
0100001000010100000010G010111
>15_1
00000000000000000000000000000000000100000000000000
00000000000G00000000000000000000000000000000000000
00000000010000001000000000000000000000000000000000
00000000000000000000000000000000000000100000000000
00000000000000000000000000000000000000000000000000
00000000000000000000000000000000000000000100010000
00000000000000000000000000000000000000000001000000
00000000100000000000000000000000000000000000000000
00000001000000000000000000000010000010000000000000
00000000000000000000000000000000000000000000000100
10000000001000000000000000000000000000000000100000
0000000000100000000000000000000001000000000G000000
00000000000000000000000010000000000000000000000000
0000010100000000000011010000000000000000A001000000
00000000000000000001000000000000000000000010000000
00000000000000000000000000010000000000000000000000
00000000010000000000000000000000000000000000000000
0000000000000000000000G000000
>15_2
00000010000000000000000000000000000000000100000000
00000000001G00000000000000000000000000000000000000
00000000000000000000000000000001000011000000000000
00000000010000000000000000000000000000000000000000
00000010000010000000000000000000000000000000000000
00000000000000000000000000000000000000000000000000
00000000000000000000000000000000000000000000000000
00000000000000000000000000000000000000000000000000
00000000000000000000010000000000000000000000000000
00000000000000000000000000000000000100000000000000
10000000000000000000000000000000000000000010000000
0000000100000000000000000000000000000000000G000000
00000000000000000000000000000000000000000000000000
0000000000000000000000000000000000000000A000000000
00000000000000000001000000000000000000000010000000
00000000000000000000000000000100000000000000100000
00000000001000000010000000000000000000000000000100
1000000000000000000000G000000
>15_3
10000000000001111000000000001001100010000000100100
00010011000T01001101100011100010011000100000010001
10011001100101000000101011100000001000000000111101
00010001100000000000001011000111100000000011100000
01001001000001000100000001000000011000000011101100
11000001001100000010000001001100000000101000000101
00000000000000000010110010001110111000010010001000
10000101001101110100001000011001100000000010000000
00101000110011010101000101000100010100010100000000
01100100010001010000100100000001100000000001001000
00000100000000000000000001110100101011000001011110
0010010010001100111000100010000000000010010G011100
00000001010000000001000101000100001001100001000100
0000000010010010010000001000110100000001C100110001
00000100100010000000000010000010000000000100101100
10000101100000000101001100100000100010000000000011
11000011100001000000010000000100000001010000010001
0100001000010100000010G010111
>15_4
00000000000000000000000000000000000000000000000001
00000000000G00000000000000000000000000000000000000
00000000000000000000000000000000000000000001000000
00000000000010000000000000000000001000000000000001
00000100000000000000000010000000000000000000000000
00100000000000000000000000100000000000000000000000
00000000000000000000000000000000000000000000000011
00000000000000000000000000000010000000000001000000
10000000000000000000000000000000100000000001000000
00000000000000000000000000000000000000001100000000
00000000000000000000000000000001000000000000000001
0000000000000000000000000000000010000000000G000000
00000000000000000000000000000000000000000000000000
0000000000000000000000000000000000000000A000000000
00000001000000010000100000010000000000000000000000
00000000000000000000000000000000000000000000000000
00110000000000000000000000001000101000000000000000
0000000000000000000000G000000
>15_5
00000000000000000000000000000000000100000000000000
00000000000G00000000000000000000000000000000000000
00000000000000000000000000000000000000000000000000
00000000000000000000000000000000000000000000000000
00000000000000000000000000000000000000000000000000
00000000000000000000000000000000000000000000010000
00000000000000000000000000000000000000000000000100
00000000100000000000000010000000000000000000000000
00000001000000000000000000000000000000000000000000
00000000000000000000010000000000000000000000000100
10000000000000000000000000000000000000000000100000
0000000000100000000000000000000001000000000G000000
00000000000000000000000000001000000000000000000000
1000010000000000000011010000000000000000A001000000
00000000000000000001000000000000000000000010000000
00000000000000000000000000000000000000000000000000
00000000010000000000000000000000000000000000000000
0000000000000000000000G000000
>16_1
00110000001000000000000000000100000000001000000000
11000000000G00000000000000000000000000000100000000
00000000000010000000000000000000000000000000000000
00000000001100000000100000000000010000000010000000
10000000000000000010000000000000000000000000010000
00000000100001000000000100000100000000000000000000
00000000000000000000000000000000100000000100000000
00000010011000000000001000000000000100000000001000
00000000100000100000010001100000000000000000000000
00100000001000000000000000000000100000000000000000
01000000000000000000000000100100000000010000000000
0000000000000000000010000000000000000000100G001000
00000000000000010000000000000010000000101011000000
0000000000000010110000000000000000000000A000000001
00000000000000000000010000000000000110000100000000
10100000000000010000001000000001000010000000001100
00000000000001000000000000000100000000000000000000
0000001000000100000000A000000
>16_2
00000000000000000000000000000000000000000000000000
00000000001G00000000000000000000000000000000000000
00000000000000000000000000000001000011000000000000
00000000010000000000000000000000000000000000000000
00000010000010000000000000000000000000000000000000
00000000000000000000000000000000000000000000000000
00000000000000000000000000000000000000000000000000
00000000000000000000000000000000000000000000000000
00000000000000000000000000000000000000000000000000
00000000000000000000000000000000000100000000000000
10000000000000000000000000000000000000000010000000
0000000100000000000000001000000000000000000G000000
00000000000000000000000000000000000000000000000000
0000000000000000000000000000000000000000A000000000
00000000000000000001000000000000000000000010000000
00000000000000000000000000000100000000000000100000
00000000001000000010000000000000000000000000000100
1000000000000000000000G000000
>17_1
00000000000000000000000000000000000100000000000000
00000000000G00000000000000000000000000000000000000
00000000000000000000000000000000000000000000000000
00000000000000000000000000000000000000001000000000
00000000000100000000000000000000000000000000000000
00000000000000000000000000000000000000010000010000
00000000000001000000000000000000000000000000000000
00000000100000000000000000000000000000000000000000
00000001000000000000000000000000000000000000000000
00000000000000000000000000000000000000000000000100
10000000000000000000000000000000000000000000100000
0000000000100000000000000000000001000000000G000000
00000000000000000000000000000000000000000000000000
0000010001000000000011010000000010000000A001000000
00000000000000000001000000000000000000000011000000
00000000000000100000000000000000000000000000000000
00000000010000000000000000000000000000000000000000
0000000000000000000000G000000
>18_1
10000000000101101000000010001000100010000000100100
00010000000T01001111100011100010011100100001010001
10000000100101000000100011100000101000000100011101
00000000100000000100000011100111000000000011100000
00001001000001000100000001001000011000000001001100
10000001001000000010000001001100000000100000000001
00000000000000000010000000000100111000010010001000
10000101001101100100001001011001100000000010000000
00101000110011000101000101000101010101010100000000
01100100010001000000100100000011111000000001001000
00000100000000000000100001111100101011000001010110
0010010010000110110000100010000000000010000G011100
00000000010000000001001100000000001000100001000000
0000000000010010010000001000110100000001C100110001
00000100100011000000000010000010000000000100101100
10000111100000000101001100100000000010000000000011
01001011100001100000110000000100000001010000010001
0100101000010100000010G011111
>18_2
00000000000000000000000000000010000100000000000000
00000000000G00000000000000000000000000000000000000
00000000010000000000000000000000000000000000000000
00000000000000000000000000000000000000000000000000
00000000000000000000000000000000000000000000000000
00000000000000000000000000000000000000000000010000
00000000000000000000000000000000000000000000000000
00000000100000000000000000000000000000000000000000
00000001000000000000000000000010000010000000000000
00000000000000000000000000000000000000000000000100
10000000000000000000000000000000000000000000100000
0000000000100000000000000000000001000000000G000000
00000000100000000000000000000000000000000000000000
0000010000000000000011010000000000001000A001000000
00000000000000000001000000000000000000000010000000
00000000000000000000000000000000000000000000000000
00000000010000000000001000000000000000000000000000
0000000000000000000000G000000
>19_1
10000000000001111000000000001001100010000000100100
00010011000T01001101100011100010011000100000010001
10011001100101000000101011100000001000000000111101
00010001100000000000000011000111100000000011100000
01001001000001000100000001000000011000000011101100
10000001001100000010000001001100000000100000000101
00000000000000000010110010000110111000010010001000
10000101001101110100001000011001100000000010000000
00101000110011010101000101000100010100010100000000
01100100010001010000100100000001100000000001001000
00000100000000000000000001110100101011000001011110
0010010010001100110000100010000000000010000G011100
00000001010000000001000101000100001000100001000100
0000000010010010010000001000110100000001C100110001
00000100100010000000000010000010000000000100101100
10000101100000000101001100100000000010000000000011
11000011100001000000010000000100000001010000010001
0100001000010100000010G010111
>20_1
00000000000000000000000000000000000000000000000000
00000000000G10100000000000000000000000000000000000
00000000000000000001000000000000000000000001000000
00000000000010000000000000000000001000000000000001
00000000000000000001000010000000000000000000000000
00000000000000000000000000100000000100000000000000
00000000000000000000000000000000000000000000000010
00000000000000000000000000000000000000000001000000
10000000000000000000000000000000000000000000000000
00000000000000000000000000000000000000011000000001
00000000000000000000000000000001000000000000000001
0000000000000000000000000000000010000000000G000000
00000000000000000000000000000000000000000000000000
0000000000000000000000000000000000000000A000000000
00000001000000000000100000000000000000000000000000
00000000000000000000000000000000000000000000000000
00110000000000000000000000001000100000000000000000
0000000000000000000000G000000
>21_1
00000000000000000000000000000000000000000000000000
00000000000G10100000000000000000000000000000000000
00000000000000000001000000000000000000000001000000
00000000000010000000000000000000001000000000000001
00000000000000000001000010000000000000000000000000
00000000000000000000000000100000000100000000000000
00000000000000000000000000000000000000000000000010
00000000000000000000000000000000000000000001000000
10000000000000000000000000000000000000000000000000
00000000000000000000000000000000000000011000000001
00000000000000000000000000000001000000000000000001
0000000000000000000000000000000010000000000G000000
00000000000000000000000000000000000000000000000000
0000000000000000000000000000000000000000A000000000
00000001000000000000100000000000000000000000000000
00000000000000000000000000000000000000000000000000
00110000000000000000000000001000100000000000000000
0000000000000000000000G000000
>22_1
00000001000000000000000000000000000000000000010000
00000000000G00000000000000000100000001010000000010
00000000000000000000000000000000000000010000000000
00000000000001000000000000000000001000000000000001
00100000000000000000000000000000000000000000000000
00000000000000000000000000000000000000000000000000
00000000000000000000000000000000000000000000000000
00000000000000000000000000000000000000000001000000
00000000000000000000000000000000000000000000000000
00000000000000000000001000000000000000001000000000
00000000000000000000000000000000000000000000000000
0000000000000000000000000000000010000000000G100000
00000000000000000000010000000000000010000000000000
0000000000000000000000000000000000000000A000000000
00000000000000000000000000000000000000000000000010
00000000000000000000000000000000000000000000000000
00100000000000000000000000000000100000000000000000
0000000000000000000000G000000
>23_1
00000000000000000000000000000000000100000000000000
00000000000G00000000000000000000000000000000000000
00000000010000000000000000010000000000000000000000
00000000000000000000000000000000000000000000000000
00000000000000000000000000000000000000000000000000
00000000010000000000000000000000000000000000010000
00000000000000000000000000000000000000000000000000
00000000100000000000000000000000000000000000000000
00000001000000000000000000000010000010000000000000
00000000000000000000000000000000000000000000000100
10000000000000000000000000000000000000000000100000
0000000000100000000000000000000001000000000G000000
00000000000000000000000000000000000000000000000000
0000010000000000000011010000000000000000A001000000
00000000000000000001000000000000000000000010000000
00000000000000000000000000000000000000000000000000
00000000010000000000000000000000000000000000000000
0000000000000000000000G000000
>23_2
00000000000000000000000000000000000100000000000000
00000000000G00000000000000000000000000000000000000
00000000010000000000000000000000000000000000000000
00000000000000000000000000000000000000000000000000
00000000000000000000000000000000000000000000000000
00000000000000000000000000000000000000000000010000
00000000000000000000000000100000000000000000000000
00000000100000000000000000000000000000000000000000
00000001000000000000000000000010000010000000000000
00000000000000000000000000000000000000000000000100
10000000000000000000000000000000000000000000100000
0000000000100000000000000000000001000000000G000000
00000000000000000000000000000000000000000000000000
0000010000000000000011010000000000010000A001000000
00000000000000000001000000000000000000000010000000
00000000000000000000000000000000000000000000000000
00000000010000000000000000000000000000000000000000
0000000000000000000000G000000
>24_1
00000000000000000000000000000000000000000010000000
00000000000G00000000000000000000000000000000000000
00000000000000000000000000000000000000000000000000
00000000000010000000000000000000001000000000000001
00000000000000000000000100000000000000000000000000
00000000000000000000000000100000000000000000000000
00000000000000000000000000000000000000000000000000
00000000000000000000100000000000000000000001000100
00000000000000000000000000000000000000000000000000
00000000000000000000000000100000000000001000000000
00000000000000010000000000000000000000000000000000
0000000000000000000000000000000010000000000G000000
00000000000000000000000000000000000000000000000001
0010000000000000000000000000000000000000A000000000
00000001000000000000100000000000000000000000000000
00000000000000000000000000000000000000000000000000
00110000000000000000000000001000100000000000000000
0000000000100000000000G000000
>25_1
00000000000000000000000000000000000100000000000000
00000000000G00000000000000000000000000000000000000
00000000000000000000000000000000000000000000000000
00000000000000000000000000000000000000000000000000
00000000000000000000000000000000000000000000000000
00000000000000000000000000000000000000000000010000
00000000000000000000000000000000000000000000000000
00000000100000000000000000000000000000000000000000
00000001000000000000000000000000000000000000000100
00000000000000000000000000000000000000000000000100
10000000000000000000000000000000000000000000100000
0000000000100000000000000000000001000000000G000000
00000000000000000000000000000000000000000000000000
0000010000000000001011010010000000000000A001000000
00000000000000000001000000000000000000000010000000
00000000000000000000000000000000000000000000000000
00000000010000000000000000000000000000000000000000
0000000000000000000000G000000
>26_1
00110000001000000000000000000100000000000000000000
10000000000G00000000000000000000000000000000000000
00000000000000000000000000000000000000000000000000
00000000001100000000100000000000010000000010000000
10000000000000000010000000000000000000000000010000
00000000100000000000000100000100000000000000000000
00000000000000000000000100000000100000000100000000
00000010001000000000001000000000000100000000001000
00000000100000100000010001100000000000000000000000
00100000001100000000000010000000100000000000000000
00000000000000000000000000100100000000010000000000
0000000000000000000010000000000000000000100G001000
00000000000000000000000000000010000000100011000000
0000000000000010110000000000000000000000A000000001
00000000000000000000010000000000000010000100000000
10100000000000010000001000000001000010000000001100
00000000000001000000000000000100000000000000000000
0000001000000100000000A000000
>27_1
10000000000101101000000000001000100010000000101100
00010000000T01001111100011100010011000100001010001
10000000100101000000100011100000001000000100011101
00000000100000000100000011000111000000000011100000
00001001000001000100000001000100011000000001001100
10000001001000000010000001001100000000100000000001
00000000000000000010000000000100111000010010001000
10000101001101100100001000011001100000000010000000
00101000110011000111000101000101010101010100000000
01100100010001000000100100000011111000000001001000
00000100000000000000000001111100101011000001010110
0010010010001110110000100010000000000010000G011100
00010000010000000001001100000000001000100001000000
0000100000010010010000001000110100000001C100110001
00000100100011000000000010000010000000000100101100
10000101100000000101001100100000000010000000000011
01001011100001000000110000000110000001010000010001
0100001000010100000010G011111
>28_1
00000001000000000000000000000000000000000000010000
00000000000G00000000000000000100000001000000000000
00000000000000000000000000000000000000000000000000
10000000000001000000000000000000001000000000000001
00100000000000000000000000000000000000000000000000
00000000000000000001000000000000000000000000000000
00000000000000000000000000000000000000000000000000
00000000000000000000000000000000000000000001000000
00000000000000000000000000000000000000000000000000
00000000000000000000001000000000000000001000000000
00000000000000000000000000000000000000000000000000
0000000000000000000000000000000010000000000G000000
00000000000000000000000000000000000010000000000000
0000000000000000000000000000000000000000A000000000
00000000000000000000000000000000000000000000000010
00000000000000000000000000000000000000000000000000
00100000000000000000000000000000100000000000000000
0000000000000000000000G000000
>29_1
00000000000000000000000000000000000000000000000000
00000000001G00000000000000000000000000000000000000
00000000000000000000000000000001000011000000000000
00000000010000000000000000000000000000000000000000
00000010000010000000000000000000000000000000000000
00000000000000000000000000000000000000000000000000
00000000000000000000000000000000000000000000000000
00000000000000000000000000000000000000000000000000
00000000000000000000000000000000000000000000000000
00000000000000000000000000000000000100000000000000
10000000000000000000000000000000000000000010000000
0000000100000000000000000000000000000000000G000000
00000000000000000000000000000000000000000000000000
0000000000000000000000000000000000000000A000000000
00000000000000000001000000000000000000000010000000
00000000000000000000000000000100000000000000100000
00000000001000000010000000000000000000000000000100
1000000000000000000000G000000
>29_2
00000001000000000000000000000000000000000000010000
00000000000G00000000000000000100000001000000000010
00000000000000000000000000000000000000010000000000
00000000000001000000000000000000001000000000000001
00100000000000000000000000000000000000000000000000
00000000000000000000000000000000000000000000000000
00000000000000000000000000000000000000000000000000
00000000000000000000000000000000000000000001000000
00000000000000000000000000000000000000000000000000
00000000000000000000001000000000000000001000000000
00000000000000000000000000000000000000000000000000
0000000000000000000000000000000010000000000G100000
00000000000000000000000000000000000010000000000000
0000000000000000000000000000000000000000A000000000
00000000000000000000000000000000000000000000000010
00000000000000000000000000000000000000000000000000
00100000000000000000000000000000100000000000000000
0000000000000000000000G000000
>29_3
00000001000000000000000000000000000000000000010000
00000000000G00000000000000000100000001000000000000
00000000000000000000000000000000000000000000000000
10000000000001000000000000000000001000000000000001
00100000000000000000000000000000000000000000000000
00000000000000000001000000000000000000000000000000
00000000000000000000000000000000000000000000000000
00000000000000000000000000000000000000000001000000
00000000000000000000000000000000000000000000000000
00000000000000000000001000000000000000001000000000
00000000000000000000000000000000000000000000000000
0000000000000000000000000000000010000000000G000000
00000000000000000000000000000000000010000000000000
0000000000000000000000000000000000000000A000000000
00000000000000000000000000000000000000000000000010
00000000000000000000000000000000000000000000000000
00100000000000000000000000000000100000000000000000
0000000000000000000000G000000
>30_1
00000000000000000000000000000000000000000010000000
00000000000G00000000000000000000000000000000000000
00000000000000000000000000000000000000000000000000
00000000000010000000000000000000001000000000000001
00000000000000000000000000000000000000000000000000
00000000000000000000000000100000000000000000000000
00000000000000000000000000000000000000000000000000
00000000000000000000000000000000000000000001000000
00000000000000000000000000000000000000000000000000
00000000000000000000000000000000000000001000000000
00000000000000010000000000000000000000000000000000
0000000000000000000000000000000010000000000G000000
00000000000000000000000000000000000000000000000001
0000000000000000000000000000000000000000A000000000
00000001000000000000100000000000000000000000000000
00000000000000000000000000000000000000000000000000
00110000000000000000000000001000100000000000000000
0000000000000000000000G000000
>30_2
00000000000000000000000000000000000000000000000000
00000000000G00000000000000000000000000000000000000
00000000000000000000000000000000000000000001000000
00000000000010000000000000000000001000000000000001
00000100000000000000000010000000000000000000000000
00000000000000000000000000100000000000000000000000
00000000000000000000000000000000000000000000000010
00000000000000000000000000000000000000000001000000
10000000000000000000000000000000000000000000100000
00000000000000000000000000000000000000001000000000
00000000000000000000000000000001000000000000000001
0000000000000000000000000000000010000000000G000000
00000000000000000000000000000000000000000000000000
0000000000000000000000000000000001000000A000000000
00000001000000000000100000000000000000000000000000
00000000000000000000000000000000000000000000000000
00110000000000000000000000001000100000000000000000
0000000000000000000000G000000
>31_1
00000000000000000000000000000000000000100000000000
00000000000G00000000000000000000000000000000000000
00000000000000000000000000000010000000000000000000
00000000000000000000000000000000001000000000000001
00000000000000000000000000000000000000000000000000
00000000000000000000000000000000000000000000000000
00000000010000000000001000000000000000000000000000
00001000000000000000000000000000000000000001000000
00000000000000000000000000000000000000000000000000
00000000000000000000000000010000000000001000000000
00000000000000000000000000000000000000000000000000
0000000000000000000000000000000010000000000G000000
00000000000000000000000000000000000000000000000000
0000000000000000000000000000000000000000T010000000
00000000000000000000000000000000000000000000000000
00000000000000000000000000000000000000000000000000
00100000000000000000000000000000100010000000001000
0000000000000000000000G000000
>32_1
00000000000000000000000000000000000100000000000000
00000000000G00000000000000000000000000000000000000
00000000000000000000000000000000000000000000000000
00000000000000000000000000000000000000000000000000
00000000000000000000000000000000000000000000000000
00000000000000000000000000000000000000000000010000
00000000000000000000000000000000000000000000000000
00000000100000000000000000000000000000000000000000
00000001000000000000000000000000000000000000000000
00000000000000000000000000000000000000000000000100
10000000000000000000000000000000000000000000000000
0000000000100000000000000000000001000000000G000000
00000000000000000000000000000000000000000000000000
0000010000000000000011010000000000000000A001000000
00000000000000000001000000000000000000000010000000
00000000000000000000000000000000000000000000000000
00000000010000000000000000000000000000000000000000
0000000000000000000000G000000
>32_2
00000001000000000000000000000000000000000000010000
00000000000G00000000000100000000000001000000000000
00000000000000000000000000000000000000000000000000
00000000000001000000000000000000001000000000000001
00100000000000000000000000000000000000000000000000
00000000000000000000000000000000000000000000000000
00000000000000000000000000000000000000000000000000
00000000000000000000000000000000000000000001000000
00000000000000000000000000000000000000000000000000
00000000000000000000001000000000000000001000000000
00000000000000000000000000000000000000000000000000
0000000000000000000000000000000010000000000G000000
00000000000000000000000000000000000010000000000000
0000000000000000000000000000000000000000A000000000
00000000000000000000000000000000001000000000000010
00000000000000000010000000000000000000000000000000
00100000000000000000000000000000100000000000000000
0000000000000000000000G000000
>32_3
10000000000001111000000000001001100010000000100100
00010010000T01001101100011100010011000100000010001
10011001100101000000101011100000001000000000111101
00010000100000000000000011000111100000000011100000
01001001000001000100000001000000011000000011101100
10000001001100000010000001001100000000100000000101
00000000000000000010110010000100111000010010001000
10000101001101110100001000011001100000000010000000
00101000110011000101000101000100010100010100000000
01100100010001010000100100000001100000000001001000
00000100000000000000000001110100101011000001011110
0010010010001100110000100010000000000010000G011100
00000000010000000001000101000000001000100001000000
0000000010010010010000001000110100000001C100110001
00000100100010000000000010000010000000000100101100
10000101100000000101001100100000001010000000000011
01000011100001000000010000000100000001010000010001
0100001000010100000010G010111
>33_1
00000000000000000000000000000000000000000000000000
00000000000G00000000000000000000000000000000000000
00000000000000000000000000000000000000000000000000
00000000000010000000000000000000001000000000000001
00000000000000000000000000000000000000000000000000
00000000000000000100000000000000000000000000000000
00000000000000100000000000000000000000000000000000
00000000000000000000000000000000000000000001000000
00000000000000000000000000000000000000000000000000
00000001000000000000000000000000000000001000000000
00000000000000000000000000000000000000000000000000
0000000000000000000000000000000010000000000G000000
00000000000000000000000000000000000000000000000000
0000000000000001000000000000000000000000A000000000
00000000000000000000000000000000000000000000000000
00000000000000000000000000000000000000000000000000
00110000000000000000000000001000100000000000000000
0000000000000000000000G000000
>34_1
00100000001000000000000000000100000000000000000000
10000000000G00000000000000000000000000000000000000
00000000000000000000000000000000000000000000000000
00000000001100000000100000000000010000000010000000
10000000000000000010000000000000000000000000010000
00000000000000000000000100000100000000000000000000
00000000000000000000000000000000100000000100000000
00000010001000000000001000000000000100000000001000
00000000100000100000010001100000000000000000000000
00100000001000000000000000000000100000000000000000
00000000000000000000000000100100000000010000000000
0000000000000000000000000000000000000000100G001000
00000000000000000000000000000010000000100011000000
0000000000000010010000000000000000000000A000000001
00000000000000000000010000000000000010000100000000
10100000010000010000001000000001000010000000001100
00000000000001000000000000000100000000000000000000
0000001000000100000000G000000
>35_1
00000000000000000000000000000000000000000000000000
00000000000G00000000000000000000000000000000000000
00000000000000000000000000000000000000000000000000
00000000000010000000000000000000001000000000000001
00000000000000000000000000000000000000000000000000
00000000000000000000000000000000000000000000000000
00000000000000000000000000000000000000000000000000
00000000000000000000000000000000000000000001000000
00000000000000000000000000000000000000000000000000
00000001000000000000000000000000000000001000000000
00000000000000000000000000000000000000000000000000
0000000000000000000000000000000010000000000G000000
00000000000000000000000000000000000000000000000000
0000000000000000000000000000000000000000A000000000
00000000000000000000001000000000000000000000000000
00000000000000000000000000000000000000000000000000
00110000000000000000000000001000100000000000000000
0000000000000000000000G000000
>36_1
00000000000000000000000000000000000000000000000000
00000000000G00000000000000000000000000000000000000
00000000000000000000000000000000000000000001000000
00000000000010000000000000000000001000000000000001
00000000100000000000000010000000000000000000000000
00000000000000000000000000100000000000000000000000
00000000000000000000000000000000000000000000000000
00000000000000000000000000000000000000000001000000
10000000000000000000000000000000000000000000000000
00000000000000000000000000000000000000001000000000
00000000000000000000000000000001000000000000000000
0000000000000000000000000000000010000000000G000000
00000000000000000000000000000000000000000000000000
0000000000000000000000000000000000000000A000000000
00000001000000000000100000000000000000000000000000
00000000000000000000000000000000000000000000000000
00110000000000000000000000001000100000000000000000
0000000000000000000000G000000
>36_2
00000000000000000000000000000000000000000000000000
00000000001G00000000000000000000000000000000000000
00000000000000000000000000000001000000000000000000
00000000010000000000000000000000000000000000000010
00000010000010000000000000000000000000000000000000
00000000000000000000000000000000000000000000000000
00000000000000000000000000000000000000101000000000
00000000000000000000000000000000000000000000000000
00000000000000000000000000000000000000000000000000
00000000000000000000000000000000000000000000000000
10000000000010000000000000000000000000000000000000
0000000000000000000000000000000000000000000G000000
00000000000000000000000000000001000000000000000000
0000000000000000000000000000000000000000A000000000
00000000000000000001000000000000000000000010000000
00000000000000000000000000000100000000000000000000
00000000000000000000000000000000000000000000000000
0000000000000000000001G000000
>36_3
00000000000000000000000000000000000000000000000000
00000000000G00000000000000000000000000000000000000
00000000000000000000000000000000000000000000000000
00000000000010000000000000000000001000000000000001
00000000000000000000000000000000000000000000000000
00000000000000000100000000000000000000000000000000
00000000000000000000000000000000000000000000000000
00000000000000000000000000000000000000000001000000
00000000000000000000000000000000000000100000000000
00000001000000000000000000000000000000001000000000
00000000000000000000000000000000000000000000000000
0000000000000000000000000000000010000000000G000000
00000000000000000000000000000000000000000000000000
0000000000000000000000000000000000000000A000000000
00000000000000000000000000000000000000000000000000
00000000000000000000000000000000000000000000000000
00110000000000000000000000001000100000000000000000
0000000000000000000000G000000
>37_1
00000000000000000000000000000000000000000000000000
00000000001G00000000000000000000000000000000000000
00000000000000000000000000000001000000000000000000
00000000010000000000000000000000000000000000000000
00000010000010000000000000000000000000000000000000
00000000000000000000000000000000000000000000000000
00000000000000000000000000000000000000101000000000
00000000000000000000000000000000000000000000000000
00000000000000000000000000000000000000000000000000
00000000000000000000000000000000000000000000000000
10000000000010000000000000000000000000000000000000
0000000000000000000000000000000000000000000G000000
00000000000000000000000000000000000000000000000000
0000000000000000000000000000000000000000A000000000
00000000000000000001000000000000000000000010000000
00000000000000000000000000000100000000000000000000
00000000000000000000000000100000000000000000000000
0000000000000000000000G000000
>37_2
00000000000000000000000000000000000000000000000000
00000000000G00000000000000000000000000000000000000
00000000000000000000000000000000000000000001000000
00000000000010000000000000000000001000000000000001
00000000000000000000000010000000000000000000000000
00000000000000000000000000100000000000000000000000
00000000000000000000000000000000000000000000000000
00000000000000000000000000000000000000000001000000
10000000000000000000000000000000000000000000000000
00000000000000000000000000000000000000001000000000
00000000000000000000000000000001000000000000000001
0000000000000000000000000000000010000000000G000000
00000000000000000000000000000000000000000000000000
0000000000000000000000000000000000000000A000000000
00000001000000000000100000000000000000000000000000
00000000000000000000000000000000000000000000000000
00110000000000000000000000001000100000000000000000
0000000000000000000000G000000
>38_1
10000000000101101000000000001000100010000000100100
00010000000T01001111100011100010011000100001010001
10000000100101000000100011100000001000000100011101
00000000100000000100000011000111000000000011100000
00001001000001000100000001000000011000000001001100
10000001001000000010000001001100000000100000000001
00000000000000000010000000000100111000010010001000
10000101001101100100001000011001100000000010000000
00101000110011000101000101000101010101010100000000
01100100010001000000100100000011111000000001001000
00000100000000000000000001111100101011000001010110
0010010010001110110000100010000000000010000G011100
00000000010000000001001100000000001000100001000000
0000000000010010010000001000110100000001C100110001
00000100100011000000000010000010000000000100101100
10000101100000000101001100100000000010000000000011
01001011100001000000110000000100000001010000010001
0100001000010100000010G011111
>39_1
00000000000000000000000000000000000000000000000000
00000000001G00000000000000000000000000000000000000
00000000000000000000000000000001000000000000000000
00000000000000000000000000000000000000000000001000
00000010000010000000000000000000000000000000000000
00000000000000000000000000000000000000000000000000
00000000000000000000000000000000000000000000000000
00000000000000000000000000000100000000000000000000
00000000000000000000000000001000000000000000000000
00000000000000000000000000000000000000000000000000
10000000000000000000000000000000000000000000000000
0000000000000000000000000000000000000000000G000000
00000000000000000000000000000000000000000000000000
0000000000000000000000000000000000000000A000000000
00000000000000000001000000000000000000000010000000
00000000000000000000000000000100000000000000000000
00000000000000000000000000000000000000000000000000
0000000000000000000000G000000
>40_1
00000001000000000000000000000000000000000000010000
00000000000G00000000000000000000000001000000000000
00000000000000000000000000000000000000000000000000
00000000000000000000000000000000001000000000000001
00000000000000000000000000000000000000000000000000
00000000000000000000000000000000000000000000000000
00000000000000000000000000000000000000000000000000
00000000000000000000000000000000000000000001000000
00000000000000000000000000000000000000000000000000
00000000000000000000001000000000000000001000000000
00000001000000000000000000000000000000000000000000
0000000000000000000000000000000010000000000G000000
00000000000000000000000000000000000010000000000000
0000000000000000000000000000000000000000A000000000
00000000000000000000000000001000000000000000000000
00000000000000000000000000000000000000000000000000
00100000000000000000000000000000100000000000000000
0000000000000000000000G000000
>40_2
00000000000000000000000000000000000100000000000000
00000000000G00000000000000000000000000000000000000
00000000000000000000000000000000000000000000000000
00000000000000000000000000000000000000000000000000
00000000000000000000000000000000000000000000000000
00000000000000000000000000000000000000000000010000
00000000000010000000000001000000000000000000000000
00000000100000000000000000000000000000000000000000
00000001000000000000000000000000000000000000000000
00000000000000000000000000000000000000000000000100
10000000000000000000000000000000000000000000000000
0000000000000000000000000000000001000000000G000000
00000000000000000000000000000000000000000000000000
0000010000000000000011010000000000000000A001000000
00000000000000000001000000000000000000000010000000
00000000000000000000000000000000000000000000000000
00000000010000000000000000000000000000000000000000
0000000000000000000000G000000
>41_1
00000000000000000000000000000000000000000000000000
00000000011G00000000000000000000000000000000000000
00000000000000000100000000000001000000000000000000
00000000000000000000000000000000000000000000000000
00000010000010000000000000000000000000000000000000
00000000000000000000100000000000000000000000000000
00000000000000000000000000000000000000000000000000
00000000000000000000000000000000000000000000000000
00000000000100000000000000000000000000000000000000
00000000000000000000000000000000000000000000000000
10000000000000000000000000000000000000000000000000
0000000000000001000000000000000000000000000G000000
00000000000001000000000000000000000000000000000000
0000000000000000000000000000000000000000A000000000
00000000000000000001000000000000000000000010000000
00000000000000000000000000000100000000000000000000
00000000000000000000000000000000000000000000000000
0000000000000000000000G000000
>42_1
10000000000101101000000000001000100010000000100100
00010000000T01001101100011100010011000100000010001
10000000100101000000100011100000001000000000011101
00000000100000000100000011000111000000000011100000
00001001000001000100000001000000011000000001001100
10000001001000000010000001001100000000100000000001
00000000000000000010000000000100111000010010001000
10000101001101100100001000011001100000000010000000
00101000110011000101000101000101010101010100000000
01100100010001000000100100000001111000000001001000
00000100000000000000000001111100101011000001010110
0010010010001110110000100010000000000010000G011100
00000000010000000001001100000000001000100001000000
0000000000010010010000001000110100000001C100110001
00000100100011000000000010000010000000000100101100
10000101100000000101001100100000000010000000000011
01001011100001000000110000000100000001010000010001
0100001000010100000010G011111
>42_2
10000000000101101000000000001000100010000000100100
00010000000T01001101100011100010011000100000010001
10000000100101000000100011100000001000000000011101
00000000100000000101000011000111000000000011100000
00001001000001000100000001000000011000010001001100
10000001001000000010000001001100000000100000000001
00000000000000000010000000000100111000010010001000
10000101001101100100001000011001100000000010000000
00101000110011000101000101000100010101010100000000
01100100010001000000100100000001111000000001001000
00000100000000000000000001111100111011100001010110
0010010010001110110000100010000000010010000G011100
00000000010000001001001100000000101000100001000000
0000000000010010010000001000110100000001C100110001
00000100100010000000000010000010000000000100101100
10000101100000000101001100100000000010000000010011
01001011100001000000110000000100000001010000010001
0100001000010100000010G010111
>43_1
00000000000000000000000000000000000100000000000000
00000000000G00000000000000000000000000000000000000
00000000000000000000000000000000000000000000000000
00000000000000000000000000000000000000000000000000
00000000000000000000010000000000000000000000000000
00000000000000000000001000000000000000000000010000
00000000000000000001000000000000000000000000010000
00000000100000000000000000000000000000000000000000
00000000000000000000000000000000000000000000000000
00000000000000000000000000000000000000000000000100
10000000000000000000000000000000000000000000000000
0000000000000000000000000000000001000001000G000000
00000000000000000000000000000000000000000000000000
0000010000000000000000010000000000000000A001000000
00000000000000000001000000000000000000000010000000
00000000000000000000000000000000000000000000000000
00000000010000000000000000000000000000000010000000
0000000000000000000000G000000
>44_1
10000000000101101000000000001000100010000000100100
00010000000T01001101100011100010011000100000010001
10100000100101000000100011100000001000000000011101
00000000100000000100000011000111000000000011100000
00001001000001000100000001000000011000000001001100
10000001001000000010000001001100000000100000000001
00000000000000000010000000000100111000010010001000
10000101001101100100001000011001100000000010000000
00101000110011000101000101000101010101010100000000
01100100010001000000100100000001111000000001001000
00000100000000000000000001111100101011000001010110
0010010010001110110000100010000000000010000G011100
00000000010000000001001100000000001000100001000000
0000000000010010010000001000110100000001C100110001
00000100100011000000000010000010000000000100101100
10000101100000000101001100100000000010000000000011
01001011100001000000110000000100000001010000010001
0100001000010100000010G011111
>45_1
10000000000101101000000000001000100010000000100100
00010000000T01001101100011100010011000100010010001
10000000100101000000100011100000001000000000011101
00000000100000000101000011000111000000000011100000
00001001000001000100000001000000011000010001001100
10000001001000000010000001001100000000100000000001
00000000000000000010000000000100111000010010001000
10000101001101100100001000011001100000000010000000
00101000110011000101000101000100010101010100000000
01100100010001000000100100000001111000000001001000
00000100000000000000000001111100111011100001010110
0010010010001110110000100010000000000010000G011100
00000000010000001001001100000000001000100001000000
0000000000010010010000001000110100000001C100110001
00000100100010000000000010000010000000000100101100
10000101100000000101001100100000000010000000010011
01001011100001000000110000000100000001010000010001
0100001000010100000010G010111
>45_2
00000000000000000000000000000000000000000000000000
00000000000G00000000000000000000000000000000000000
00000000001000100000000000000000000000000000000000
00000000000000000000000000000000001000000000000001
00000000000000000000000000000001000000000000000000
00000000000000000000000000000000000000000000000010
00000000000000000000000000000000000000000000000000
00000000000000000000000000000000000000000001000000
00000000000000000000000000010000000000000000000000
00000000000000000000000000000000000000001000000000
00000000000000000000000100000000000000000000000000
0000000000000000000000000000010010000000000G000000
10000000000000000000000000000000000000000000000000
0000000000000000000000000000000000000000A000000000
00100000000000000000000000000000000000000000000000
00000000000000000000110000001000000000000000000000
00100000000000000000000000000000100000000000000000
0000000000000000000000G000000
>46_1
00000000000000000000000000000000000100000000000000
00000000000G00000000000000000000000000000000000000
00000000000000000000000000000000000000000000000000
00000000000000000000000000000000000000000000000000
00000000000000000000000000000000000000000000000000
00000000000000000000000000000000000000000000010000
00000000000000000000000000000000000000000000000000
00000000100000000000000000000000000000000000000000
00000001000000000000000000000000000000000000000000
00000000000000000000000000000000000000000000000100
10000000000000000000000000000000000000000000000000
0000000000000000000000000000000001000000001G000000
00000000000000000000000000000000000000000000000000
0000010000000000000011010000000000000000A001000000
00000000000000000001000000000000000000000010000000
00000000000000000000000000000000000000000000000000
00000000010000000000000000000000000000000000000000
0000000000000000000000G000000
>46_2
00000000000000000000000000000000000000000000000000
00000000000G00000000000000000000000000000000000000
00000000001000100000000000000000000000000000000000
00000000000000000000000000000000001000000000000001
00000000010000000000000000000000000000000000000000
00010000000000000000000000000000000000000000000000
00000000000000000000000000000000000000000000000000
00000000000000000000000000000000000000000001000010
00000000000000000000000000000000000000000000000000
00000000000000000000000000001000000000001000000000
00000000000000000000010100000000000000000000000000
0000100000000000000000000000010010000000000G000000
00000000000000000000000000000000000000000000000010
0000000000000000000000000000000000000000A000000000
00000000000000000010000000000000000000000000000000
00000000000000000000000000000000000000000000000000
00100000000000000000000000000000100000000000000000
0000000000000000000000G000000
>47_1
00000000000000000000000000000000000100000000000000
00000000000G00000000000000000000000000000000000000
00000000000000000000000000000000000000000000000000
00000000000000000000000000000000000000000000000000
00000000000000000000010000000000000000000000000000
00000000000000000000001000000000000000000000010000
00000000000000000001000000000000000000000000010000
00000000100000000000000000000000000000000000000000
00000000000000000000000000000000000000000000000000
00000000000000000000000000000000000000000000000100
10000000000000000000000000000000000000000000000000
0000000000000000000000000000000001000001000G000000
00000000000000000000000000000000000000000000000000
0000010000000000000000010000000000000000A001000000
00000000000000000001000000000000000000000010000000
00000000000000000000000000000000000000000000000000
00000000010000000000000000000000000000000000000000
0000000000000000000000G000000
>47_2
10000000000101101000000000001000100010000000100100
00010000000T01001101100011100010011000100000010001
10000000100101000000100011100000001000000000011101
00000000100000000101000011001111000000000011100000
00001001000001000100000001000000011000011001001100
10000001001000000010000001001100000000100000000001
00000000000000000010000000000100111000010010001000
10000101001101100100001000011001100000000010000000
00101000110011000101000101000100010101010100000000
01100100010001000000100100000001111000000001001000
00000100000000000000000001111100111011100001010110
0010010010001110110000100010000000000010000G011100
00000000010000001001001100000000001000100001000000
0000000000010010010000001000110100000001C100110001
00000100100010000000000010000010000000000100101100
10000101100000000101001100100000000010000000010011
01001011100001000000110000000100000001010000010001
0100001000010100000010G010111
>48_1
00000000000000000000000000000000000100000000000000
00000000000G00000000000000000000000000000000000000
00000000000000000000000000000000000000000000000000
00000000000000000000000000000000000000000000000000
00000000000000000000100000000000000000000000000000
00000000000000000000000000000000000000000000010000
00000000000000000000000000000000000000000000000000
00000000100000000000000000000000000000010000000000
00000000000000000000000000000000000000000000000000
00000000000000000000000000000000000000000000000100
10000000000000000000000000000000000000000000000000
0000000000000000000000000000000001000000000G000000
00000000000000000000000000000000000000000000000000
0000010000000000000000010000000000000000A001000000
00000000000000000001000000000000000000000010000000
00000000000000000000000000000000000000000000000000
00000000010000000000000000000000000000000000000000
0000000000000000000000G000000
>49_1
10000000000001111000000000001000100010000000100100
00010000000T01001101100011100010011000100000010001
10010001100101000000100011100000001000000000011101
00000000100000000000000011000111100000000011100000
00001001000001000100000001000000011000000001001100
10000001001100000010000001001100000000100000000001
00000000000000000010100000000100111000010010001000
10000101001101100100001000011001100000000010000000
00101000110011000101000101000100010100010100000000
01100100010001000000100100000001100000000001001000
00000100000000000000000001110100101011000001011110
0010010010001100110000100010000000000010000G011100
00000000010000000001000100000000001000100001000000
0000000010010010010000001000110100000001C100110001
00000100100010000000000010000010000000000100101100
10000101100000000101001100100000000010000000000011
01000011100001000000010000000100000001010000010001
0100001000010100000010G010111
>49_2
00000000000000000000000000000000000000000000000000
00000000000G00000000000000000001000000000000000000
00000000000000000000000000000000000000100000000000
00000000000000000000000000000000000000000000000000
00000000000000000000000000000000000000000000000000
00000000000000000000000000000000000000000010000000
00000000000000000000000000000000000000000000000000
00000000000000000000000000000000000000000000100000
00000000000000000000000000000000000000000000000000
00000010000000000000000000000000000000000000000000
10000000000000000000000000000000000000000000000000
0000000000000000000000000000000000000000000G000000
00000000000010000000000000000000000000000000000000
0000000000000000000000000000000000000000A000000000
00000000000000000000000000000000000000000010000000
00000000000000000000000000000000000000000000000000
00000000000000000000000000000000000000000000000000
0000000000000000000000G000000
>50_1
00000000000000000000000000000000000000000000000000
00000000000G00000000000000000000100000000000000000
00000000001000100000000000000000000000000000000000
00000000000000000000000000000000001000000000000101
00000000000000000000000000000000000000000000000000
00000000000000000000000000000000000000000000000000
00000000000000000000000000000000000000000000000000
00000000000000000000000000000000000000000001000000
00000000000000000000000000000000000000000000000000
00000000000000000000000000000000000000001000000000
00000000000000000000000100000000000000000000000000
0000000000000000000000000000010010000000000G000000
00000000000000000010000000000000000000000000000000
0000000000000000000000000000000000000000A000000000
00000000000000000000000000000000000000000000000000
00000000000000000000000000000000000000000000000000
00100000000000000000000000000000100000000000000000
0000000000000000000000G000000
>50_2
00000000000000000000000000000000000000000000000000
00000000001G00000000000000000000000000000000000000
00000000000000000000000000000001000000000000000000
00000000000000000000000000000000000000000000000000
00000010000010000000000000000000000000000000000000
00000000000000000000100000000000000000000000000000
00000000000000000000000000000000000000000000000000
00000000000000000000000000000000000000000000000000
00000000000000000000000000000000000000000000000000
00000000000000000000000000000000000000000000000000
10000000000000000000000000000000000000000000000000
0000000000000000000000000000000000000000000G000000
00000000000001000000000000000000000000000000000000
0000000000000000000000000000000000000000A000000000
00000000000000000001000000000000000000000010000000
00000000000000000000000000000100000000000000000000
00000000000000000000000000000000000000000000000000
0000000000000000000000G000000
>50_3
00000000000000000000000000000000000100000000000000
00000000000G00000000000000000000000000000000000000
00000000000000000000000000000000000000000000000000
00000000000000000000000000000000000000000000000000
00000000000000000000000000000000000000000000000000
00000000000000000000000000000000000000000000010000
00000000000000000000000000000000000000000000000000
00000000100000000000000000000000000000000000000000
00000000000000000000000000000000000000000000000000
00000000000000000000000000000000000000000000000100
10000000000000000000000000000000000000000000000000
0000000000000000000000000000000001000000000G000000
00000000000000000000000000000000000000000000000000
0000010000000000000001010000000000000000A001000000
00000000000000000001000000000000000000000010000000
00000000000000000000000000000000000000000000000000
00000000010000000000000000000000000000000000000000
0010000000000000000000G000000
>50_4
00000000000000000000000000000000000000000000000000
00000000000G00000000000000000001000000000000000000
00000000000000000000000000000000000000100000000000
00000000000000000000000000000000000000000000000000
00000000000000000000000000000000000000000000000000
00000000000000100000000000000000000000000010000000
00000000000000000000000000000000000000000000000000
00000000000000000000000000000000000000000000100000
01000000000000000000000000000000000000000000000000
00000010000000000000000001000000000000000000000000
10000000100000000000000000000000000000000000000000
0000000000000000000000000000000000000000000G000000
00000000000010000000000000000000000000000000000000
0000000000000000000000000000000000000000A000000000
00000000000000000000000000000000000000000010000000
00000000000000000000000000000000000000000000000000
00000000000000000000000000000000000000000000000000
0000000000000000000000G000000
>50_5
10000000000101101000000000001000100010000000100100
00010000000T01001101100011100010011000100000010001
10000000100101000000100011100000001000000000011101
00000000100000000101000011000111000000000011100000
00001001000001000100000001000000011000010001001100
10000001001000000010000001001100000000100000000001
00000000000000000010000000000100111000010010001000
10000101001101100100001000011001100000000010000000
00101000110011000101000101000100010101010100000000
01100100010001000000100100000001111000000001001000
00000100000000000000000001111100111011100001010110
0010010010001110110000100010000000000010000G011100
00000000010000001001001100000000001000100001000000
0000000000010010010000001000110100000001C100110001
00000100100010000000000010000010000000000100101100
10000101100000000101001100100000000010000000010011
01001011100001000000110000000100000001010000010001
0100001000010100000010G010111
>50_6
00000000000000000000000000000000000000000000000000
00000000000G00000000000000000000000000000000000000
00000000001000100000000000000000000000000000000000
00000000000000000000000000000000001000000000000001
00000000000000000000000000000000000000000000000000
00000000000000000000000000000000000000000000000010
00000000000000000000000000000000000000000000000000
00000000000000000000000000000000000000000001000000
00000000000000000000000000010000000000000000000000
00000000000000000000000000000000000000001000000000
00000000000000000000000100000000000000000000000000
0000000000000000000000000000010010000000000G000000
10000000000000000000000000000000000000000000000000
0000000000000000000000000000000000000000A000000000
00000000000000000000000000000000000000000000000000
00000000000000000000010000000000000000000000000000
00100000000000000000000000000000100000000000000000
0000000000000000000000G000000
>51_1
10000000000001111000000000001000100010000000100100
00010000000T01001101100011100010011000100000010001
10010001100101000000100011100000001000000000011101
00000000100000000000000011000111100000000011100000
00001001000001000100000001000000011000000001001100
10000001001100000010000001001100000000100000000001
00000000000000000010100000000100111000010010001000
10000101001101100100001000011001100000000010000000
00101000110011000101000101000100010100010100000000
01100100010001000000100100000001100000000001001000
00000100000000000000000001110100101011000001011110
0010010010001100110000100010000000000010000G011100
00000000010000000001000100000000001000100001000000
0000000010010010010000001000110100000001C100110001
00000100100010000000000010000010000000000100101100
10000101100000000101001100100000000010000000000011
01000011100001000000010000000100000001010000010001
0100001000010100000010G010111
>52_1
10000000000001111000000000001000100010000000100100
00010000000T01001101100011100010011000100000010001
10010001100101000000100011100000001000000000011101
00010000100000000000000011000111100000000011100000
01001001000001000100000001000000011000000001101100
10000001001100000010000001001100000010100000000101
00000000000000000010100000000100111000010010001000
10000101001101100100001000011001100000000010000000
00101000110011000101000101000100010100010100000000
01100100010001000000100100000001100000000001001000
00000100000000000000000001110100101011000001011110
0010010010001100110000100010000000000010000G011100
00000000010000000001000101000000001000100001000000
0000000010010010010000001000110100000001C100110001
00000100100010000000000010000010000000000100101100
10000101100000000101001100100000000010000000000011
01000011100001000000010000000100000001010000010001
0100001000010100000010G010111
>53_1
00000000000000000000000000000000000000000000000000
00000000000G00000000000000000000000000000000000000
00000000000000000000000000000000000000000000000000
00000000000000000000010000000000000000000000000000
00000000000000000000000000000000000000000000000000
00000000000000000000000000000000000000000010000000
00000000000000000000000000000000000000000000000000
00000000000000001000000000000000000000000000000000
00000000000000000000000000000000000000000000000000
00000000000000000000000000000000000000000000000000
10000000000000000000000000000000000000000000000000
0000000000000000000100000000000000000000000G000000
00001000000000000000000000000000010000000000000000
0000000000000000000000000000000000000000A000000000
00000000000000000000000000000000000000000010000000
01000000000000000000000000000000000000000000000000
00000000000000000000000000000000000000000000000000
0000000000000000000000G000000
>54_1
10000000000001101000000000000000100011000000100100
00010000000T01011101100011100010011000100000010001
10000000100101000000010011100100001000001000010101
00000000000000000000000010000110000000000011100000
00001001001001000100000001000000011000000001001101
10000001001000010000000001001100000000100000000001
01000000000000000010000000000100111000010010001000
00000101001101100110001000010000100000000010000000
00101000110011000001000101000100010100010000000000
01110100000001000000100100000001100000000001001000
00000100000100000000000001110100101011000001010100
0010011000001100110000100010000000000010000C011100
00000100010100000000000100000000001000100001000000
0000000000010010010000001000110100000001C000110001
00000100100010000000000010000001000000000100101100
10000101100000000101001100100000000011000000000010
01000001100001000000010000000100000001010000000001
0100001000010100000010G000101
>55_1
10000000000001101000000000000000100011000000100100
00010000000T01011101100011100010011000100000010001
10000000100101000000010011100100001000001000010101
00000000000000000000000010000110000000000011100000
00001001001001000100000001000000011000000001001100
10000001001000000000000001001100000000100000000001
00000000000000000010000000000100111000010010001000
00000101001101100110001000010000100000000010010000
00101000110011000001000101000100010100010000010000
01100100000001000000100100000001100000000001001000
00000100000000000000000001110100101011000001010100
0010011000001100110000100010001000000010000G011100
00000000010100000000000100000000001000100001000000
0000000000010010010000001000110100000001C000110001
00000100101010000000000010100001000000000100101100
10000101100100000101001100100000000011000000000010
01000001100001000000010000000100000001010000000001
0100001000010100000010G000101
>56_1
00000000000001000100000101000000000000000000000000
00000000000A01000000000000000000000000000000010000
00000110000000000000000000000000001000000000000001
00100000000000000000000010010000000101000010000000
00000000000000000000000000000000000101000000000000
00000000000000000000000000000100000000000000000001
00000000000000000000000000000000100000000000000000
00000000001000100000001000000000100000000010000000
00010110100000000000000001000000000000000000000000
00100000000000000000000000000000100000000000000000
00100010010000000000000000110100000000000000010000
0000000000000000000000000001000000000000000G001000
00000010000000000000000000000000000000110001000000
0000000000000110010000000001000000000000A000100001
00000000100010000000000000000000000001000100000001
10000100000000000000001010000000000010010100000000
01000001000001000100010000000100000000010000000000
0000001000000100101000C000001
>57_1
00001000001000000000000000000000000000000000000000
10000000000G00000000000000000000000000000000000000
00000000000000000000000000000000000000000000000000
00000000001100000000000000000000000000000010000000
00000000000000000010000000000000000000000000000000
00000000000000000000000100000100000000000000000000
00000000000000000000000000000000100000000000000000
00000000001000000000001000000000000000000000000000
00000000100000000000000001000000000000000000000000
00100000000000000000000000000000100000000000000000
00000000000000000000000000100100000000000000000000
0000000000000000000000000000000000000000100G001000
00000000000000000000000000000010000000100001000000
0000000000000010010000000000000000000000A000000001
00000000000000000000000000000000000000000100000000
10000000000000000000001000000000000010000000000000
00000000000001000000000000000100000000000000000000
0000001000000100000000G000000
>58_1
10000000000001101000000000001000100010000000100100
00010000000T01001101100011100010011000100000010001
10000000100101000000100011100000001000000000011101
00000000100000000000000010000110000000000011100000
00001001000001000100000001000000011000000001001100
10000001001000000000000001001100000000100000000001
00000000000000000010000000000100111000010010001000
00000101001101100100001000010000100000000010000000
00101000110011000101000101000100010100010100000000
01100100010001000000100100000001100000000001001000
00000100000000000000000001110100101011000001010100
0010010000001100110000100010000000000010000G011100
00000000010000000001000100000000001000100001000000
0000000000010010010000001000110100000001C100110001
00000100100010000000000010000000000000000100101100
10000101100000000101001100100000000010000000000011
01000011100001000000010000000100000001010000000001
0100001000010100000010G000111
>59_1
10000000000001101000000000000000100010000000100100
00010000000T01001101100011100010011000100000010001
10000000100101000000000011100000001000000000010101
00000000000000000000000010000110000000000011100000
00001001000001000100000001000000011000000001001100
10000001001000000000000001001100000000100000000001
00000000000000000010000000000100111000010010001000
00000101001101100100001000010000100000000010000000
00101000110011000001000101000100010100000000000000
01100100000001000000100100000001100000000001001000
00000100000000000000000001110100101011000001010100
0010010000001100110000100010000000000010000G011100
00000000010000000000000100000000001000100001000000
0000000000010010010000001000110100000001C000110001
00000100100010000000000010000000000000000100101100
10000101100000000101001100100000000010000000000010
01000001100001000000010000000100000001010000000001
0100001000010100000010G000101
>60_1
11000000000001101000000000000000100010000000100100
00000000000T01001101100011100010001000100000010001
10000000000101000000000011100000001000000000010101
00000000000000100000000010000110000000000011100000
00000000000001100100000001100000011000000001001100
10000100001000000000000001011100000000100000000001
00000000000000000010000000000100111000010010001000
00000101001101100100001000010000100000000010000000
00101000110011000001000001000100010100000000000001
01100100000000000000100100000001100000000001001000
00000000000000000000001001110100101011000001010000
0010010000000100110000100010000000000010000G011010
00000000010000000000000100010000001000100001000000
0100000000010010010100000000100000000000C000110001
00000100100010000000000011000000000000000100101100
10000101100000000101001100000000000010000000000010
01000101000001000000010000000100000001110000000001
0100001000010100000010G000101