//Number of population samples (demes)
60
//Population effective sizes (number of genes)
700
1000
1000
1000
1000
1000
1000
1000
1000
1000
1000
1000
1000
1000
1000
1000
1000
1000
1000
1000
1000
1000
1000
1000
1000
1000
1000
1000
1000
1000
1000
1000
1000
1000
1000
1000
1000
1000
1000
1000
1000
1000
1000
1000
1000
1000
1000
1000
1000
1000
1000
1000
1000
1000
1000
1000
1000
1000
1000
1000
//Sample sizes
20
1 22
1 32
1 44
1 47
1 48
1 50
1 55
1 57
1 59
1 105
4 153
1 168
2 183
5 198
2 207
1 227
2 243
1 263
1 273
1 277
1 279
2 280
1 286
1 290
1 292
1 297
1 299
3 300
2 319
1 321
3 334
1 344
1 347
1 348
3 353
2 354
1 362
1 367
2 374
1 382
2 384
1 385
1 386
2 388
2 389
2 390
1 394
2 395
6 396
1 405
1 406
1 436
1 476
1 481
1 579
1 586
1 620
1 718
1 777
//Growth rates	: negative growth implies population expansion
-0.025
-0.005
-0.005
-0.005
-0.005
-0.005
-0.005
-0.005
-0.005
-0.005
-0.005
-0.005
-0.005
-0.005
-0.005
-0.005
-0.005
-0.005
-0.005
-0.005
-0.005
-0.005
-0.005
-0.005
-0.005
-0.005
-0.005
-0.005
-0.005
-0.005
-0.005
-0.005
-0.005
-0.005
-0.005
-0.005
-0.005
-0.005
-0.005
-0.005
-0.005
-0.005
-0.005
-0.005
-0.005
-0.005
-0.005
-0.005
-0.005
-0.005
-0.005
-0.005
-0.005
-0.005
-0.005
-0.005
-0.005
-0.005
-0.005
-0.005
//Number of migration matrices : 0 implies no migration between demes
0
//historical event: time, source, sink, migrants, new size, new growth rate, migr. matrix 
59  historical event 
22 1 0 1 1 0 0
32 2 0 1 1 0 0
44 3 0 1 1 0 0
47 4 0 1 1 0 0
48 5 0 1 1 0 0
50 6 0 1 1 0 0
55 7 0 1 1 0 0
57 8 0 1 1 0 0
59 9 0 1 1 0 0
105 10 0 1 1 0 0
153 11 0 4 1 0 0
168 12 0 1 1 0 0
183 13 0 2 1 0 0
198 14 0 5 1 0 0
207 15 0 2 1 0 0
227 16 0 1 1 0 0
243 17 0 2 1 0 0
263 18 0 1 1 0 0
273 19 0 1 1 0 0
277 20 0 1 1 0 0
279 21 0 1 1 0 0
280 22 0 2 1 0 0
286 23 0 1 1 0 0
290 24 0 1 1 0 0
292 25 0 1 1 0 0
297 26 0 1 1 0 0
299 27 0 1 1 0 0
300 28 0 3 1 0 0
319 29 0 2 1 0 0
321 30 0 1 1 0 0
334 31 0 3 1 0 0
344 32 0 1 1 0 0
347 33 0 1 1 0 0
348 34 0 1 1 0 0
353 35 0 3 1 0 0
354 36 0 2 1 0 0
362 37 0 1 1 0 0
367 38 0 1 1 0 0
374 39 0 2 1 0 0
382 40 0 1 1 0 0
384 41 0 2 1 0 0
385 42 0 1 1 0 0
386 43 0 1 1 0 0
388 44 0 2 1 0 0
389 45 0 2 1 0 0
390 46 0 2 1 0 0
394 47 0 1 1 0 0
395 48 0 2 1 0 0
396 49 0 6 1 0 0
405 50 0 1 1 0 0
406 51 0 1 1 0 0
436 52 0 1 1 0 0
476 53 0 1 1 0 0
481 54 0 1 1 0 0
579 55 0 1 1 0 0
586 56 0 1 1 0 0
620 57 0 1 1 0 0
718 58 0 1 1 0 0
777 59 0 1 1 0 0
//Number of independent loci [chromosome] 
1
//Per chromosome: Number of linkage blocks
1
//per Block: data type, num loci, rec. rate and mut rate + optional parameters
DNA 30000 0.0000000 0.000003 0.2