Distribution of estimated Rho values

Shuffle   Rho    Lkmax      G4     corr(r2,d)   corr(D',d)

   1     7.948  -15276784.175  78483853   0.00505   0.01218
   2     7.978  -15276558.599  82152295  -0.00410   0.00218
   3     7.748  -15276730.081  84243536  -0.00371   0.00012
   4     7.748  -15276074.260  88707415   0.00233  -0.00810
   5     8.288  -15276364.960  80477063  -0.00740   0.00628
   6     7.988  -15276277.083  83723335   0.00179   0.00047
   7     7.598  -15276612.970  82625958   0.00279   0.00317
   8     7.668  -15276506.304  84725041  -0.00034  -0.00027
   9     7.918  -15276992.487  80925743   0.00487   0.00637
  10     8.298  -15276316.847  79641180  -0.00947   0.00680
  11     7.928  -15276320.273  83550028  -0.00928   0.00274
  12     7.888  -15276341.105  84697506  -0.00362  -0.00095
  13     7.888  -15276387.428  83861240   0.00145  -0.00029
  14     8.018  -15276075.151  84571665  -0.00204   0.00243
  15     7.848  -15276940.876  80433346  -0.00091   0.00626
  16     8.088  -15276453.777  83414995   0.00465  -0.00112
  17     8.018  -15276179.502  82655967  -0.00575   0.00213
  18     7.788  -15276632.131  81373890   0.00506   0.00594
  19     7.638  -15276855.689  81550505   0.00601   0.00644
  20     8.088  -15276945.860  76917249  -0.00041   0.01544
  21     8.188  -15276489.230  77351395  -0.00797   0.01412
  22     8.088  -15276536.350  77070091  -0.00668   0.01469
  23     8.008  -15276381.933  86158111  -0.00015  -0.00452
  24     7.818  -15276619.833  86028663   0.00355  -0.00427
  25     8.258  -15276151.119  82477241   0.00435  -0.00023
  26     8.158  -15276040.513  85004364  -0.00145  -0.00256
  27     7.858  -15276422.986  82373869  -0.00356   0.00362
  28     7.748  -15276395.908  87038936  -0.00159  -0.00782
  29     7.638  -15276515.858  88625591   0.00311  -0.00916
  30     7.708  -15276452.056  87030808   0.00942  -0.00355
  31     7.918  -15276622.873  80948553  -0.00052   0.00553
  32     7.888  -15276866.009  79747047  -0.00461   0.01048
  33     7.788  -15275922.470  89809072  -0.00030  -0.01287
  34     7.898  -15276838.114  80966449   0.00675   0.00637
  35     7.738  -15276673.019  84314140   0.00143  -0.00165
  36     7.658  -15276453.457  87122950   0.00509  -0.00476
  37     7.828  -15276104.115  88597624   0.00948  -0.01433
  38     8.058  -15275950.678  86289576  -0.00424  -0.00648
  39     7.848  -15276534.536  83169544  -0.00533   0.00223
  40     8.078  -15276332.790  79754447   0.00020   0.01230
  41     7.958  -15276756.390  76465593   0.00100   0.01553
  42     7.818  -15276250.221  86047152   0.00346  -0.00497
  43     8.058  -15276157.074  85048906  -0.00413  -0.00180
  44     7.928  -15276144.096  86003755   0.00499  -0.00614
  45     7.748  -15276474.975  82455167   0.00405   0.00384
  46     7.788  -15276305.212  84252994  -0.00097   0.00047
  47     8.038  -15276564.394  82078368   0.00140   0.00395
  48     7.918  -15276472.274  86575619   0.00642  -0.00688
  49     7.798  -15276614.430  83574461   0.00270   0.00009
  50     7.988  -15276267.378  85879978  -0.00014  -0.00457
  51     7.608  -15276052.825  89315651  -0.00485  -0.01046
  52     8.238  -15276038.724  84166754   0.00114  -0.00347
  53     7.998  -15276646.491  81384044   0.00394   0.00648
  54     7.568  -15276138.054  92517122   0.00824  -0.01886
  55     7.848  -15276917.398  80080230   0.00185   0.00901
  56     7.988  -15276577.867  81494579  -0.00023   0.00538
  57     7.758  -15276290.496  86273543  -0.00236  -0.00416
  58     7.838  -15276187.248  89107186   0.00473  -0.00962
  59     7.988  -15276217.908  84462194  -0.00204  -0.00177
  60     7.968  -15276260.625  83036545  -0.00474   0.00219
  61     8.078  -15276606.359  79033616  -0.00550   0.01194
  62     7.848  -15276645.790  81225439  -0.00026   0.00725
  63     7.708  -15276400.854  86329361  -0.00105  -0.00588
  64     7.988  -15275820.365  86684734  -0.00180  -0.00536
  65     7.918  -15276704.899  82181853   0.01028   0.00208
  66     8.028  -15275751.551  87822590  -0.00714  -0.00856
  67     8.118  -15276084.614  82168016  -0.01171   0.00097
  68     8.108  -15276206.993  83140983  -0.00331   0.00106
  69     7.958  -15276003.918  87399869  -0.00211  -0.01069
  70     8.118  -15276409.456  83033256  -0.00324   0.00095
  71     7.618  -15276836.184  85940854   0.00663  -0.00492
  72     7.808  -15276454.105  86215422   0.00909  -0.00276
  73     8.008  -15276195.304  82446495   0.00003   0.00513
  74     7.858  -15276821.130  81305387   0.00278   0.00491
  75     7.958  -15276198.051  82951963  -0.00201   0.00288
  76     8.058  -15276394.539  79872489  -0.00764   0.00805
  77     7.758  -15276615.844  85331409   0.00550  -0.00430
  78     8.188  -15276186.587  84611908   0.00084  -0.00235
  79     8.128  -15276765.947  77749423   0.00130   0.01096
  80     8.018  -15276937.171  78947749   0.00004   0.00983
  81     7.918  -15276148.582  86350832  -0.00223  -0.00688
  82     7.768  -15276401.893  84407950   0.00422   0.00029
  83     8.088  -15276207.000  83671275  -0.00408   0.00095
  84     7.958  -15276528.698  82940201   0.00352   0.00238
  85     7.718  -15276128.615  88025556   0.00712  -0.00797
  86     8.248  -15276470.404  80265658  -0.00378   0.00679
  87     8.108  -15276455.821  83626835   0.00103  -0.00020
  88     7.708  -15276788.952  80908981  -0.00607   0.00485
  89     7.798  -15276444.425  82919506   0.00396   0.00050
  90     7.978  -15276567.631  81777992   0.00086   0.00370
  91     7.528  -15276634.406  85905028  -0.00157  -0.00276
  92     8.148  -15276182.870  82671354  -0.00760   0.00134
  93     7.838  -15276395.600  81923956   0.00602   0.00433
  94     7.818  -15276053.333  87469891   0.00331  -0.00705
  95     7.558  -15276673.871  83733835   0.00899   0.00018
  96     7.808  -15276040.860  89107565   0.00434  -0.00976
  97     7.938  -15276043.535  85901826   0.00067  -0.00456
  98     7.958  -15275980.675  85570100  -0.00714   0.00072
  99     8.228  -15276236.607  80676009  -0.00574   0.00648
 100     8.208  -15275843.528  85530227  -0.00514  -0.00392
 101     7.748  -15276472.371  86393406   0.00566  -0.00522
 102     7.958  -15276471.024  82408400   0.00166   0.00114
 103     8.278  -15276218.260  80542759   0.00000   0.00262
 104     8.058  -15276820.253  81756633   0.00724   0.00474
 105     7.908  -15276739.333  80000470  -0.00342   0.00789
 106     7.808  -15276855.760  81296825   0.00524   0.00615
 107     7.698  -15276691.528  86226899   0.00646  -0.00429
 108     7.908  -15276356.772  82834420   0.00670   0.00219
 109     7.628  -15276070.400  89850515  -0.00251  -0.00987
 110     7.888  -15276060.639  85190136  -0.00201  -0.00306
 111     7.668  -15276140.213  90174715   0.00887  -0.01462
 112     7.588  -15276546.879  82474912  -0.00404   0.00395
 113     7.838  -15276537.859  83003472   0.00013   0.00112
 114     7.908  -15276236.012  84759531   0.00515  -0.00238
 115     7.798  -15276177.037  89227504   0.00289  -0.00946
 116     7.898  -15276489.945  85303888  -0.00005  -0.00380
 117     7.938  -15276395.339  84197865  -0.00589  -0.00380
 118     7.578  -15275770.907  92504445   0.00586  -0.01689
 119     7.788  -15276334.096  86370983   0.00358  -0.00678
 120     7.848  -15276056.276  90534059   0.00270  -0.01414
 121     7.938  -15276058.219  87509366  -0.00108  -0.00952
 122     7.858  -15276349.465  82212453   0.00045   0.00548
 123     7.808  -15276269.255  83647111   0.00322  -0.00154
 124     7.928  -15276106.947  86090218  -0.00473  -0.00551
 125     7.798  -15276679.728  83255604   0.00002   0.00046
 126     7.878  -15276318.708  84921143   0.00131  -0.00197
 127     7.638  -15276237.861  86187677   0.00082  -0.00203
 128     7.908  -15276740.233  80331520   0.00026   0.00525
 129     7.848  -15276420.408  83059719  -0.00585  -0.00002
 130     7.718  -15276484.737  86269082   0.00841  -0.00339
 131     7.788  -15276512.488  84276290   0.00359  -0.00158
 132     7.828  -15276167.422  87674159   0.00419  -0.00631
 133     7.878  -15276365.182  84598413  -0.00393  -0.00376
 134     8.028  -15276467.350  83357728  -0.00699  -0.00105
 135     8.248  -15276190.305  83192090   0.00132  -0.00306
 136     8.168  -15275956.993  85769721  -0.00760  -0.00493
 137     7.838  -15276305.358  84068845  -0.00275  -0.00041
 138     7.858  -15276051.689  85719396   0.00270  -0.00213
 139     7.838  -15276695.016  81258706  -0.00115   0.00549
 140     7.878  -15276358.202  85145117   0.00204  -0.00276
 141     7.788  -15276770.616  79902541  -0.00737   0.01013
 142     7.698  -15276708.171  81286906   0.00011   0.00618
 143     7.988  -15276603.126  83562449   0.00406  -0.00191
 144     8.268  -15275853.595  85005110  -0.00414  -0.00288
 145     7.708  -15276872.163  81587097   0.00746   0.00595
 146     7.678  -15276306.090  89378503   0.00520  -0.01168
 147     8.078  -15276411.878  84144472   0.00217   0.00123
 148     8.188  -15277052.235  71302345  -0.02068   0.02672
 149     7.808  -15276324.632  87073240  -0.00051  -0.00559
 150     7.748  -15276528.014  83868241   0.00007  -0.00001
 151     7.938  -15276118.953  89819990   0.00331  -0.01473
 152     7.838  -15276233.026  88801351   0.00123  -0.01109
 153     7.758  -15276323.093  86084683   0.00125  -0.00510
 154     7.828  -15275925.040  86938579  -0.00153  -0.00574
 155     7.858  -15275841.169  88486230  -0.00610  -0.01042
 156     7.828  -15276490.854  82785313   0.00262   0.00205
 157     7.758  -15276329.449  86840857   0.00264  -0.00819
 158     7.668  -15276736.945  83362324   0.00507  -0.00019
 159     7.878  -15276655.660  81266435  -0.00658   0.00361
 160     7.768  -15276855.134  82963880   0.00271   0.00135
 161     7.548  -15276703.324  86209011   0.00299  -0.00534
 162     7.658  -15276875.820  81742921   0.00297   0.00317
 163     8.108  -15276127.628  83382197  -0.01026   0.00050
 164     7.528  -15276721.032  89039869   0.00648  -0.01074
 165     7.788  -15276478.177  84205114  -0.00025  -0.00102
 166     7.868  -15276515.906  81984683  -0.00056   0.00562
 167     8.148  -15276337.877  79928259  -0.00019   0.00573
 168     8.018  -15276667.418  79696803  -0.00279   0.00568
 169     7.978  -15276678.817  80661241  -0.00073   0.00866
 170     7.838  -15276048.662  86679685  -0.00655  -0.00557
 171     7.538  -15276761.432  85170355  -0.00211  -0.00068
 172     8.158  -15276612.913  78501628  -0.00228   0.00907
 173     8.038  -15276288.094  86618682  -0.00481  -0.00531
 174     7.968  -15275973.852  83529356  -0.00437  -0.00042
 175     7.658  -15276402.600  86304563  -0.00009  -0.00375
 176     8.028  -15275837.282  87974626   0.00816  -0.00945
 177     8.038  -15276445.152  82408317   0.00494   0.00203
 178     7.878  -15276266.557  85942712   0.00131  -0.00281
 179     8.158  -15276247.751  83184571  -0.00666   0.00036
 180     7.798  -15276687.236  81036875   0.00704   0.00733
 181     7.748  -15276414.859  84996489   0.00575  -0.00246
 182     7.508  -15276803.136  84335721   0.00849  -0.00065
 183     7.768  -15276788.542  80358711   0.00210   0.00892
 184     7.758  -15276172.225  85740860   0.00232  -0.00431
 185     7.648  -15276609.998  81885740   0.00730   0.00301
 186     7.988  -15276681.868  80378594   0.00326   0.00561
 187     7.708  -15276844.404  82309228   0.00046   0.00561
 188     8.008  -15276435.094  81678252  -0.00351   0.00361
 189     8.108  -15277011.179  73495483  -0.00782   0.02001
 190     7.918  -15276420.056  84998035   0.00034  -0.00236
 191     7.988  -15276401.768  82303210  -0.00842   0.00241
 192     7.948  -15276548.247  83281566   0.00004   0.00062
 193     7.818  -15276316.054  85619525   0.00231  -0.00320
 194     8.148  -15276211.398  82373146  -0.00218   0.00128
 195     8.038  -15276861.847  79648161  -0.00763   0.00802
 196     7.918  -15276750.854  80480222   0.00745   0.00867
 197     7.918  -15276326.238  86355709   0.00240  -0.00691
 198     8.038  -15276049.206  85000182   0.00386  -0.00435
 199     7.878  -15276895.738  77561124  -0.00197   0.01515
 200     8.098  -15276703.392  82711567   0.00072   0.00297
 201     8.028  -15276771.225  79051725   0.00046   0.00991
 202     7.768  -15276664.139  81351307  -0.00283   0.00534
 203     7.738  -15276506.417  87180597   0.00098  -0.00600
 204     7.838  -15276100.545  87092766   0.00313  -0.00578
 205     7.948  -15275966.250  88359882   0.00708  -0.00914
 206     7.868  -15276672.350  82561630  -0.00477   0.00400
 207     8.188  -15276923.561  77958453  -0.01014   0.00671
 208     7.988  -15276780.727  78461382   0.00141   0.01246
 209     8.318  -15276583.877  78647462  -0.00338   0.00844
 210     8.078  -15276422.416  84411341   0.00438   0.00047
 211     7.958  -15276420.525  82822189  -0.00284   0.00199
 212     7.858  -15276237.704  86182771   0.00417  -0.00304
 213     8.068  -15275630.805  87923991  -0.00071  -0.01113
 214     8.058  -15275748.226  85746173  -0.00732  -0.00472
 215     7.988  -15276039.552  86600884   0.00042  -0.00464
 216     7.858  -15276478.973  82961644   0.00066   0.00125
 217     7.958  -15276780.314  81012950  -0.00944   0.00689
 218     7.718  -15276325.821  86163826   0.00351  -0.00547
 219     7.748  -15276528.009  84151724   0.00093  -0.00207
 220     7.678  -15276371.471  85398746   0.00504  -0.00209
 221     7.678  -15276330.643  88417632   0.00101  -0.01297
 222     8.458  -15276427.071  77793590  -0.00922   0.00976
 223     7.968  -15276579.658  83441494  -0.00332   0.00023
 224     8.178  -15275672.523  84930830  -0.00853  -0.00285
 225     7.958  -15276215.588  83986257   0.00314  -0.00056
 226     7.898  -15276558.066  82523625  -0.00162   0.00243
 227     7.888  -15276320.376  84549705   0.00149  -0.00321
 228     7.728  -15276427.461  87182659   0.00863  -0.00632
 229     8.198  -15276325.285  84361849   0.00096  -0.00280
 230     7.928  -15276502.845  84767034   0.00510  -0.00174
 231     7.698  -15276596.678  82788143  -0.00237   0.00223
 232     8.238  -15276232.103  81523297  -0.00698   0.00046
 233     8.108  -15276378.137  82312815  -0.00674   0.00278
 234     7.778  -15276519.502  83920153   0.00333   0.00038
 235     8.118  -15275961.556  85386253  -0.00209  -0.00386
 236     7.968  -15276249.610  85453417   0.00081  -0.00397
 237     7.738  -15276560.457  85334302   0.00259  -0.00064
 238     8.108  -15276051.673  84414168  -0.01244  -0.00307
 239     7.678  -15276687.194  85108239   0.00050  -0.00173
 240     7.818  -15275997.985  87024977  -0.00077  -0.00672
 241     7.638  -15276637.161  85657023   0.01410  -0.00258
 242     7.768  -15276612.136  82289937   0.00064   0.00406
 243     7.778  -15276446.060  84789990   0.00034  -0.00283
 244     7.798  -15276677.940  82612345  -0.00421   0.00172
 245     8.108  -15275913.243  85978307  -0.00733  -0.00716
 246     7.808  -15276177.036  83598596   0.00377  -0.00022
 247     8.068  -15276458.897  79840536  -0.00175   0.00809
 248     7.848  -15276089.185  84783554  -0.00050   0.00093
 249     8.068  -15275861.508  86208493   0.00057  -0.00664
 250     8.078  -15275833.756  87437155  -0.00827  -0.00970
 251     8.088  -15276020.588  84629689  -0.00611  -0.00375
 252     7.618  -15276794.498  85062678   0.00655  -0.00342
 253     8.128  -15276512.463  81171082  -0.00316   0.00335
 254     8.048  -15276355.586  84220760  -0.00678  -0.00266
 255     8.118  -15276129.293  84505306  -0.00626  -0.00411
 256     7.768  -15276213.870  88582189   0.00652  -0.00827
 257     7.958  -15276833.429  81726112   0.00422   0.00142
 258     7.758  -15276424.595  83250049   0.00263   0.00213
 259     7.928  -15276639.069  81497334  -0.00423   0.00583
 260     7.778  -15276105.760  85292084  -0.00329  -0.00219
 261     7.828  -15276879.660  78766042  -0.00092   0.01174
 262     7.898  -15276620.604  85728205   0.00370  -0.00482
 263     7.818  -15276341.981  83156936   0.00716   0.00180
 264     7.638  -15276018.335  91809396  -0.00207  -0.01615
 265     8.388  -15276282.242  79231243  -0.01515   0.00520
 266     7.858  -15276256.966  85670821  -0.00097  -0.00568
 267     7.898  -15276335.285  82390209   0.00176   0.00560
 268     7.938  -15276185.051  83635493   0.00264   0.00042
 269     8.088  -15276082.758  84839537   0.00083  -0.00466
 270     7.798  -15275990.407  88132147   0.00257  -0.01147
 271     7.868  -15276093.754  86910809  -0.00255  -0.00771
 272     8.078  -15276267.843  82923441   0.00373  -0.00059
 273     7.848  -15276100.625  88782405  -0.00502  -0.01278
 274     7.938  -15276191.653  86772782   0.00253  -0.00953
 275     7.708  -15276809.544  85975131   0.00394  -0.00250
 276     7.868  -15276370.597  83390656   0.00086   0.00135
 277     8.048  -15276281.757  81726370  -0.00202   0.00576
 278     8.018  -15276452.889  83629577   0.00319  -0.00037
 279     7.848  -15276066.863  87533354   0.00374  -0.00758
 280     8.158  -15276234.885  85290727   0.00198  -0.00584
 281     7.748  -15276725.717  82390456   0.00809   0.00350
 282     8.088  -15276167.518  81866268  -0.00956   0.00415
 283     8.008  -15276358.238  82214585  -0.00909   0.00246
 284     7.818  -15275923.578  86696723  -0.00102  -0.00666
 285     7.798  -15276381.734  83495334   0.00122   0.00150
 286     7.918  -15275676.899  89600003  -0.00105  -0.01379
 287     7.858  -15276596.771  81374514  -0.00001   0.00476
 288     7.658  -15276274.996  86640295  -0.00315  -0.00777
 289     7.728  -15276811.391  81581832   0.00038   0.00725
 290     7.818  -15276154.025  86743834  -0.00299  -0.00532
 291     8.048  -15276304.316  81383322  -0.00498   0.00623
 292     7.818  -15276252.862  88045668   0.00142  -0.00775
 293     7.898  -15276575.251  81127229  -0.00029   0.00602
 294     7.908  -15276270.682  83274796  -0.01159   0.00208
 295     7.838  -15276550.933  82651314   0.00149   0.00356
 296     8.168  -15276135.166  85101157  -0.00119  -0.00441
 297     7.918  -15276318.095  84950439  -0.00471  -0.00489
 298     8.078  -15276390.578  81318827   0.00141   0.00585
 299     7.848  -15276938.468  78737862   0.00610   0.01295
 300     7.848  -15276691.565  83540083   0.00844   0.00086
 301     8.098  -15276021.177  86223059  -0.00342  -0.00827
 302     7.828  -15275973.720  89771343   0.00589  -0.01431
 303     8.058  -15276100.041  83856260  -0.00524  -0.00125
 304     8.098  -15276072.972  83680131  -0.00232  -0.00003
 305     7.868  -15276879.134  79723757  -0.00158   0.00842
 306     7.908  -15276539.733  85227905   0.00742  -0.00448
 307     7.638  -15276394.571  87611297   0.00410  -0.00710
 308     8.078  -15276133.361  80115881  -0.00514   0.00738
 309     7.998  -15276441.436  84000306   0.00089  -0.00244
 310     7.958  -15277180.091  78503319   0.00403   0.01074
 311     7.918  -15277380.647  73526619  -0.00615   0.02052
 312     7.908  -15276784.315  82501055   0.00179   0.00179
 313     8.018  -15276445.930  83271921  -0.00733   0.00198
 314     7.798  -15276378.999  86117336   0.00401  -0.00363
 315     7.958  -15276436.199  82444881  -0.00450   0.00064
 316     8.098  -15276392.039  81802470   0.00340   0.00519
 317     7.908  -15276872.291  80556187   0.00593   0.00831
 318     7.818  -15276088.624  87427526   0.00583  -0.01053
 319     8.078  -15276563.244  80967223  -0.00166   0.00470
 320     7.978  -15275867.894  88420783   0.00081  -0.01169
 321     8.148  -15276687.440  78378827  -0.00499   0.00973
 322     8.058  -15275873.826  85339077  -0.00532  -0.00304
 323     7.968  -15276126.632  85055206  -0.00505  -0.00460
 324     7.928  -15276169.702  86409349  -0.00245  -0.00456
 325     7.918  -15276207.872  83974623  -0.00431  -0.00070
 326     7.888  -15276206.789  84654076  -0.00391   0.00037
 327     7.818  -15276198.153  86592520   0.00800  -0.00556
 328     8.068  -15276279.114  84928662   0.00603  -0.00043
 329     8.118  -15276451.237  79861868  -0.00369   0.00582
 330     8.048  -15276147.734  82342679  -0.00312   0.00118
 331     7.858  -15276468.550  83151498   0.00156   0.00010
 332     8.038  -15276458.653  82032170   0.00493   0.00295
 333     7.898  -15276280.207  85256883   0.00484  -0.00318
 334     8.038  -15275732.282  86929694   0.00662  -0.00571
 335     8.078  -15276468.200  82377359   0.00499   0.00297
 336     7.948  -15276092.584  86261472   0.00376  -0.00807
 337     7.958  -15276426.516  82132110   0.00269   0.00237
 338     7.858  -15276296.633  83976722  -0.00205   0.00053
 339     8.078  -15276276.651  79311244  -0.00302   0.00898
 340     8.038  -15276221.648  83518300  -0.00082   0.00011
 341     7.978  -15276174.676  84855119   0.00271  -0.00481
 342     7.678  -15276676.681  82013361   0.00244   0.00264
 343     7.888  -15276477.366  86498143   0.00642  -0.00692
 344     7.858  -15277165.298  79832437  -0.00280   0.00896
 345     7.878  -15276645.938  82077727   0.00616   0.00141
 346     7.848  -15276295.636  86682219  -0.00670  -0.00579
 347     7.898  -15275991.412  86470127  -0.00300  -0.00528
 348     7.898  -15276449.208  82622484   0.00529   0.00223
 349     7.838  -15276744.034  82221346   0.00791   0.00225
 350     8.028  -15276656.847  81468336   0.00331   0.00410
 351     8.198  -15275981.253  85423203  -0.00343  -0.00690
 352     8.118  -15276231.611  84405348  -0.00380  -0.00335
 353     7.778  -15276176.353  85009580  -0.00225  -0.00196
 354     8.248  -15276594.163  78049150   0.00479   0.00818
 355     7.898  -15276481.330  80468946   0.00103   0.00697
 356     7.898  -15276227.992  84857927   0.00200  -0.00032
 357     8.058  -15276589.798  80996408  -0.00520   0.00835
 358     7.938  -15276635.220  82503495  -0.00335   0.00098
 359     7.888  -15276240.339  85614606  -0.00367  -0.00511
 360     8.058  -15276036.126  86764038   0.00220  -0.00687
 361     7.708  -15276212.757  88618989   0.00424  -0.01138
 362     8.128  -15276401.630  80121888  -0.00193   0.00501
 363     8.058  -15276584.697  81145735  -0.00476   0.00648
 364     7.728  -15276693.225  84612515   0.00960   0.00002
 365     7.898  -15277220.685  73890762  -0.00300   0.02035
 366     7.958  -15276114.215  82659114  -0.00367   0.00130
 367     7.828  -15275945.862  86007566   0.00659  -0.00543
 368     8.068  -15276588.473  79081666   0.00359   0.01067
 369     7.608  -15276434.550  87664705   0.00214  -0.00659
 370     8.118  -15276669.449  82034325  -0.00396   0.00398
 371     8.118  -15276453.984  81729825  -0.00500   0.00221
 372     7.858  -15276254.418  85881504  -0.00770  -0.00551
 373     8.028  -15276620.982  82902575   0.00250   0.00131
 374     7.838  -15276928.264  79381241   0.00012   0.01072
 375     7.788  -15276146.279  87239546   0.00742  -0.00781
 376     7.918  -15276385.371  84486248  -0.00913  -0.00141
 377     8.268  -15275728.042  84162189  -0.00804   0.00006
 378     7.758  -15276693.994  84759864   0.00425  -0.00074
 379     7.918  -15276049.578  89401907   0.00913  -0.01120
 380     8.068  -15276293.773  83543455  -0.00654   0.00048
 381     8.158  -15275913.008  85209577  -0.00475  -0.00406
 382     8.158  -15276220.532  80853838   0.00039   0.00615
 383     7.838  -15276642.618  82457110   0.00286   0.00223
 384     8.068  -15276217.370  85805078   0.00170  -0.00166
 385     8.048  -15276638.964  79741774  -0.00628   0.00723
 386     7.908  -15275890.063  87560893  -0.00129  -0.00810
 387     7.728  -15276445.865  83397661   0.00158  -0.00028
 388     8.108  -15276825.557  78225450  -0.00189   0.01228
 389     7.998  -15276112.869  84620537  -0.00210  -0.00378
 390     7.938  -15276693.864  81958497   0.00823   0.00473
 391     7.878  -15276966.915  81086971  -0.00039   0.00592
 392     8.248  -15277132.114  74257975  -0.00721   0.01875
 393     7.588  -15276437.943  83500675   0.00231   0.00017
 394     8.138  -15276250.892  81289049   0.00003   0.00482
 395     7.738  -15277028.439  79904464  -0.00746   0.00855
 396     8.018  -15276394.316  82815595  -0.00933   0.00157
 397     7.848  -15276318.699  83697487   0.00379  -0.00184
 398     8.028  -15276565.818  80647057   0.00222   0.00709
 399     7.768  -15276069.124  86209046   0.00001  -0.00448
 400     8.148  -15276115.398  84743681  -0.00423  -0.00312
 401     8.268  -15276335.830  78020989  -0.00357   0.01182
 402     8.068  -15276204.119  82596413   0.00134   0.00096
 403     8.118  -15275642.278  86282013  -0.00890  -0.00513
 404     7.968  -15276515.653  83428824  -0.00081   0.00101
 405     7.768  -15275955.956  89853107  -0.00021  -0.01416
 406     7.578  -15276842.351  85506953   0.00208  -0.00112
 407     7.818  -15276178.077  87167009  -0.00182  -0.00655
 408     7.738  -15276396.657  84524311   0.01364  -0.00075
 409     7.848  -15276200.478  86082717   0.00163  -0.00331
 410     7.868  -15276008.663  88953751   0.00351  -0.01306
 411     8.238  -15276463.088  80933310  -0.00804   0.00361
 412     7.908  -15276462.866  84230745   0.00325  -0.00176
 413     7.708  -15276485.159  84444724   0.00238   0.00136
 414     8.108  -15276160.879  82760153  -0.01218   0.00114
 415     7.688  -15276539.068  86889472   0.00205  -0.00602
 416     7.788  -15276774.241  82101714  -0.00326   0.00171
 417     7.818  -15276379.143  84117691   0.00168  -0.00221
 418     7.938  -15276496.349  82030997  -0.00120   0.00300
 419     7.818  -15276596.395  82017657   0.00007   0.00487
 420     7.818  -15276721.398  83854545  -0.00314  -0.00056
 421     8.138  -15276712.928  77092926  -0.00563   0.01292
 422     8.198  -15276471.755  81037606  -0.00779   0.00266
 423     8.008  -15276196.395  83220191   0.00008   0.00030
 424     8.178  -15276407.502  82968263  -0.00391   0.00051
 425     7.648  -15276416.273  84727418   0.00751  -0.00218
 426     7.798  -15276516.225  81728679  -0.00718   0.00514
 427     7.548  -15276621.984  86056393   0.00407  -0.00292
 428     8.038  -15276240.347  86044826   0.00267  -0.00738
 429     7.748  -15276477.055  85109467  -0.00530  -0.00370
 430     7.768  -15276601.730  82551017   0.00120   0.00268
 431     7.898  -15277063.862  78190373   0.00171   0.01397
 432     7.638  -15276987.956  80546006   0.00286   0.00745
 433     8.108  -15276571.139  80512594  -0.00277   0.00649
 434     7.938  -15276728.582  81161535  -0.00420   0.00332
 435     8.158  -15276693.316  78326873   0.00276   0.00985
 436     7.958  -15276421.668  82972751  -0.00116   0.00030
 437     8.338  -15276487.958  80620805  -0.01537   0.00536
 438     8.078  -15276329.134  81906858  -0.00618   0.00433
 439     7.848  -15277065.471  80391519  -0.00086   0.00570
 440     8.278  -15276136.937  83371136  -0.00267  -0.00400
 441     7.888  -15276395.137  85373879  -0.00048  -0.00479
 442     7.918  -15276325.916  83261101   0.00547   0.00248
 443     7.968  -15275946.132  84017928  -0.00399  -0.00045
 444     8.108  -15276562.973  80577587  -0.00803   0.00639
 445     7.948  -15275999.930  89399097   0.00315  -0.01399
 446     7.918  -15276610.226  82358846  -0.00063   0.00275
 447     8.038  -15276865.722  77167142  -0.00298   0.01286
 448     7.688  -15276444.174  85367311   0.00279  -0.00075
 449     8.028  -15276688.558  78325029  -0.00663   0.01086
 450     7.918  -15276571.254  84056866  -0.00165   0.00103
 451     7.768  -15275957.232  88769050   0.00918  -0.00761
 452     7.698  -15277087.622  80440986   0.00663   0.00889
 453     7.638  -15276539.389  81817592  -0.00148   0.00459
 454     8.028  -15276417.441  80595340   0.00112   0.00625
 455     8.098  -15276343.435  80930438  -0.00653   0.00531
 456     7.888  -15276346.047  84933120   0.00075  -0.00145
 457     7.638  -15276613.542  82798332  -0.00318   0.00045
 458     8.008  -15276190.144  84508381   0.00748  -0.00238
 459     8.058  -15276479.044  82588789  -0.00294   0.00079
 460     7.818  -15276821.429  80157116  -0.00161   0.00478
 461     7.778  -15276354.748  86755215   0.00593  -0.00527
 462     7.808  -15277443.322  73611830  -0.00144   0.02230
 463     7.988  -15276153.687  85665166  -0.00148  -0.00160
 464     7.948  -15276251.445  83994022  -0.00576   0.00171
 465     7.878  -15276371.919  84444361   0.00650  -0.00218
 466     8.018  -15276432.869  83425861  -0.00723   0.00092
 467     7.778  -15276509.807  84070033   0.00043  -0.00104
 468     7.838  -15276128.916  88972927   0.00352  -0.01222
 469     7.838  -15276378.588  85546176   0.00983  -0.00344
 470     8.198  -15276108.495  81937367   0.00204   0.00639
 471     7.598  -15276276.964  86138715  -0.00094  -0.00620
 472     7.898  -15276491.240  81942461  -0.00508   0.00311
 473     7.708  -15276282.739  85345119  -0.00207  -0.00172
 474     7.888  -15276285.086  84658123   0.00392  -0.00121
 475     8.018  -15276249.905  84734955   0.00021  -0.00340
 476     7.908  -15276276.176  83327612  -0.00803   0.00158
 477     8.168  -15275964.007  83655582  -0.00744  -0.00140
 478     7.898  -15276674.214  81849711   0.00079   0.00355
 479     7.908  -15276049.037  84940256   0.00601   0.00013
 480     7.998  -15276582.702  81685069   0.00099   0.00381
 481     7.948  -15276361.898  86288932   0.00658  -0.00649
 482     7.898  -15276208.052  85766011   0.00128  -0.00519
 483     7.698  -15276142.694  88122328   0.00918  -0.00775
 484     7.988  -15276471.834  81734310   0.00217   0.00174
 485     7.858  -15276486.331  86560496   0.00596  -0.00578
 486     7.718  -15276849.860  82338035  -0.00247   0.00235
 487     7.978  -15276448.033  81296454  -0.00810   0.00378
 488     7.728  -15276677.957  85395695   0.00583  -0.00219
 489     7.818  -15276136.308  86792796  -0.00145  -0.00771
 490     7.798  -15276044.872  87474302  -0.00212  -0.00843
 491     7.998  -15276664.061  81892977   0.00557   0.00678
 492     7.848  -15277004.072  78607757  -0.01026   0.01307
 493     8.058  -15275807.902  87085740   0.00096  -0.00555
 494     7.908  -15276381.351  81059293  -0.00116   0.00413
 495     7.808  -15276076.048  86003352  -0.00292  -0.00507
 496     7.818  -15276690.763  79320105   0.00138   0.00943
 497     8.008  -15276276.353  85356797   0.00483  -0.00380
 498     8.048  -15276733.322  79084138  -0.00070   0.00755
 499     7.558  -15276181.840  90745299   0.00627  -0.01389
 500     7.778  -15276782.526  82311321  -0.00101   0.00329
 501     7.958  -15276709.970  80730663  -0.00236   0.00774
 502     8.078  -15276571.790  82637321  -0.00542   0.00257
 503     7.918  -15276283.439  83472187   0.00104   0.00044
 504     7.818  -15276687.571  81687569   0.00203   0.00502
 505     7.938  -15276306.175  86436996   0.00409  -0.00683
 506     7.858  -15275920.548  88173699  -0.00327  -0.01044
 507     7.918  -15277041.845  79583036   0.00450   0.01191
 508     7.788  -15276278.556  86798796   0.00044  -0.00560
 509     7.708  -15275915.414  90798039   0.00416  -0.01199
 510     8.048  -15276430.941  83169815   0.00636   0.00059
 511     8.128  -15276369.740  82310722   0.00180   0.00011
 512     7.738  -15276343.457  83933531  -0.00102  -0.00134
 513     7.858  -15276057.996  85678709  -0.00093  -0.00538
 514     8.028  -15276357.436  82464442  -0.00550   0.00241
 515     7.928  -15276042.073  88833210   0.00536  -0.01085
 516     7.878  -15276755.057  79993599   0.00713   0.00815
 517     7.618  -15276220.888  89183046  -0.00442  -0.00855
 518     7.758  -15276460.389  82870755  -0.00531   0.00239
 519     7.798  -15276335.580  87607228  -0.00298  -0.00894
 520     7.688  -15276440.296  87609128  -0.00059  -0.00809
 521     7.918  -15276493.527  85938183  -0.00159  -0.00377
 522     7.878  -15276361.922  83218617  -0.00019   0.00161
 523     7.748  -15276830.235  80610676   0.00336   0.00793
 524     8.028  -15276321.315  81469903  -0.00215   0.00480
 525     7.988  -15276231.386  85934600  -0.00052  -0.00678
 526     8.218  -15276276.102  83540324  -0.00318  -0.00106
 527     7.828  -15276171.516  86957321   0.00052  -0.00548
 528     7.858  -15276771.730  82872141   0.00783   0.00180
 529     7.918  -15276207.215  85718096  -0.00120  -0.00452
 530     8.038  -15276757.159  81900963   0.00403   0.00506
 531     7.918  -15276248.869  82096482   0.00058   0.00357
 532     7.898  -15275782.211  92086754   0.00983  -0.01917
 533     7.578  -15276444.447  87283270   0.00362  -0.00467
 534     8.078  -15276007.296  86098893  -0.00706  -0.00612
 535     7.768  -15276714.448  81783512   0.00421   0.00422
 536     7.938  -15276715.602  80213419   0.00033   0.00886
 537     8.218  -15276322.819  79058101  -0.00775   0.01346
 538     7.758  -15276741.100  84384775   0.00434  -0.00204
 539     7.908  -15276159.808  83275748  -0.00093  -0.00139
 540     7.998  -15276498.361  81548694  -0.00168   0.00189
 541     7.758  -15276650.675  78374542  -0.01056   0.01047
 542     7.868  -15276317.779  85344473   0.00142  -0.00221
 543     8.008  -15276382.258  83508568  -0.00064   0.00124
 544     7.758  -15276031.261  89842907   0.00018  -0.01151
 545     7.938  -15276846.353  78773823  -0.00711   0.01089
 546     7.898  -15276241.382  88791523   0.00321  -0.00962
 547     7.618  -15276611.661  84948345   0.00148  -0.00162
 548     8.058  -15276150.367  85202746  -0.00563  -0.00236
 549     8.058  -15275946.554  87025834  -0.00481  -0.00871
 550     7.718  -15276484.962  84711196  -0.00285   0.00016
 551     7.968  -15276361.306  83873761  -0.00321   0.00117
 552     8.058  -15276416.853  81751404  -0.00517   0.00223
 553     7.878  -15276410.136  82329309   0.00193   0.00415
 554     8.148  -15276255.363  80961734   0.00074   0.00630
 555     7.808  -15276481.011  83296576  -0.00263   0.00219
 556     8.008  -15276300.299  82054928  -0.01417   0.00431
 557     8.078  -15275579.749  88246351  -0.01288  -0.00940
 558     8.128  -15276492.388  79323544  -0.00352   0.00848
 559     7.898  -15276516.071  83123360   0.00241   0.00281
 560     7.958  -15276481.802  81103218  -0.00434   0.00504
 561     7.968  -15276237.006  84061815  -0.00357  -0.00467
 562     7.808  -15276596.954  83514071   0.00613   0.00090
 563     7.878  -15276613.012  82173752   0.00003   0.00373
 564     7.898  -15275907.296  88633932  -0.00015  -0.01001
 565     8.278  -15276490.720  77624780  -0.00744   0.01325
 566     7.898  -15276375.026  80927381  -0.00197   0.00603
 567     7.988  -15276378.064  83758780  -0.00297  -0.00271
 568     7.988  -15275900.251  88692916   0.00503  -0.01264
 569     7.858  -15276454.863  82191394  -0.00113   0.00221
 570     7.868  -15276214.988  86140512  -0.00244  -0.00613
 571     7.898  -15276446.836  84834660   0.00365  -0.00296
 572     7.968  -15276260.107  85453725  -0.00653  -0.00380
 573     7.818  -15276589.460  83540357   0.00224  -0.00065
 574     8.058  -15276120.867  84300538  -0.00246  -0.00142
 575     8.138  -15276167.314  84018819  -0.00602  -0.00411
 576     7.668  -15276606.611  83620563  -0.00183   0.00088
 577     7.598  -15276622.438  85697877   0.00795  -0.00300
 578     8.368  -15276323.077  80582454  -0.01194   0.00563
 579     8.058  -15276105.649  82538678   0.00060  -0.00069
 580     8.098  -15276165.422  82270742  -0.00313   0.00110
 581     7.878  -15276110.342  86246472  -0.00214  -0.00497
 582     7.778  -15276519.175  84730728   0.00994  -0.00033
 583     7.818  -15276225.795  86079825   0.00772  -0.00421
 584     7.848  -15275931.659  91557164   0.00466  -0.01529
 585     7.928  -15276505.540  84889991  -0.00783  -0.00244
 586     7.738  -15276200.097  86613699  -0.00091  -0.00629
 587     7.848  -15276410.078  82328994   0.00035   0.00009
 588     8.108  -15275871.040  86301642  -0.00718  -0.00738
 589     7.958  -15276471.663  82590077   0.00409   0.00253
 590     7.998  -15276847.997  79777255  -0.00025   0.00804
 591     7.958  -15276644.568  80371503   0.00306   0.00719
 592     7.758  -15276238.619  87668202   0.00579  -0.00835
 593     8.128  -15276279.083  81884104  -0.00643   0.00404
 594     7.908  -15276286.663  87332569   0.00530  -0.00737
 595     8.118  -15276255.334  82278436   0.00014  -0.00017
 596     8.128  -15276074.982  81716698  -0.00641   0.00456
 597     7.778  -15276724.850  81596816   0.00212   0.00506
 598     8.048  -15276377.219  80951085   0.00101   0.00387
 599     7.898  -15276416.320  82419791  -0.00125   0.00086
 600     7.998  -15276173.118  86484754   0.00243  -0.00629
 601     8.078  -15275811.250  86983209   0.00041  -0.00647
 602     7.878  -15276417.078  82129390  -0.00645   0.00492
 603     8.048  -15276178.672  85876037  -0.00804  -0.00465
 604     7.608  -15276210.975  88388467  -0.00120  -0.00984
 605     7.808  -15276491.657  82588824  -0.01107   0.00219
 606     7.838  -15276642.081  81487936   0.00337   0.00424
 607     7.898  -15276475.361  84664239   0.00003   0.00015
 608     7.798  -15276896.856  81209640   0.00288   0.00569
 609     7.738  -15276178.022  87988445  -0.00343  -0.00907
 610     8.028  -15276176.392  84595788  -0.00581  -0.00328
 611     7.898  -15276435.696  83134572   0.00067  -0.00043
 612     7.918  -15275852.033  87141451  -0.00431  -0.00560
 613     8.128  -15276543.202  81640524  -0.00623   0.00503
 614     7.818  -15276560.206  81007396  -0.00291   0.00608
 615     8.138  -15276358.321  81167635  -0.00523   0.00513
 616     7.868  -15276124.639  84959680   0.00448  -0.00258
 617     7.948  -15276502.265  80641847  -0.00915   0.00774
 618     7.918  -15275849.203  87517613  -0.00105  -0.00691
 619     7.908  -15276147.183  86794101   0.00300  -0.00655
 620     8.018  -15276750.071  78564642   0.00029   0.01254
 621     7.638  -15276607.899  82916886   0.00615   0.00217
 622     7.868  -15276737.975  81152708   0.00775   0.00518
 623     7.908  -15276418.762  82874915  -0.00024   0.00226
 624     7.898  -15275906.258  89141997   0.00714  -0.01229
 625     8.038  -15276618.341  77900360  -0.00488   0.01347
 626     7.918  -15276126.380  86682729   0.00206  -0.00511
 627     7.788  -15276186.401  86544183  -0.00014  -0.00528
 628     7.958  -15275981.500  88614676   0.00132  -0.01127
 629     7.938  -15276316.373  85290554  -0.00052  -0.00626
 630     8.168  -15276756.230  77694461  -0.00746   0.01176
 631     7.948  -15276559.592  81078616  -0.00238   0.00681
 632     8.078  -15276228.417  81216804   0.00684   0.00779
 633     7.848  -15276801.071  81243124   0.00540   0.00563
 634     7.928  -15276121.182  85674074   0.00665  -0.00465
 635     8.068  -15275785.719  89170417   0.00433  -0.01149
 636     7.948  -15276236.033  84365811  -0.00009  -0.00103
 637     8.058  -15276498.007  83070725   0.00070   0.00227
 638     8.188  -15276065.037  81322074  -0.00798   0.00461
 639     7.838  -15276365.035  86762336   0.00509  -0.00619
 640     7.968  -15276300.107  84810191  -0.00670  -0.00191
 641     7.918  -15276135.215  85269167  -0.00525  -0.00226
 642     8.008  -15276304.498  87194540   0.00520  -0.00567
 643     8.058  -15276319.231  82563436  -0.01131   0.00167
 644     7.698  -15276989.570  78696063  -0.00095   0.01079
 645     7.978  -15276739.950  76424849  -0.00919   0.01734
 646     8.008  -15276222.723  82345837  -0.00381   0.00355
 647     7.748  -15276606.446  81521936  -0.00013   0.00538
 648     7.828  -15276817.212  80109389  -0.00454   0.00936
 649     7.878  -15276237.481  84919894  -0.01216  -0.00424
 650     7.768  -15276488.845  86360426   0.00077  -0.00898
 651     7.888  -15276090.925  83698309   0.00003   0.00220
 652     8.108  -15275890.401  87114136   0.00534  -0.00761
 653     7.898  -15277029.023  76201541  -0.00043   0.01471
 654     8.158  -15276145.187  83197304  -0.00419  -0.00169
 655     7.908  -15276232.405  84824858  -0.00148  -0.00367
 656     7.998  -15276400.345  82319715  -0.00245   0.00185
 657     7.818  -15276313.327  84324232  -0.00079   0.00163
 658     7.938  -15276343.907  83972371  -0.00993  -0.00174
 659     8.208  -15275747.826  83060120  -0.00768   0.00008
 660     7.748  -15275999.362  87522653   0.00054  -0.00936
 661     8.108  -15276306.630  82465392  -0.00764  -0.00007
 662     7.878  -15276250.079  85486457   0.00179  -0.00491
 663     8.158  -15276052.666  85338928  -0.00167  -0.00390
 664     8.068  -15276235.048  86872727   0.00116  -0.00749
 665     8.058  -15275968.286  86776369   0.00014  -0.00724
 666     7.698  -15276948.090  83269687   0.01054   0.00121
 667     7.818  -15276337.654  85031683   0.00839  -0.00328
 668     8.118  -15275674.777  88916476  -0.00027  -0.00938
 669     7.848  -15276487.515  83851452  -0.00169   0.00036
 670     7.868  -15276279.127  87605108   0.00338  -0.00549
 671     7.778  -15276512.238  84026682   0.00201  -0.00204
 672     7.888  -15276282.006  84476738  -0.00071  -0.00128
 673     7.928  -15276544.954  80804586   0.00204   0.00418
 674     7.768  -15276738.803  86857446   0.00447  -0.00799
 675     7.818  -15276668.044  87470475   0.00538  -0.00769
 676     7.738  -15276370.305  86547456   0.00436  -0.00860
 677     7.548  -15276722.104  84315335   0.00485  -0.00204
 678     7.818  -15276818.242  78979731   0.00628   0.01280
 679     7.878  -15276501.810  84726347   0.00464  -0.00249
 680     8.038  -15276015.172  84090811  -0.00032  -0.00223
 681     7.818  -15276215.116  85137318  -0.00503  -0.00057
 682     7.938  -15276432.692  81298287  -0.00286   0.00538
 683     8.228  -15275711.220  88073356  -0.00510  -0.00924
 684     8.058  -15275873.168  88777123  -0.00514  -0.01115
 685     7.848  -15276029.377  88592487   0.00758  -0.01022
 686     7.668  -15276710.059  83354304   0.00178   0.00226
 687     7.888  -15275921.889  85763828  -0.00090  -0.00606
 688     7.818  -15276702.842  83116027   0.00314  -0.00025
 689     7.938  -15276536.797  82127623   0.00323   0.00556
 690     8.228  -15276120.724  84079778  -0.00793  -0.00097
 691     8.068  -15275942.086  86098272  -0.00169  -0.00603
 692     8.118  -15276589.248  78818060  -0.01146   0.00831
 693     8.048  -15276410.144  79562190   0.00027   0.00698
 694     7.848  -15276375.137  84913903  -0.00061  -0.00161
 695     8.008  -15276693.450  82397042  -0.00361   0.00161
 696     8.158  -15276372.483  79930130  -0.00209   0.00695
 697     7.928  -15276464.953  79079737  -0.00060   0.00893
 698     7.818  -15276178.971  88157988   0.00213  -0.00820
 699     7.968  -15276366.938  83521706  -0.00001  -0.00019
 700     7.778  -15276560.554  82811706   0.00008   0.00354
 701     7.738  -15276196.319  89238470  -0.00351  -0.01136
 702     7.948  -15276281.354  82550835   0.00564   0.00439
 703     7.838  -15276447.365  84056233  -0.00392  -0.00105
 704     7.698  -15276245.127  90108750   0.00023  -0.01260
 705     8.098  -15276440.630  81993947  -0.00293   0.00349
 706     7.698  -15276178.948  88366149  -0.01032  -0.00948
 707     8.188  -15276492.625  82729292   0.00010   0.00157
 708     7.748  -15276926.224  79201889   0.00465   0.01033
 709     8.068  -15275807.659  87019662  -0.01013  -0.00859
 710     7.688  -15276463.994  88196168   0.00287  -0.01018
 711     7.748  -15276726.708  85294114   0.00866  -0.00359
 712     7.888  -15276479.167  82115721   0.00253   0.00283
 713     7.968  -15276434.093  82244033   0.00167   0.00276
 714     7.818  -15275871.885  90934420   0.00469  -0.01645
 715     8.088  -15276705.982  77160992  -0.00711   0.01484
 716     8.128  -15276322.213  82517299  -0.00376   0.00227
 717     7.878  -15276163.198  87408184   0.00382  -0.00588
 718     8.118  -15276194.308  84696552  -0.00381  -0.00441
 719     7.898  -15276033.420  89191532   0.00384  -0.01231
 720     7.898  -15276030.772  88972345   0.00604  -0.01254
 721     7.958  -15276437.576  85237532   0.00416  -0.00255
 722     8.158  -15275850.934  85499999  -0.00728  -0.00890
 723     8.198  -15275698.454  86719934  -0.00278  -0.00921
 724     7.758  -15276453.497  83588073  -0.00272   0.00154
 725     7.718  -15276633.570  81815489   0.00043   0.00530
 726     7.908  -15276393.288  84202741   0.00837   0.00088
 727     7.638  -15276305.853  87840586   0.00592  -0.00677
 728     7.868  -15276596.846  83886909   0.00709   0.00117
 729     8.008  -15276286.754  82722778   0.00455   0.00303
 730     7.868  -15277098.538  77408126  -0.00274   0.01200
 731     7.888  -15276124.709  87895919  -0.00447  -0.00957
 732     8.038  -15276920.865  79071894   0.00034   0.00973
 733     7.838  -15276480.103  84775455  -0.00219  -0.00233
 734     7.998  -15276421.724  83001187  -0.00219   0.00041
 735     7.768  -15276946.958  81579144  -0.00890   0.00435
 736     7.538  -15276579.214  83033509   0.00183   0.00260
 737     8.188  -15276371.148  78692049   0.00046   0.00966
 738     8.028  -15276524.336  82747544   0.00484   0.00217
 739     7.888  -15275992.498  84755600  -0.00892   0.00134
 740     7.858  -15276633.459  80601484   0.00038   0.00636
 741     7.648  -15276726.664  85782420   0.00416  -0.00337
 742     8.128  -15276553.308  81433386   0.00326   0.00776
 743     7.988  -15276528.680  80236279   0.00184   0.00637
 744     7.668  -15276279.836  86994799   0.00334  -0.00688
 745     8.018  -15276408.737  83269885   0.00018   0.00091
 746     7.868  -15276691.235  80443423   0.00312   0.00840
 747     7.778  -15276311.991  88274098  -0.01062  -0.01067
 748     7.908  -15276429.277  84643807   0.00055  -0.00270
 749     8.018  -15275871.137  87233578  -0.00487  -0.01214
 750     7.938  -15276695.849  84115512  -0.00448  -0.00322
 751     7.858  -15276247.064  86675475  -0.00254  -0.00557
 752     7.748  -15276625.399  82074894   0.00256   0.00521
 753     7.998  -15276887.934  77024576  -0.00599   0.01453
 754     7.788  -15276648.803  84479124   0.00409  -0.00078
 755     7.728  -15276714.669  83681770   0.00362   0.00069
 756     7.858  -15276317.066  84465903  -0.00444  -0.00160
 757     7.868  -15276142.758  85616526  -0.00044  -0.00358
 758     7.988  -15276491.442  81093924   0.00203   0.00436
 759     7.858  -15275597.888  90848589  -0.00225  -0.01601
 760     7.658  -15276662.206  86482940  -0.00098  -0.00745
 761     7.588  -15276641.676  83773167  -0.00072   0.00046
 762     7.748  -15276130.215  87464573  -0.00202  -0.00710
 763     7.778  -15276153.101  87260604   0.00117  -0.00532
 764     7.758  -15276704.032  81669144  -0.00330   0.00474
 765     7.878  -15275798.289  87512716  -0.00308  -0.00904
 766     7.968  -15276303.436  83773197  -0.00404   0.00065
 767     7.728  -15276279.702  86137888   0.00338  -0.00515
 768     8.058  -15276745.985  78353416   0.00487   0.01061
 769     8.078  -15276375.550  82585186   0.00218  -0.00043
 770     7.998  -15276437.805  83281617   0.00637   0.00109
 771     8.038  -15276245.590  84294339  -0.00954  -0.00372
 772     7.898  -15276210.029  82816305  -0.00121   0.00163
 773     7.968  -15276753.460  81608660  -0.00340   0.00320
 774     7.898  -15276207.256  87225542   0.00599  -0.00770
 775     7.908  -15276732.574  80865180  -0.00575   0.00741
 776     7.898  -15275758.841  88696763   0.00374  -0.01024
 777     7.938  -15276606.396  81534601  -0.00979   0.00297
 778     7.968  -15276295.489  84271721   0.00021  -0.00143
 779     8.138  -15276227.102  80550747  -0.00934   0.00538
 780     8.188  -15276081.188  85110523   0.00004  -0.00230
 781     7.818  -15276507.857  84160287   0.00416   0.00077
 782     8.008  -15276329.023  81121282   0.00037   0.00637
 783     7.758  -15276728.771  82257854  -0.00830   0.00591
 784     8.018  -15276430.464  83776662  -0.00145  -0.00164
 785     7.658  -15276464.343  86426308  -0.00322  -0.00432
 786     8.118  -15276645.531  77860489  -0.00138   0.01147
 787     7.708  -15276839.203  81917261   0.00066   0.00553
 788     7.868  -15276122.651  87668822   0.00285  -0.00768
 789     7.768  -15276479.707  84820538   0.00422  -0.00211
 790     7.808  -15276889.016  81023047   0.00108   0.00568
 791     8.028  -15276701.820  80010385  -0.00012   0.00687
 792     8.138  -15276382.747  78377086  -0.00827   0.01052
 793     7.818  -15276132.118  85957772   0.00082  -0.00432
 794     7.648  -15276400.783  88336749   0.00331  -0.00651
 795     7.658  -15276312.442  87045676  -0.00636  -0.00577
 796     7.748  -15276499.628  83306991  -0.00228   0.00171
 797     7.748  -15276871.705  82549851  -0.00553   0.00101
 798     8.068  -15276426.576  83185645   0.00738   0.00042
 799     8.038  -15275897.552  83005001  -0.01020   0.00303
 800     7.818  -15276370.033  83074801  -0.00460   0.00205
 801     7.698  -15276583.111  84898548   0.00184  -0.00219
 802     7.818  -15276346.606  83710188   0.00461  -0.00188
 803     8.268  -15276175.015  82295153  -0.00392   0.00255
 804     7.668  -15276300.892  87424809   0.01119  -0.00742
 805     7.688  -15277082.565  80016337   0.00096   0.00883
 806     7.988  -15277042.671  77839056   0.00300   0.01357
 807     8.228  -15276343.015  81819336  -0.00242   0.00211
 808     7.868  -15276616.905  82003267  -0.00372   0.00363
 809     7.778  -15276400.287  88115081   0.00521  -0.00905
 810     7.758  -15276518.539  86199059   0.00649  -0.00739
 811     7.758  -15276001.008  88921602   0.00467  -0.00970
 812     7.918  -15276235.966  86812254   0.00395  -0.00654
 813     7.878  -15276404.705  85600576  -0.00204  -0.00281
 814     8.018  -15276598.928  78687998  -0.00224   0.01076
 815     8.178  -15276586.178  81723415   0.00000   0.00165
 816     7.698  -15276565.227  84551719   0.00347  -0.00230
 817     8.088  -15276067.645  85134241  -0.00297  -0.00318
 818     7.658  -15276573.057  84313862  -0.00200  -0.00043
 819     8.078  -15276440.268  81046812   0.00118   0.00375
 820     8.138  -15276554.169  78718560  -0.00378   0.00767
 821     8.028  -15276190.853  83791012   0.00549  -0.00069
 822     8.038  -15275658.601  90483863   0.00377  -0.01154
 823     7.978  -15276430.575  82031351  -0.01062   0.00245
 824     7.978  -15276296.672  83100137  -0.00565   0.00174
 825     7.938  -15276312.401  85974826  -0.00125  -0.00407
 826     8.198  -15276552.221  78896664  -0.00732   0.00695
 827     7.758  -15276344.221  83554457   0.00375   0.00123
 828     7.858  -15276227.347  84506629   0.00023  -0.00135
 829     7.848  -15276555.658  83132450  -0.00053   0.00132
 830     7.988  -15276459.041  83747064   0.00652  -0.00073
 831     7.938  -15276367.599  85085295  -0.00125  -0.00269
 832     7.948  -15277158.793  75628120  -0.00763   0.01577
 833     7.988  -15276695.575  82783180   0.00025  -0.00040
 834     7.988  -15276233.856  84366093   0.00490  -0.00072
 835     7.838  -15276587.955  82042410   0.00329   0.00300
 836     8.008  -15275740.650  88656582  -0.00392  -0.00801
 837     7.658  -15276572.863  84554854  -0.00651  -0.00234
 838     7.938  -15276718.063  81301847  -0.00053   0.00534
 839     7.798  -15276872.969  82245454   0.00339   0.00491
 840     8.068  -15276547.223  78768585  -0.00483   0.00984
 841     7.548  -15276678.075  85145181   0.00878  -0.00257
 842     7.868  -15275741.573  88554655  -0.00269  -0.01162
 843     7.908  -15275869.801  88079424   0.00392  -0.00830
 844     8.088  -15275911.266  86405953  -0.00050  -0.00659
 845     7.868  -15276316.378  85037038   0.00560  -0.00315
 846     7.748  -15277044.953  79328705   0.00618   0.01011
 847     8.048  -15276495.347  79423553  -0.00325   0.00852
 848     7.938  -15276473.437  81922714   0.01016   0.00515
 849     7.768  -15276044.413  88336087   0.00255  -0.00880
 850     7.768  -15276368.301  84446456  -0.00174   0.00013
 851     7.898  -15276145.487  85686896   0.00077  -0.00460
 852     7.708  -15276253.302  86737737   0.00366  -0.00448
 853     7.968  -15276231.690  85155569   0.00435  -0.00024
 854     8.128  -15277156.561  76613806  -0.00006   0.01626
 855     7.748  -15276567.452  82408404  -0.00329   0.00369
 856     7.918  -15276669.066  81234231  -0.00028   0.00305
 857     7.948  -15276635.953  81919229  -0.00028   0.00282
 858     7.758  -15276850.905  80513062  -0.00567   0.00636
 859     7.818  -15276532.382  85059419   0.00312  -0.00144
 860     7.978  -15276295.820  83325163  -0.00028   0.00111
 861     8.308  -15276258.969  80575154  -0.00086   0.00335
 862     7.748  -15276673.498  82508588   0.00211   0.00330
 863     7.798  -15276458.957  84972684  -0.00307  -0.00377
 864     7.978  -15276044.554  84609205  -0.00058  -0.00180
 865     7.768  -15276420.072  84490901   0.00040  -0.00068
 866     7.768  -15276927.911  80535745   0.00093   0.00638
 867     7.628  -15276221.398  90589877   0.00456  -0.01443
 868     7.748  -15276434.166  85784135   0.00465  -0.00281
 869     8.008  -15276403.129  82157090  -0.00108   0.00172
 870     7.828  -15276416.239  83935129   0.00035  -0.00127
 871     8.068  -15276488.871  81857724   0.00527   0.00196
 872     7.868  -15276823.765  80392441  -0.00076   0.00538
 873     7.698  -15276129.708  88786193  -0.00191  -0.01176
 874     7.698  -15276410.488  84981289   0.00536  -0.00250
 875     7.868  -15276732.508  82232668   0.00692   0.00521
 876     7.998  -15276273.460  82091270   0.00110   0.00325
 877     8.028  -15276463.461  81866565   0.00063   0.00231
 878     8.068  -15276464.719  78400140  -0.01480   0.01181
 879     8.118  -15276400.389  82807914   0.00006   0.00109
 880     7.898  -15276815.958  82170090   0.00388   0.00367
 881     7.808  -15276107.638  89636222   0.00251  -0.00919
 882     8.038  -15276197.619  82329225  -0.00669   0.00648
 883     7.968  -15276313.606  84905899  -0.00297  -0.00380
 884     8.158  -15275844.376  83695856  -0.01305   0.00297
 885     7.828  -15276167.778  84742735  -0.00295  -0.00248
 886     8.038  -15276055.257  88567499   0.00855  -0.01005
 887     7.708  -15276582.798  82947640  -0.00010   0.00195
 888     7.878  -15275914.044  89090171  -0.00488  -0.01128
 889     7.938  -15276638.470  83608364   0.00986   0.00007
 890     8.068  -15276401.466  83202145  -0.00449  -0.00222
 891     8.058  -15276852.313  75721616  -0.00542   0.01538
 892     7.788  -15276817.226  78912720  -0.00309   0.00978
 893     8.118  -15276228.110  81652113  -0.00573   0.00442
 894     8.198  -15276005.346  84620472  -0.00888  -0.00388
 895     8.078  -15276010.792  87813341  -0.00175  -0.01128
 896     8.258  -15276103.435  81971440  -0.00341   0.00398
 897     7.908  -15276210.359  85475629   0.01011  -0.00327
 898     7.788  -15276279.436  86885118   0.00461  -0.00539
 899     8.028  -15276641.058  83563493  -0.00914   0.00079
 900     7.808  -15276437.723  86627589   0.00146  -0.00639
 901     7.958  -15276622.769  83279200   0.00604   0.00029
 902     7.868  -15276427.196  82044036   0.00203   0.00600
 903     7.778  -15276302.742  84820758   0.00150  -0.00340
 904     7.728  -15276632.491  83858291   0.00391  -0.00017
 905     7.988  -15276317.500  84160875   0.00539   0.00036
 906     7.968  -15276448.955  83510831   0.00215  -0.00099
 907     8.028  -15276231.162  85642892  -0.00453  -0.00570
 908     7.768  -15276898.041  81713891   0.00087   0.00421
 909     7.628  -15276806.245  83975992   0.00293  -0.00064
 910     7.888  -15276120.352  85363268   0.00381  -0.00026
 911     7.908  -15276775.152  81473235  -0.00244   0.00474
 912     7.908  -15276096.705  85436806  -0.00488  -0.00457
 913     8.078  -15276349.217  77793427  -0.00747   0.01128
 914     7.908  -15276498.430  79535851  -0.00254   0.00695
 915     7.628  -15276156.655  88132180   0.00133  -0.01066
 916     7.788  -15276184.142  85687225   0.00176  -0.00543
 917     8.268  -15276080.976  81974496  -0.00311   0.00357
 918     8.288  -15275871.561  83536939  -0.00677   0.00002
 919     7.738  -15275983.655  87823115  -0.00330  -0.00840
 920     7.698  -15276739.463  84346095   0.00598  -0.00105
 921     7.758  -15276155.710  88504105   0.00514  -0.01251
 922     8.148  -15276040.437  82912613  -0.00290  -0.00012
 923     7.708  -15276741.959  81239641  -0.00678   0.00419
 924     8.028  -15276700.126  79535006   0.00049   0.01101
 925     7.798  -15277017.349  78968738   0.00561   0.01099
 926     7.938  -15276453.999  83944916   0.00228   0.00031
 927     7.768  -15276239.689  89921403   0.00839  -0.01385
 928     8.088  -15276368.716  81115229  -0.00262   0.00560
 929     7.948  -15276418.020  82030624   0.00007   0.00323
 930     7.888  -15276617.919  82008717  -0.00557   0.00642
 931     7.788  -15276375.397  82036498   0.00179   0.00655
 932     7.818  -15276369.685  83451444  -0.00333  -0.00027
 933     8.048  -15276210.821  86286516   0.00122  -0.00573
 934     7.938  -15275918.403  89243783  -0.00184  -0.01313
 935     7.878  -15276191.962  85319633  -0.00219  -0.00465
 936     8.028  -15276568.150  79853710  -0.00344   0.00615
 937     7.998  -15276326.356  85411863   0.00242  -0.00475
 938     7.998  -15276653.282  82269645  -0.00481   0.00319
 939     7.708  -15276448.254  86081574   0.00186  -0.00414
 940     7.948  -15275971.084  86834430   0.00112  -0.00548
 941     8.038  -15275964.096  84719946  -0.00429  -0.00515
 942     7.908  -15275964.764  88765358   0.00246  -0.01160
 943     7.678  -15276665.698  83011819   0.00685   0.00352
 944     7.798  -15276740.722  82608520   0.00624   0.00408
 945     7.928  -15276495.967  84239974   0.00100  -0.00326
 946     7.718  -15276444.261  83933398   0.00077   0.00034
 947     7.878  -15276359.602  82690754   0.00235   0.00169
 948     8.288  -15275509.626  88112174  -0.00065  -0.00941
 949     7.898  -15276505.218  80561656  -0.00023   0.00724
 950     7.798  -15276311.458  88081694   0.00720  -0.00964
 951     8.088  -15276319.681  81341939   0.00223   0.00434
 952     8.188  -15276104.582  81345350  -0.00909   0.00410
 953     7.778  -15276269.491  86870205   0.00111  -0.00842
 954     7.768  -15276494.002  86517391   0.00269  -0.00658
 955     8.118  -15276259.100  82844271  -0.00568   0.00186
 956     8.028  -15276390.007  81532928  -0.00617   0.00212
 957     7.998  -15276980.162  76914808  -0.00099   0.01467
 958     8.118  -15276627.344  79497574  -0.00465   0.00791
 959     7.738  -15276960.797  81004980   0.00705   0.00681
 960     8.338  -15275969.397  82406984  -0.00645   0.00018
 961     8.108  -15276496.058  83046784   0.00408   0.00227
 962     7.838  -15276000.826  87403099  -0.00538  -0.00865
 963     7.968  -15276723.756  81158341   0.00445   0.00635
 964     7.848  -15276388.289  84076416   0.00389   0.00153
 965     7.738  -15276434.631  86396506  -0.00004  -0.00541
 966     7.848  -15276247.994  89361634   0.00677  -0.01225
 967     7.728  -15276092.779  87439318  -0.00000  -0.00873
 968     8.018  -15276307.448  80608258  -0.01417   0.00605
 969     7.808  -15276069.019  85831032   0.00590  -0.00377
 970     7.928  -15276524.748  83333679  -0.00213  -0.00010
 971     8.028  -15275815.004  87073277  -0.00063  -0.00842
 972     7.888  -15276310.898  84659751  -0.00049  -0.00228
 973     7.658  -15276336.318  86479210   0.00043  -0.00655
 974     8.308  -15276203.523  79295183  -0.00126   0.00899
 975     7.588  -15276808.318  82171716   0.00282   0.00645
 976     8.098  -15276086.503  81622987  -0.00436   0.00318
 977     7.748  -15276697.688  82607408   0.00265   0.00507
 978     8.058  -15275917.629  86874053  -0.00382  -0.00637
 979     8.048  -15276296.335  84557141   0.00204  -0.00240
 980     7.638  -15276540.209  86060660   0.00320  -0.00352
 981     7.958  -15276434.914  83056192  -0.00030   0.00153
 982     8.098  -15276708.408  79473754  -0.00704   0.00971
 983     7.898  -15276659.674  81420272   0.00458   0.00502
 984     7.678  -15276705.158  83774816   0.00431   0.00089
 985     8.188  -15275784.498  83786545  -0.01290   0.00036
 986     7.698  -15276279.087  86998559   0.00762  -0.00607
 987     8.148  -15276146.701  83655104  -0.00069  -0.00380
 988     8.368  -15275970.426  83119766  -0.00764  -0.00075
 989     7.818  -15276061.693  87806902  -0.00150  -0.01136
 990     7.668  -15276495.013  86479313   0.00295  -0.00434
 991     7.788  -15276332.616  84411393  -0.00051  -0.00383
 992     7.778  -15276852.834  81368711   0.00087   0.00726
 993     7.838  -15276521.930  81428557  -0.00422   0.00310
 994     7.838  -15276941.146  79165358  -0.00654   0.00957
 995     7.918  -15276891.831  79314061   0.00274   0.00907
 996     7.778  -15276259.982  88159579   0.00319  -0.01029
 997     8.168  -15276165.335  83545926  -0.00540  -0.00020
 998     7.828  -15276793.354  83724509   0.00200  -0.00049
 999     8.078  -15276445.950  82102409  -0.01227   0.00331
1000     7.578  -15276435.954  84831019   0.01006  -0.00071
