922 30000.000 L
67.000
69.000
102.000
120.000
207.000
314.000
383.000
426.000
489.000
501.000
522.000
561.000
566.000
720.000
745.000
816.000
867.000
870.000
882.000
897.000
902.000
903.000
915.000
945.000
1152.000
1198.000
1239.000
1287.000
1326.000
1327.000
1357.000
1392.000
1464.000
1474.000
1701.000
1704.000
1740.000
1866.000
1887.000
1890.000
1908.000
1925.000
1943.000
1963.000
2004.000
2079.000
2194.000
2202.000
2307.000
2343.000
2346.000
2358.000
2451.000
2526.000
2585.000
2624.000
2631.000
2634.000
2681.000
2698.000
2934.000
2979.000
3065.000
3108.000
3153.000
3254.000
3329.000
3346.000
3374.000
3380.000
3381.000
3399.000
3408.000
3415.000
3417.000
3477.000
3486.000
3552.000
3668.000
3669.000
3687.000
3759.000
3816.000
4002.000
4143.000
4170.000
4320.000
4422.000
4446.000
4516.000
4569.000
4809.000
4845.000
4857.000
4996.000
5013.000
5037.000
5117.000
5202.000
5232.000
5376.000
5451.000
5469.000
5604.000
5662.000
5664.000
5727.000
5769.000
5807.000
5808.000
5907.000
6000.000
6069.000
6138.000
6295.000
6325.000
6327.000
6375.000
6399.000
6624.000
6631.000
6804.000
6805.000
6832.000
6849.000
6915.000
6929.000
7008.000
7035.000
7068.000
7110.000
7143.000
7237.000
7242.000
7330.000
7352.000
7353.000
7398.000
7698.000
7710.000
7731.000
7749.000
7764.000
7851.000
7887.000
7890.000
7908.000
7938.000
7956.000
7983.000
8068.000
8071.000
8112.000
8121.000
8170.000
8277.000
8295.000
8313.000
8515.000
8579.000
8598.000
8616.000
8703.000
8856.000
8901.000
8931.000
8991.000
9017.000
9024.000
9099.000
9144.000
9210.000
9294.000
9396.000
9432.000
9449.000
9578.000
9591.000
9636.000
9684.000
9765.000
9790.000
9825.000
9849.000
9855.000
9903.000
9918.000
9936.000
10089.000
10182.000
10200.000
10276.000
10308.000
10317.000
10450.000
10452.000
10494.000
10518.000
10568.000
10579.000
10599.000
10680.000
10701.000
10761.000
10947.000
11167.000
11191.000
11294.000
11316.000
11320.000
11352.000
11416.000
11418.000
11490.000
11544.000
11565.000
11568.000
11628.000
11634.000
11639.000
11649.000
11694.000
11702.000
11713.000
11898.000
11913.000
11937.000
11973.000
11997.000
12129.000
12201.000
12204.000
12237.000
12538.000
12588.000
12657.000
12690.000
12765.000
12801.000
12876.000
12948.000
13137.000
13158.000
13212.000
13216.000
13266.000
13312.000
13314.000
13379.000
13407.000
13482.000
13572.000
13626.000
13638.000
13650.000
13653.000
13824.000
13902.000
13920.000
14076.000
14274.000
14301.000
14319.000
14328.000
14357.000
14393.000
14451.000
14517.000
14545.000
14637.000
14694.000
14847.000
14994.000
15018.000
15123.000
15153.000
15229.000
15284.000
15396.000
15404.000
15405.000
15462.000
15483.000
15516.000
15591.000
15608.000
15633.000
15654.000
15693.000
15711.000
15741.000
15750.000
15777.000
15795.000
15828.000
15932.000
15996.000
16035.000
16079.000
16080.000
16227.000
16281.000
16413.000
16428.000
16470.000
16481.000
16547.000
16597.000
16617.000
16629.000
16662.000
16761.000
16800.000
16829.000
16972.000
17048.000
17159.000
17328.000
17409.000
17443.000
17544.000
17568.000
17718.000
17778.000
17793.000
17850.000
17856.000
17966.000
17998.000
18006.000
18010.000
18062.000
18157.000
18198.000
18225.000
18266.000
18351.000
18402.000
18411.000
18489.000
18609.000
18633.000
18693.000
18734.000
18789.000
19007.000
19026.000
19179.000
19188.000
19229.000
19233.000
19278.000
19331.000
19350.000
19405.000
19407.000
19419.000
19677.000
19740.000
19922.000
19955.000
19956.000
19986.000
20011.000
20056.000
20058.000
20096.000
20097.000
20106.000
20134.000
20136.000
20142.000
20155.000
20173.000
20220.000
20223.000
20298.000
20304.000
20310.000
20343.000
20355.000
20356.000
20358.000
20363.000
20382.000
20388.000
20421.000
20478.000
20481.000
20502.000
20547.000
20550.000
20583.000
20660.000
20661.000
20674.000
20701.000
20703.000
20710.000
20712.000
20715.000
20731.000
20733.000
20794.000
20796.000
20803.000
20805.000
20821.000
20833.000
20838.000
20841.000
20887.000
20895.000
20913.000
20943.000
20997.000
21003.000
21012.000
21033.000
21037.000
21038.000
21039.000
21074.000
21075.000
21084.000
21096.000
21126.000
21130.000
21132.000
21141.000
21143.000
21144.000
21147.000
21173.000
21174.000
21183.000
21186.000
21195.000
21225.000
21230.000
21276.000
21294.000
21298.000
21315.000
21327.000
21335.000
21336.000
21353.000
21381.000
21390.000
21402.000
21428.000
21435.000
21450.000
21452.000
21531.000
21552.000
21555.000
21570.000
21573.000
21639.000
21654.000
21657.000
21672.000
21682.000
21683.000
21706.000
21708.000
21712.000
21726.000
21740.000
21741.000
21744.000
21747.000
21754.000
21774.000
21818.000
21819.000
21855.000
21879.000
21881.000
21903.000
21915.000
21927.000
21945.000
21954.000
21978.000
21987.000
21993.000
22091.000
22119.000
22166.000
22167.000
22173.000
22186.000
22211.000
22212.000
22218.000
22233.000
22242.000
22296.000
22322.000
22348.000
22370.000
22371.000
22392.000
22402.000
22428.000
22444.000
22445.000
22455.000
22464.000
22470.000
22485.000
22494.000
22509.000
22525.000
22527.000
22533.000
22536.000
22548.000
22557.000
22596.000
22621.000
22622.000
22653.000
22674.000
22682.000
22683.000
22690.000
22758.000
22782.000
22792.000
22794.000
22820.000
22821.000
22851.000
22867.000
22905.000
22961.000
22962.000
22965.000
23002.000
23013.000
23025.000
23046.000
23052.000
23069.000
23076.000
23083.000
23088.000
23100.000
23151.000
23178.000
23208.000
23211.000
23224.000
23226.000
23241.000
23325.000
23331.000
23358.000
23359.000
23361.000
23363.000
23407.000
23408.000
23478.000
23580.000
23584.000
23585.000
23601.000
23610.000
23619.000
23631.000
23641.000
23652.000
23661.000
23664.000
23672.000
23673.000
23691.000
23712.000
23790.000
23805.000
23824.000
23826.000
23838.000
23848.000
23850.000
23880.000
23904.000
23910.000
23913.000
23946.000
23950.000
23951.000
23970.000
23973.000
23991.000
24006.000
24027.000
24033.000
24045.000
24056.000
24057.000
24060.000
24075.000
24102.000
24108.000
24111.000
24201.000
24208.000
24216.000
24243.000
24246.000
24255.000
24266.000
24273.000
24277.000
24279.000
24307.000
24327.000
24348.000
24351.000
24353.000
24376.000
24408.000
24414.000
24423.000
24438.000
24471.000
24477.000
24491.000
24498.000
24501.000
24522.000
24552.000
24570.000
24573.000
24585.000
24621.000
24647.000
24657.000
24660.000
24678.000
24731.000
24732.000
24747.000
24756.000
24768.000
24777.000
24780.000
24834.000
24835.000
24836.000
24864.000
24879.000
24951.000
24960.000
24990.000
24998.000
24999.000
25020.000
25023.000
25035.000
25067.000
25078.000
25108.000
25122.000
25125.000
25173.000
25195.000
25197.000
25203.000
25218.000
25236.000
25266.000
25336.000
25350.000
25362.000
25380.000
25385.000
25386.000
25387.000
25395.000
25398.000
25413.000
25425.000
25428.000
25446.000
25452.000
25458.000
25482.000
25491.000
25497.000
25503.000
25509.000
25518.000
25537.000
25539.000
25548.000
25593.000
25618.000
25620.000
25644.000
25689.000
25725.000
25743.000
25749.000
25821.000
25838.000
25863.000
25870.000
25872.000
25893.000
25896.000
25968.000
25979.000
25983.000
25991.000
26019.000
26037.000
26042.000
26079.000
26093.000
26094.000
26117.000
26131.000
26155.000
26157.000
26194.000
26247.000
26274.000
26288.000
26343.000
26351.000
26372.000
26403.000
26406.000
26407.000
26409.000
26430.000
26438.000
26439.000
26442.000
26452.000
26454.000
26481.000
26493.000
26496.000
26509.000
26580.000
26590.000
26595.000
26665.000
26674.000
26709.000
26724.000
26754.000
26757.000
26778.000
26784.000
26807.000
26808.000
26922.000
26925.000
26931.000
26935.000
26937.000
26942.000
26953.000
26964.000
26973.000
27009.000
27012.000
27021.000
27027.000
27045.000
27052.000
27057.000
27060.000
27072.000
27080.000
27122.000
27137.000
27142.000
27156.000
27168.000
27169.000
27171.000
27183.000
27207.000
27236.000
27237.000
27240.000
27252.000
27261.000
27273.000
27279.000
27311.000
27321.000
27325.000
27345.000
27346.000
27357.000
27372.000
27375.000
27380.000
27429.000
27483.000
27552.000
27567.000
27570.000
27578.000
27594.000
27621.000
27636.000
27648.000
27676.000
27684.000
27729.000
27795.000
27797.000
27810.000
27814.000
27897.000
27902.000
27922.000
27924.000
27948.000
27957.000
27987.000
28038.000
28050.000
28087.000
28089.000
28109.000
28110.000
28138.000
28155.000
28185.000
28197.000
28217.000
28239.000
28251.000
28320.000
28367.000
28368.000
28377.000
28410.000
28431.000
28434.000
28437.000
28503.000
28506.000
28518.000
28576.000
28578.000
28606.000
28655.000
28659.000
28676.000
28681.000
28683.000
28686.000
28719.000
28735.000
28763.000
28797.000
28812.000
28829.000
28884.000
28917.000
28929.000
28935.000
28952.000
28977.000
28995.000
29044.000
29068.000
29069.000
29108.000
29109.000
29118.000
29193.000
29217.000
29254.000
29256.000
29280.000
29283.000
29296.000
29306.000
29421.000
29490.000
29511.000
29553.000
29590.000
29592.000
29709.000
29725.000
29766.000
29787.000
29800.000
29801.000
29817.000
29824.000
29826.000
29835.000
29838.000
29869.000
29870.000
29871.000
29877.000
29886.000
29896.000
29898.000
29904.000
29937.000
29957.000
29984.000
29997.000