Distribution of estimated Rho values

Shuffle   Rho    Lkmax      G4     corr(r2,d)   corr(D',d)

   1     5.580  -9691426.200  182687045   0.01047   0.04693
   2     5.250  -9691355.628  186361545   0.00226   0.03841
   3     5.440  -9691258.058  185180387   0.00419   0.05483
   4     5.420  -9691386.826  185724737   0.00526   0.05734
   5     5.360  -9691178.578  182915175  -0.00373   0.06519
   6     5.380  -9691549.940  189166866  -0.00036   0.05092
   7     5.400  -9691478.468  187903359   0.00551   0.03470
   8     5.300  -9691342.705  188029074   0.00055   0.03712
   9     5.190  -9691251.162  190158483   0.00021   0.02927
  10     5.280  -9691362.066  187081438   0.00730   0.05111
  11     5.190  -9691361.973  186533085   0.00229   0.05860
  12     5.370  -9691577.803  186509085   0.00004   0.04219
  13     5.490  -9691538.622  184765989   0.00039   0.04366
  14     5.270  -9691169.656  186331523   0.00081   0.05993
  15     5.510  -9691544.922  182624823  -0.00137   0.04641
  16     5.340  -9691358.611  191936997  -0.00057   0.02570
  17     5.350  -9691502.717  190092674   0.00406   0.04918
  18     5.370  -9691397.906  185525448   0.00531   0.04988
  19     5.360  -9691580.856  187293554   0.00818   0.04079
  20     5.340  -9691440.336  186598939   0.01367   0.03504
  21     5.390  -9691346.525  190930828  -0.00146   0.03197
  22     5.410  -9691508.210  189587397   0.00440   0.03289
  23     5.250  -9691510.354  179391431   0.00797   0.05989
  24     5.350  -9691364.990  179483823   0.00217   0.07058
  25     5.480  -9691337.686  182418494   0.00561   0.06886
  26     5.480  -9691519.543  185335309  -0.00125   0.05353
  27     5.210  -9691416.351  184452980  -0.00068   0.05518
  28     5.400  -9691251.058  186695488  -0.00678   0.05441
  29     5.250  -9691461.958  191220345   0.00381   0.02680
  30     5.180  -9691402.088  191080182   0.00860   0.02077
  31     5.480  -9691262.528  186314338   0.00277   0.03366
  32     5.560  -9691356.812  182245635  -0.00730   0.05708
  33     5.560  -9691664.021  182025667   0.00744   0.04166
  34     5.480  -9691418.856  190634153   0.00521   0.02598
  35     5.340  -9691480.989  181996248   0.00800   0.06443
  36     5.090  -9691330.095  185501228   0.00266   0.03828
  37     5.420  -9691220.463  186494040  -0.00673   0.03831
  38     5.590  -9691608.736  188751124   0.00066   0.03013
  39     5.380  -9691505.219  185270559   0.00010   0.03676
  40     5.280  -9691523.606  183757005   0.00004   0.06150
  41     5.500  -9691454.902  182382036  -0.00097   0.06153
  42     5.350  -9691458.256  177843365   0.00791   0.06006
  43     5.310  -9691489.385  183546992  -0.00171   0.05031
  44     5.500  -9691441.187  191003577  -0.00274   0.02483
  45     5.290  -9691366.959  190061931  -0.00262   0.04669
  46     5.400  -9691480.422  187691912   0.00653   0.05198
  47     5.240  -9691362.802  188074733   0.00357   0.04048
  48     5.400  -9691210.542  190181139  -0.00001   0.04454
  49     5.340  -9691328.142  186242192   0.00706   0.03841
  50     5.390  -9691698.146  184607733   0.00094   0.06389
  51     5.320  -9691510.434  180949326   0.00175   0.07612
  52     5.420  -9691599.246  184399874   0.01474   0.05552
  53     5.220  -9691407.316  185773254   0.00605   0.05711
  54     5.300  -9691366.943  191147284   0.00776   0.02925
  55     5.410  -9691597.241  183566696  -0.00291   0.05475
  56     5.160  -9691453.002  185573021   0.01121   0.05092
  57     5.490  -9691411.001  190087701   0.00205   0.02817
  58     5.230  -9691395.782  177497754   0.00033   0.06754
  59     5.240  -9691529.325  186212610   0.00385   0.04378
  60     5.260  -9691588.307  186150873   0.00952   0.03999
  61     5.490  -9691206.789  184758925   0.00062   0.05876
  62     5.210  -9691448.476  190300549   0.00138   0.03359
  63     5.250  -9691381.805  186511036   0.00439   0.04077
  64     5.640  -9691570.498  189328825   0.00216   0.03075
  65     5.480  -9691618.694  190771483   0.00551   0.03793
  66     5.240  -9691339.972  180406133   0.00899   0.06726
  67     5.620  -9691468.673  187457788   0.00567   0.05989
  68     5.210  -9691371.777  184370713   0.00252   0.03594
  69     5.390  -9691270.849  187308294   0.00988   0.03991
  70     5.490  -9691552.390  188443265   0.00209   0.03591
  71     5.360  -9691463.963  185301115   0.00410   0.05094
  72     5.340  -9691534.111  183582073   0.01111   0.04318
  73     5.670  -9691335.097  187963597   0.00274   0.02706
  74     5.430  -9691407.455  187920079  -0.00183   0.03259
  75     5.290  -9691272.891  189912063  -0.00008   0.02609
  76     5.340  -9691418.715  188926108  -0.00038   0.02517
  77     5.260  -9691415.847  183637769   0.00535   0.03000
  78     5.330  -9691378.319  186287551   0.00218   0.04905
  79     5.400  -9691473.910  187515224   0.01103   0.02467
  80     5.300  -9691448.253  185475720   0.00764   0.05057
  81     5.440  -9691425.269  189467984  -0.00001   0.04022
  82     5.320  -9691472.917  185747715   0.00807   0.04719
  83     5.250  -9691473.952  189594594   0.01087   0.03616
  84     5.260  -9691397.056  184601355   0.00356   0.03863
  85     5.430  -9691285.345  189248216   0.00552   0.04621
  86     5.360  -9691497.051  187347588  -0.00200   0.02899
  87     5.190  -9691342.856  184482349   0.00288   0.05333
  88     5.560  -9691280.047  182974415   0.00541   0.05053
  89     5.250  -9691549.257  180374525   0.00510   0.05873
  90     5.170  -9691399.980  185503266   0.00933   0.04761
  91     5.370  -9691518.549  178394946   0.00449   0.07521
  92     5.490  -9691331.941  188328144   0.00766   0.04592
  93     5.190  -9691264.642  183943800   0.01015   0.06791
  94     5.440  -9691678.595  185251900   0.00665   0.05897
  95     5.410  -9691600.547  188337418  -0.00087   0.02668
  96     5.330  -9691539.487  183930796   0.00496   0.05157
  97     5.370  -9691372.744  182178101   0.00263   0.06203
  98     5.340  -9691343.553  188444316   0.00578   0.03823
  99     5.410  -9691596.325  181759707   0.00985   0.04883
 100     5.360  -9691439.606  187883232   0.00220   0.03684
 101     5.320  -9691333.379  188269311   0.00566   0.03489
 102     5.290  -9691275.310  185087303   0.01011   0.06984
 103     5.290  -9691562.469  184015440   0.00980   0.04994
 104     5.310  -9691410.186  188591143   0.00409   0.04049
 105     5.570  -9691491.239  185423166   0.00894   0.04761
 106     5.300  -9691314.969  184570972   0.00257   0.05553
 107     5.570  -9691597.242  185053775   0.01072   0.04409
 108     5.420  -9691457.081  190498876   0.00740   0.03011
 109     5.620  -9691673.196  191977300  -0.00072   0.01888
 110     5.310  -9691305.057  190601366   0.00533   0.04617
 111     5.390  -9691223.163  184643345   0.00175   0.05850
 112     5.380  -9691389.799  187559061  -0.00268   0.03527
 113     5.400  -9691593.326  188289107   0.01005   0.05863
 114     5.590  -9691429.337  190005551  -0.00363   0.04529
 115     5.440  -9691122.263  187062745  -0.00267   0.02000
 116     5.390  -9691348.356  191403938   0.00048   0.03486
 117     5.350  -9691373.636  189026765  -0.00492   0.03176
 118     5.300  -9691287.849  188389208  -0.00049   0.04281
 119     5.290  -9691376.313  186098584   0.01223   0.05645
 120     5.440  -9691375.801  182300478   0.00123   0.05421
 121     5.210  -9691406.849  187136557   0.00371   0.02979
 122     5.350  -9691572.272  183316060   0.01152   0.05555
 123     5.300  -9691467.815  190116159   0.00380   0.03782
 124     5.460  -9691383.878  187255107   0.00169   0.03895
 125     5.380  -9691451.936  182860993   0.00920   0.07064
 126     5.390  -9691131.829  191941854  -0.00131   0.02784
 127     5.430  -9691413.757  190720701   0.00613   0.05252
 128     5.120  -9691451.719  189024162   0.00439   0.02573
 129     5.150  -9691426.873  184760040   0.00000   0.04737
 130     5.340  -9691584.154  184061583   0.00961   0.05425
 131     5.250  -9691566.541  187039395   0.00812   0.04008
 132     5.310  -9691441.907  183181459   0.00053   0.05502
 133     5.380  -9691565.216  181026816   0.00898   0.07065
 134     5.250  -9691391.172  183566608   0.00159   0.06186
 135     5.310  -9691589.346  180807261   0.00560   0.07702
 136     5.320  -9691468.509  180408927   0.00336   0.06510
 137     5.330  -9691271.788  182475506   0.00105   0.05814
 138     5.350  -9691408.046  190208266   0.00511   0.03197
 139     5.590  -9691347.374  187282197  -0.00356   0.02831
 140     5.340  -9691289.323  182815350   0.01226   0.05279
 141     5.340  -9691351.322  188107654  -0.00097   0.03262
 142     5.350  -9691452.816  187565744  -0.00011   0.04020
 143     5.300  -9691411.605  185099475   0.00587   0.04974
 144     5.310  -9691419.145  185281726   0.00442   0.05474
 145     5.270  -9691297.644  185654468  -0.00002   0.03198
 146     5.500  -9691521.385  181846472  -0.00025   0.05182
 147     5.310  -9691335.868  185150911  -0.00222   0.05251
 148     5.300  -9691554.841  181433560   0.00791   0.04478
 149     5.480  -9691161.293  187388661  -0.00159   0.03474
 150     5.400  -9691385.775  181838771   0.00671   0.04752
 151     5.270  -9691481.338  182971871   0.00596   0.06276
 152     5.370  -9691417.619  179599614   0.00173   0.07539
 153     5.600  -9691455.598  189667825  -0.00257   0.01936
 154     5.470  -9691344.090  187276307   0.00670   0.04547
 155     5.320  -9691419.239  188704417  -0.00163   0.03844
 156     5.440  -9691352.478  185602204   0.00353   0.04643
 157     5.510  -9691463.614  194467376   0.00422   0.01749
 158     5.270  -9691344.725  189950681   0.00299   0.03068
 159     5.390  -9691423.945  184516267   0.01271   0.06780
 160     5.350  -9691305.688  189029776   0.00430   0.02599
 161     5.610  -9691496.580  183711454   0.00017   0.04696
 162     5.270  -9691380.998  178332938   0.01117   0.07180
 163     5.540  -9691495.575  186610340   0.01051   0.04813
 164     5.400  -9691246.220  188866419  -0.00368   0.03813
 165     5.520  -9691502.145  188238520  -0.00308   0.02819
 166     5.410  -9691470.181  185287249   0.00565   0.04811
 167     5.410  -9691577.496  186902496   0.01052   0.03385
 168     5.470  -9691541.740  182443209   0.00884   0.04217
 169     5.580  -9691316.786  186755738  -0.00056   0.04822
 170     5.330  -9691367.836  188812919   0.00283   0.04155
 171     5.410  -9691409.334  182892851   0.00289   0.06456
 172     5.350  -9691455.975  185343612   0.00280   0.04950
 173     5.440  -9691374.854  184864174   0.00897   0.05639
 174     5.360  -9691761.772  179430553   0.00832   0.06005
 175     5.200  -9691377.495  186344199   0.00768   0.04093
 176     5.420  -9691535.530  188577106   0.00183   0.02752
 177     5.220  -9691376.002  188749343   0.00172   0.02694
 178     5.510  -9691514.846  184914125   0.00066   0.04370
 179     5.200  -9691560.259  185213471  -0.00201   0.04999
 180     5.300  -9691419.865  186903579   0.01284   0.04071
 181     5.350  -9691679.983  182226135   0.00635   0.05067
 182     5.370  -9691402.004  188866609   0.00718   0.02621
 183     5.380  -9691446.679  185618653   0.00820   0.05532
 184     5.430  -9691375.419  186493170   0.00108   0.04375
 185     5.370  -9691268.483  191860919  -0.00083   0.02408
 186     5.340  -9691404.637  183498610   0.00622   0.06398
 187     5.270  -9691426.355  184675752   0.00093   0.04639
 188     5.450  -9691529.700  184130060  -0.00098   0.05235
 189     5.260  -9691372.647  192713630   0.00087   0.02837
 190     5.140  -9691462.220  178991045   0.00908   0.07270
 191     5.460  -9691695.802  182321211   0.00584   0.04977
 192     5.340  -9691454.065  178785362   0.00981   0.05706
 193     5.450  -9691452.107  185567904   0.00896   0.05189
 194     5.410  -9691523.804  180727089   0.00338   0.07013
 195     5.430  -9691398.924  182325540  -0.00413   0.04973
 196     5.370  -9691432.146  180796639   0.00857   0.07761
 197     5.240  -9691596.288  185274472   0.00224   0.03485
 198     5.510  -9691641.397  183506614   0.00459   0.06019
 199     5.540  -9691227.170  189588372  -0.00338   0.04163
 200     5.360  -9691568.852  180883205   0.01246   0.06060
 201     5.420  -9691421.916  188651616   0.00760   0.04068
 202     5.310  -9691359.069  188710848  -0.00233   0.03848
 203     5.260  -9691413.184  183772118   0.00299   0.03987
 204     5.530  -9691421.265  182507186   0.00771   0.04750
 205     5.320  -9691560.537  183405415   0.00416   0.06682
 206     5.350  -9691310.883  181954465   0.00465   0.07125
 207     5.420  -9691344.510  185084717   0.00509   0.04345
 208     5.260  -9691284.739  184968865   0.00903   0.05908
 209     5.340  -9691376.848  191688727   0.00942   0.02280
 210     5.400  -9691436.138  182609023   0.01143   0.04447
 211     5.250  -9691410.039  181470628   0.00797   0.07116
 212     5.150  -9691238.680  181496659   0.00515   0.05746
 213     5.190  -9691357.408  184867518   0.00931   0.05535
 214     5.310  -9691311.430  189413361   0.00704   0.05206
 215     5.390  -9691216.366  183673603  -0.00727   0.05611
 216     5.370  -9691387.380  191218420   0.00394   0.04737
 217     5.420  -9691436.350  186939333   0.00171   0.03338
 218     5.590  -9691407.270  183447021   0.00687   0.05828
 219     5.390  -9691495.859  190388957   0.00903   0.03675
 220     5.400  -9691438.174  179251018   0.00863   0.06594
 221     5.570  -9691253.522  186957031  -0.00259   0.05498
 222     5.250  -9691516.538  186827690   0.00474   0.05004
 223     5.350  -9691597.973  181882661   0.00621   0.05282
 224     5.360  -9691275.475  190453460  -0.00430   0.02625
 225     5.260  -9691407.260  184496135   0.01076   0.05235
 226     5.330  -9691462.276  183358822   0.00314   0.05549
 227     5.290  -9691195.872  188545923  -0.00725   0.04141
 228     5.490  -9691408.044  186251112  -0.00072   0.03442
 229     5.350  -9691295.442  181331253  -0.00073   0.06949
 230     5.350  -9691317.357  178210277  -0.00164   0.06500
 231     5.450  -9691607.408  178561835   0.00288   0.05723
 232     5.530  -9691257.920  189586596  -0.00619   0.05012
 233     5.490  -9691639.619  178437247   0.00623   0.07933
 234     5.450  -9691349.963  192250972   0.00390   0.00797
 235     5.230  -9691465.156  182433428   0.00569   0.05871
 236     5.320  -9691325.480  180936889  -0.00226   0.06181
 237     5.490  -9691657.585  183078781   0.01501   0.07343
 238     5.390  -9691427.808  188465401  -0.00006   0.04976
 239     5.480  -9691437.248  187932955   0.00702   0.03436
 240     5.450  -9691565.153  182810404   0.00594   0.05420
 241     5.310  -9691470.774  189161423   0.00343   0.02610
 242     5.460  -9691562.085  187011408   0.00338   0.02683
 243     5.480  -9691299.804  188276690   0.00337   0.04227
 244     5.490  -9691254.072  191293319   0.00304   0.02836
 245     5.400  -9691546.779  180262620   0.00888   0.05294
 246     5.450  -9691419.380  186505075   0.00440   0.04135
 247     5.620  -9691564.062  186012124   0.00666   0.05518
 248     5.400  -9691400.915  179789375   0.01273   0.07470
 249     5.220  -9691440.126  177932896   0.01180   0.06090
 250     5.610  -9691319.192  183223519   0.00745   0.05956
 251     5.310  -9691420.775  189138064  -0.00178   0.05774
 252     5.240  -9691411.671  181710492   0.00634   0.07513
 253     5.390  -9691201.833  188253642  -0.00264   0.03661
 254     5.420  -9691505.517  184932797  -0.00349   0.04271
 255     5.200  -9691530.035  182921163   0.01213   0.06360
 256     5.240  -9691535.775  186411766   0.01254   0.04759
 257     5.500  -9691337.984  189138783  -0.00316   0.04489
 258     5.360  -9691443.606  189782536   0.00563   0.03493
 259     5.380  -9691336.116  191596929  -0.00676   0.04772
 260     5.450  -9691623.703  180753751  -0.00133   0.05851
 261     5.250  -9691416.162  183732650   0.00414   0.04817
 262     5.420  -9691424.432  185878790   0.00686   0.05482
 263     5.490  -9691468.108  188648092   0.00517   0.04240
 264     5.460  -9691475.116  183669947   0.00912   0.04629
 265     5.360  -9691371.414  187616501   0.00826   0.03760
 266     5.310  -9691262.731  192310249   0.00279   0.03763
 267     5.280  -9691386.204  188194805   0.00869   0.04287
 268     5.450  -9691397.654  186709728   0.00209   0.04045
 269     5.370  -9691329.101  191665052  -0.00272   0.03068
 270     5.500  -9691560.434  191659855   0.00263   0.02175
 271     5.320  -9691342.815  188326655   0.00481   0.03196
 272     5.370  -9691328.917  188484434  -0.00454   0.04129
 273     5.290  -9691477.062  179211556   0.00610   0.07010
 274     5.250  -9691432.924  184418031   0.00789   0.04076
 275     5.310  -9691310.123  185828867   0.00235   0.04543
 276     5.460  -9691477.286  185871999  -0.00324   0.03502
 277     5.190  -9691364.482  185409465   0.00443   0.03249
 278     5.390  -9691472.227  185117525   0.00876   0.03711
 279     5.250  -9691204.893  186696291  -0.00064   0.05549
 280     5.320  -9691472.950  184051570   0.00750   0.06533
 281     5.550  -9691360.210  180582547   0.00361   0.05865
 282     5.190  -9691342.117  189136898   0.00208   0.03495
 283     5.270  -9691566.294  183834664   0.00869   0.05336
 284     5.270  -9691321.581  186495125   0.01316   0.04539
 285     5.380  -9691422.548  181409278   0.00744   0.05968
 286     5.430  -9691439.121  186053313   0.00154   0.05575
 287     5.410  -9691447.291  188063974   0.00287   0.04237
 288     5.380  -9691487.879  181829098   0.00881   0.06218
 289     5.340  -9691299.059  183246977   0.00072   0.05158
 290     5.370  -9691301.594  188047138   0.00251   0.04668
 291     5.310  -9691367.526  185096663   0.00808   0.05977
 292     5.500  -9691535.113  182937300   0.00371   0.04535
 293     5.440  -9691179.540  186457427  -0.00423   0.04903
 294     5.250  -9691429.111  188491376   0.00265   0.03265
 295     5.310  -9691472.615  190930965   0.00565   0.01109
 296     5.410  -9691464.243  184384378   0.00354   0.05599
 297     5.340  -9691213.531  189411896   0.01083   0.04465
 298     5.430  -9691435.884  182398715  -0.00103   0.04889
 299     5.130  -9691394.677  184683874   0.00110   0.04186
 300     5.280  -9691221.407  185738463  -0.00264   0.03616
 301     5.430  -9691416.000  181657790   0.00567   0.05190
 302     5.460  -9691473.061  186858713   0.00765   0.03781
 303     5.490  -9691338.723  187204280  -0.00208   0.05378
 304     5.320  -9691447.070  184191291   0.00507   0.05770
 305     5.360  -9691406.030  184502253  -0.00355   0.04454
 306     5.380  -9691440.705  183737643   0.00311   0.04415
 307     5.330  -9691365.145  189424759   0.00649   0.03481
 308     5.390  -9691397.629  185931615   0.00443   0.05560
 309     5.420  -9691527.980  180843104   0.00733   0.05949
 310     5.440  -9691479.114  186853899   0.01247   0.04523
 311     5.630  -9691465.885  186853060   0.00086   0.04029
 312     5.540  -9691290.556  180694133  -0.00278   0.07647
 313     5.420  -9691417.792  188448699   0.00257   0.05095
 314     5.290  -9691329.498  185186546   0.00658   0.05796
 315     5.260  -9691408.508  185646251   0.00192   0.04571
 316     5.360  -9691229.704  183506287   0.00261   0.04783
 317     5.560  -9691558.430  176649128   0.00906   0.06502
 318     5.550  -9691406.316  185287826   0.00159   0.04543
 319     5.170  -9691421.658  188872933   0.01132   0.04344
 320     5.430  -9691498.325  184569398   0.00428   0.03398
 321     5.360  -9691230.915  182065890   0.00191   0.06389
 322     5.250  -9691450.759  184689479   0.00560   0.06872
 323     5.210  -9691622.464  182141992   0.00299   0.04645
 324     5.620  -9691307.220  190143942  -0.00562   0.02448
 325     5.500  -9691204.339  184659053  -0.00439   0.06582
 326     5.540  -9691597.490  190909177   0.00507   0.02876
 327     5.540  -9691273.189  182233983  -0.00027   0.06548
 328     5.640  -9691488.751  187189814  -0.00111   0.03298
 329     5.500  -9691586.784  182386396  -0.00101   0.05021
 330     5.420  -9691467.314  190537294   0.00337   0.00754
 331     5.520  -9691368.343  184587369   0.00454   0.05468
 332     5.330  -9691405.774  183629175   0.01001   0.04909
 333     5.320  -9691536.230  181220492   0.01061   0.06403
 334     5.460  -9691548.353  178877996   0.00833   0.06729
 335     5.390  -9691277.510  192022684   0.00042   0.02796
 336     5.390  -9691425.521  184547115   0.00259   0.04536
 337     5.570  -9691499.705  185057461   0.00770   0.03855
 338     5.410  -9691410.405  189467464  -0.00079   0.04745
 339     5.380  -9691418.624  190173875  -0.00136   0.03027
 340     5.410  -9691539.999  190235179  -0.00175   0.01707
 341     5.220  -9691239.279  186453750  -0.00730   0.03818
 342     5.400  -9691515.049  190691161   0.00864   0.03416
 343     5.310  -9691382.941  187093657   0.00569   0.06155
 344     5.210  -9691280.693  194322363   0.01075   0.02086
 345     5.360  -9691460.559  184858327   0.01799   0.06481
 346     5.380  -9691419.045  188155638   0.00314   0.05160
 347     5.270  -9691404.658  194291873   0.00560   0.01772
 348     5.120  -9691363.438  187054318   0.00760   0.04874
 349     5.380  -9691323.939  185510877   0.00152   0.04352
 350     5.530  -9691487.487  189716258   0.00236   0.02980
 351     5.540  -9691386.995  185290962   0.00435   0.05188
 352     5.430  -9691586.123  185674830   0.00396   0.04255
 353     5.440  -9691415.613  188467492   0.00143   0.02985
 354     5.470  -9691502.861  180252129   0.01780   0.06496
 355     5.420  -9691346.592  187389988  -0.01002   0.03051
 356     5.390  -9691323.749  181976363  -0.00101   0.04414
 357     5.470  -9691452.077  186964317  -0.00091   0.02001
 358     5.550  -9691340.666  188816011  -0.00394   0.03738
 359     5.370  -9691326.480  188262172  -0.01211   0.01443
 360     5.420  -9691465.698  185209223  -0.00499   0.04987
 361     5.240  -9691395.911  187257148  -0.00142   0.04375
 362     5.360  -9691333.966  186405637  -0.00297   0.04843
 363     5.350  -9691449.700  188228116  -0.00538   0.02641
 364     5.390  -9691552.544  187977284   0.00112   0.05891
 365     5.620  -9691542.435  185608409  -0.00285   0.03933
 366     5.140  -9691410.225  184792319   0.00885   0.04688
 367     5.400  -9691529.635  188537046  -0.00757   0.03646
 368     5.460  -9691412.950  182077586  -0.00385   0.05204
 369     5.470  -9691676.820  182318568   0.00791   0.05081
 370     5.490  -9691401.899  189874374   0.00284   0.04341
 371     5.370  -9691344.371  183866860  -0.00026   0.05069
 372     5.360  -9691511.474  188837438   0.01047   0.05150
 373     5.440  -9691425.673  187748788   0.00670   0.05190
 374     5.380  -9691378.641  184982400   0.00332   0.05357
 375     5.350  -9691664.882  183018269   0.01199   0.03725
 376     5.250  -9691365.008  187273988   0.00679   0.04357
 377     5.220  -9691333.068  185043685   0.00466   0.05548
 378     5.320  -9691305.518  181205891   0.00407   0.07077
 379     5.290  -9691492.359  179260506   0.01508   0.06999
 380     5.510  -9691602.860  188165141  -0.00323   0.03043
 381     5.330  -9691200.818  188352568  -0.00121   0.05051
 382     5.590  -9691313.792  182257975   0.00114   0.05598
 383     5.360  -9691438.216  183026884   0.00661   0.06304
 384     5.620  -9691463.964  188369368  -0.00660   0.03428
 385     5.370  -9691573.231  187861311  -0.00413   0.03662
 386     5.560  -9691576.749  185686307   0.00292   0.03232
 387     5.420  -9691275.490  187455071  -0.00515   0.05024
 388     5.330  -9691430.868  192230831   0.00175   0.02689
 389     5.350  -9691447.871  184625445  -0.00788   0.04017
 390     5.470  -9691521.489  185557934   0.00163   0.03285
 391     5.480  -9691338.693  185942951  -0.00269   0.03301
 392     5.390  -9691429.110  183920172   0.00204   0.07260
 393     5.320  -9691311.432  193307329  -0.00185   0.02179
 394     5.200  -9691404.766  182284935   0.00376   0.07009
 395     5.420  -9691665.549  183806414   0.01069   0.05763
 396     5.270  -9691412.196  190165029  -0.00356   0.01757
 397     5.340  -9691452.037  187941161   0.00539   0.03915
 398     5.290  -9691536.387  193127395   0.00559   0.02355
 399     5.390  -9691464.906  185855240   0.00600   0.04960
 400     5.340  -9691417.408  192928374   0.00128   0.02462
 401     5.290  -9691417.706  185258246   0.00485   0.06411
 402     5.410  -9691515.228  185143275   0.00582   0.04626
 403     5.450  -9691389.061  183963509  -0.00210   0.04521
 404     5.560  -9691325.149  186926330   0.00266   0.03719
 405     5.530  -9691597.445  188260583  -0.00942   0.02719
 406     5.520  -9691529.514  189759816   0.00313   0.02855
 407     5.160  -9691295.613  189179588  -0.00340   0.04558
 408     5.250  -9691416.188  189900567   0.01051   0.04702
 409     5.450  -9691390.081  186442687   0.00390   0.04673
 410     5.550  -9691347.626  188287246   0.00304   0.04851
 411     5.360  -9691292.592  183701944  -0.00399   0.05459
 412     5.180  -9691554.499  182573790   0.01894   0.06783
 413     5.220  -9691391.015  186453578   0.00534   0.04427
 414     5.370  -9691346.840  183845259   0.00755   0.05682
 415     5.210  -9691361.293  182997524   0.00733   0.06109
 416     5.510  -9691414.511  186521221   0.00369   0.04095
 417     5.490  -9691283.777  186462401  -0.00176   0.03793
 418     5.250  -9691310.639  188094366   0.00214   0.03731
 419     5.490  -9691490.182  190076622   0.00333   0.02397
 420     5.350  -9691371.926  186628422   0.00650   0.04669
 421     5.380  -9691334.157  181151561   0.00994   0.06364
 422     5.410  -9691423.694  187348282   0.00679   0.03480
 423     5.390  -9691401.833  184661398  -0.00205   0.05217
 424     5.250  -9691327.230  182188490   0.00565   0.07419
 425     5.210  -9691438.294  190539070   0.00258   0.04149
 426     5.460  -9691676.331  186751079   0.00336   0.03727
 427     5.330  -9691548.605  192304150   0.00851   0.01512
 428     5.400  -9691460.900  190152012   0.00190   0.03605
 429     5.280  -9691292.260  192102949  -0.00222   0.02320
 430     5.380  -9691379.459  189578206   0.00134   0.03027
 431     5.290  -9691403.058  190854274   0.00534   0.02696
 432     5.460  -9691567.487  186462283  -0.00335   0.04274
 433     5.520  -9691422.877  182044916   0.01088   0.06206
 434     5.380  -9691364.318  184545857   0.00733   0.05585
 435     5.520  -9691485.034  185116981   0.00198   0.05960
 436     5.460  -9691587.619  183913670   0.00194   0.03483
 437     5.250  -9691429.775  186651167   0.01188   0.04321
 438     5.340  -9691376.894  186363574   0.00355   0.04650
 439     5.430  -9691279.957  188496541  -0.00248   0.03535
 440     5.270  -9691537.096  185710998   0.00812   0.05828
 441     5.550  -9691478.234  187617974   0.00009   0.03148
 442     5.450  -9691366.766  183600120   0.00681   0.05368
 443     5.360  -9691472.381  185874238   0.00738   0.05019
 444     5.380  -9691557.114  182647523   0.00184   0.05446
 445     5.350  -9691376.711  179328820   0.00977   0.09665
 446     5.420  -9691342.419  183243440  -0.00413   0.05251
 447     5.440  -9691463.383  185373767   0.00881   0.04277
 448     5.520  -9691365.059  183838927   0.00165   0.03856
 449     5.260  -9691265.778  193794184   0.00281   0.03593
 450     5.300  -9691496.482  184612870   0.00836   0.05271
 451     5.650  -9691439.863  187142390  -0.00391   0.04497
 452     5.190  -9691249.491  185696605   0.00064   0.03341
 453     5.440  -9691627.421  183699911   0.01369   0.07081
 454     5.420  -9691590.824  189205520   0.00072   0.01981
 455     5.370  -9691464.714  188206801   0.01312   0.04299
 456     5.170  -9691357.979  190891991   0.00503   0.04075
 457     5.340  -9691503.068  181752201   0.00400   0.05270
 458     5.350  -9691623.182  183367443  -0.00116   0.05002
 459     5.460  -9691293.779  186600630   0.00151   0.03821
 460     5.180  -9691397.703  186279592   0.00641   0.06026
 461     5.500  -9691242.204  186463650  -0.00114   0.05382
 462     5.350  -9691424.947  191398807   0.00053   0.03091
 463     5.360  -9691433.007  186009361   0.01485   0.04816
 464     5.380  -9691402.468  188127673  -0.00431   0.02145
 465     5.320  -9691531.780  187792129   0.00801   0.04762
 466     5.450  -9691460.361  184430738   0.01849   0.06015
 467     5.420  -9691556.963  187898667  -0.00295   0.03548
 468     5.700  -9691403.566  187111167  -0.00586   0.01550
 469     5.440  -9691580.077  182135991   0.01892   0.05961
 470     5.300  -9691490.401  187687161   0.00391   0.03802
 471     5.320  -9691432.089  185299715   0.00057   0.04731
 472     5.250  -9691303.048  188541478  -0.00691   0.03715
 473     5.220  -9691436.304  188512313   0.00704   0.05062
 474     5.290  -9691505.316  185656080   0.00323   0.04444
 475     5.560  -9691642.321  191955927   0.00073   0.00844
 476     5.450  -9691365.139  189609414   0.00257   0.02984
 477     5.360  -9691427.985  180578042   0.00741   0.06027
 478     5.340  -9691374.761  185524532  -0.00432   0.04533
 479     5.620  -9691159.236  195909292  -0.01100   0.03218
 480     5.420  -9691304.938  187726342  -0.00922   0.02592
 481     5.230  -9691366.166  187103321  -0.00351   0.05809
 482     5.310  -9691349.761  184745054   0.00452   0.05059
 483     5.270  -9691371.385  188404523   0.00295   0.04270
 484     5.490  -9691230.992  187902041   0.00026   0.05316
 485     5.430  -9691414.126  183863596  -0.00222   0.06311
 486     5.320  -9691352.739  186880617   0.00654   0.04050
 487     5.380  -9691398.713  193635992   0.00177   0.01609
 488     5.500  -9691399.052  180208558   0.00458   0.06173
 489     5.320  -9691391.520  188017638   0.01091   0.04700
 490     5.370  -9691377.262  189411288   0.00411   0.03593
 491     5.410  -9691779.211  188713489   0.00085   0.04175
 492     5.430  -9691401.724  188161859   0.00044   0.03107
 493     5.470  -9691383.088  184125692   0.00006   0.04707
 494     5.300  -9691614.166  179349073   0.00648   0.05851
 495     5.300  -9691443.419  183074193   0.00375   0.05399
 496     5.430  -9691189.568  188298823   0.00381   0.03262
 497     5.470  -9691516.541  188288112   0.00879   0.04890
 498     5.460  -9691462.556  187020513   0.00429   0.03231
 499     5.470  -9691479.336  179695256   0.00469   0.06235
 500     5.270  -9691572.068  187706046   0.00843   0.03973
 501     5.420  -9691484.430  182769975  -0.00066   0.04100
 502     5.150  -9691443.807  191991916   0.00061   0.02189
 503     5.440  -9691337.183  188269328  -0.00455   0.02334
 504     5.370  -9691495.699  187306014   0.00964   0.05405
 505     5.340  -9691472.854  190730364   0.00107   0.03280
 506     5.410  -9691345.146  183936374   0.00750   0.04142
 507     5.510  -9691500.955  184272576  -0.00079   0.04662
 508     5.380  -9691526.994  187214484  -0.00066   0.03640
 509     5.360  -9691340.134  182910048  -0.00510   0.05307
 510     5.380  -9691470.114  184818781   0.00510   0.04906
 511     5.300  -9691334.251  188923867   0.00508   0.05399
 512     5.330  -9691441.787  187486534   0.00306   0.05606
 513     5.390  -9691535.532  180804030   0.01489   0.06153
 514     5.500  -9691523.163  185307381   0.00379   0.04929
 515     5.470  -9691636.097  184466927   0.01400   0.04332
 516     5.410  -9691302.945  186129916  -0.00349   0.04078
 517     5.380  -9691474.199  186199391   0.00182   0.04158
 518     5.470  -9691669.958  182227859   0.00311   0.03985
 519     5.240  -9691378.871  183018840   0.00750   0.06407
 520     5.450  -9691573.270  193687457   0.00056   0.01788
 521     5.330  -9691327.466  180735169   0.00422   0.07153
 522     5.200  -9691496.776  183102486   0.00879   0.06906
 523     5.230  -9691575.286  185364325   0.00198   0.03829
 524     5.440  -9691496.011  183914281   0.00602   0.03834
 525     5.430  -9691537.963  183850249   0.01174   0.05993
 526     5.160  -9691467.324  188865639   0.00350   0.02403
 527     5.250  -9691509.638  189065158   0.01566   0.03516
 528     5.260  -9691438.137  188926763  -0.00154   0.03691
 529     5.420  -9691418.270  183907902   0.00804   0.04988
 530     5.370  -9691287.707  189464839   0.00092   0.03825
 531     5.380  -9691464.565  187676869  -0.00210   0.03402
 532     5.300  -9691366.581  182719428   0.00476   0.07182
 533     5.150  -9691221.194  194272750  -0.00191   0.02236
 534     5.100  -9691314.610  184467514  -0.00020   0.05124
 535     5.460  -9691440.264  181947325   0.01352   0.06783
 536     5.200  -9691358.235  184351411   0.00563   0.05236
 537     5.340  -9691453.339  185293643   0.00269   0.05571
 538     5.390  -9691284.226  186953250   0.00088   0.04039
 539     5.230  -9691637.141  186381341   0.01112   0.05467
 540     5.360  -9691213.839  186937453  -0.00427   0.03813
 541     5.430  -9691454.227  181208749   0.01076   0.05911
 542     5.380  -9691199.978  192984779   0.00181   0.01851
 543     5.330  -9691328.559  185545539   0.00497   0.05146
 544     5.290  -9691346.054  186531116   0.00607   0.03912
 545     5.380  -9691358.623  185636418  -0.00473   0.05887
 546     5.360  -9691331.925  190434524  -0.00346   0.02422
 547     5.410  -9691227.692  190720953  -0.00129   0.02638
 548     5.340  -9691107.383  190470096  -0.00456   0.03780
 549     5.340  -9691398.822  187812290   0.01205   0.02152
 550     5.180  -9691281.046  185489117   0.00263   0.02962
 551     5.390  -9691461.525  188167409   0.00412   0.04836
 552     5.420  -9691580.195  184393733   0.00341   0.04190
 553     5.360  -9691400.308  186059628   0.00651   0.05232
 554     5.210  -9691288.622  187238254   0.01425   0.05588
 555     5.410  -9691727.638  185378659   0.00219   0.03966
 556     5.420  -9691377.720  182904592  -0.00633   0.05581
 557     5.180  -9691605.798  182229533   0.01269   0.05428
 558     5.430  -9691259.899  185931680   0.00393   0.06091
 559     5.140  -9691467.499  184933124   0.00302   0.06016
 560     5.400  -9691451.919  182177482  -0.00264   0.05616
 561     5.510  -9691368.258  189050052  -0.01037   0.03680
 562     5.250  -9691400.403  187113281  -0.00267   0.03971
 563     5.140  -9691375.142  184181843   0.00618   0.04628
 564     5.360  -9691392.335  186806649   0.00173   0.03659
 565     5.400  -9691377.586  189323713   0.00429   0.04681
 566     5.230  -9691372.447  183008328   0.00658   0.05707
 567     5.450  -9691431.451  184200227   0.01764   0.05622
 568     5.400  -9691462.710  189057440  -0.00049   0.03744
 569     5.430  -9691359.809  191265860  -0.00897   0.01130
 570     5.220  -9691303.220  188111671  -0.00766   0.03451
 571     5.420  -9691383.331  185525501   0.00560   0.05188
 572     5.420  -9691535.705  181764314   0.00412   0.05452
 573     5.330  -9691438.736  183453910   0.00533   0.06455
 574     5.280  -9691322.868  180849195   0.00951   0.05833
 575     5.400  -9691368.099  188318013   0.00076   0.03178
 576     5.120  -9691241.871  188942373   0.00227   0.03398
 577     5.280  -9691325.186  183377483  -0.00198   0.05810
 578     5.350  -9691396.714  183002195  -0.00426   0.04900
 579     5.310  -9691621.445  190306657   0.00556   0.04063
 580     5.220  -9691201.056  191232551  -0.00408   0.03711
 581     5.360  -9691410.997  187964314  -0.00148   0.04214
 582     5.290  -9691359.794  188284166   0.00602   0.03381
 583     5.390  -9691540.118  179810417   0.00622   0.06714
 584     5.360  -9691369.098  187742526   0.00276   0.02583
 585     5.260  -9691471.898  187574097   0.00715   0.04390
 586     5.400  -9691523.548  187129123   0.00529   0.03060
 587     5.530  -9691391.212  189581405  -0.00155   0.03574
 588     5.250  -9691615.018  187994654   0.00592   0.03019
 589     5.690  -9691424.020  182378947   0.00774   0.05214
 590     5.410  -9691264.195  186004060  -0.00230   0.05026
 591     5.080  -9691367.691  187321193   0.00552   0.03154
 592     5.580  -9691517.916  188192779   0.00439   0.03541
 593     5.420  -9691425.030  180671062   0.00734   0.06082
 594     5.580  -9691461.178  183915977   0.00203   0.04065
 595     5.390  -9691538.656  185496058  -0.00270   0.04638
 596     5.450  -9691705.285  181559870   0.01538   0.07398
 597     5.410  -9691408.984  184864474   0.00479   0.05054
 598     5.470  -9691243.819  185938613   0.00148   0.03999
 599     5.270  -9691383.992  185222317   0.01211   0.05271
 600     5.250  -9691588.889  183845347   0.00414   0.06320
 601     5.430  -9691566.339  189141403   0.00785   0.04031
 602     5.380  -9691404.164  182042746  -0.00422   0.05758
 603     5.130  -9691495.113  184615933   0.00446   0.05755
 604     5.550  -9691288.777  187541304   0.00389   0.03873
 605     5.440  -9691505.047  184048158   0.00986   0.05653
 606     5.610  -9691343.243  182297807   0.00485   0.05867
 607     5.330  -9691105.194  193062781  -0.01023   0.01441
 608     5.410  -9691428.997  190120800   0.00146   0.02853
 609     5.460  -9691384.713  182518678  -0.00779   0.05694
 610     5.350  -9691559.202  186873868   0.00224   0.02909
 611     5.390  -9691495.494  177741080   0.00134   0.07187
 612     5.350  -9691405.401  182045137   0.00685   0.06394
 613     5.210  -9691424.907  191705039  -0.00055   0.02382
 614     5.380  -9691307.646  187893100   0.00191   0.04207
 615     5.440  -9691496.898  185915691   0.00162   0.02929
 616     5.330  -9691386.774  183098464  -0.00097   0.05867
 617     5.610  -9691613.453  188554884   0.00171   0.04054
 618     5.490  -9691485.760  183670539   0.00114   0.05197
 619     5.220  -9691473.937  184012272   0.00906   0.06407
 620     5.390  -9691599.180  185148558   0.00482   0.05350
 621     5.430  -9691418.265  191175935  -0.00523   0.02484
 622     5.140  -9691291.188  187938237   0.00105   0.05917
 623     5.500  -9691579.724  182496537   0.00367   0.03656
 624     5.460  -9691528.634  183068766   0.00060   0.05950
 625     5.410  -9691526.872  186860523   0.00898   0.04909
 626     5.450  -9691491.245  190184955   0.00612   0.03669
 627     5.460  -9691476.328  183530621   0.00593   0.06106
 628     5.330  -9691374.654  187461837   0.00571   0.04484
 629     5.400  -9691518.253  190667502   0.00804   0.03321
 630     5.340  -9691431.678  184777501   0.00327   0.05217
 631     5.560  -9691304.519  186576812  -0.00023   0.05727
 632     5.280  -9691384.147  191191598  -0.00158   0.05054
 633     5.520  -9691280.533  187892212  -0.00533   0.03802
 634     5.360  -9691444.032  190879026  -0.00151   0.03448
 635     5.400  -9691557.935  185378492   0.01077   0.04573
 636     5.340  -9691404.024  185999422   0.00609   0.04539
 637     5.700  -9691641.536  189201863  -0.00091   0.02457
 638     5.530  -9691444.621  189996989   0.00227   0.03413
 639     5.370  -9691438.111  191412206  -0.00094   0.01460
 640     5.400  -9691459.955  186557582  -0.00135   0.04093
 641     5.420  -9691444.371  185258985   0.00734   0.04094
 642     5.160  -9691419.955  187295237   0.00727   0.04578
 643     5.260  -9691371.915  184726300   0.01217   0.04207
 644     5.340  -9691472.526  184607801   0.00733   0.03844
 645     5.290  -9691440.771  183392071   0.01431   0.04309
 646     5.350  -9691549.514  181666356   0.00224   0.05660
 647     5.300  -9691298.439  188670310  -0.00376   0.03238
 648     5.150  -9691393.105  187171213   0.00247   0.04036
 649     5.470  -9691278.586  183743968  -0.00217   0.04101
 650     5.550  -9691680.308  184094495  -0.00188   0.05507
 651     5.460  -9691588.486  183531671   0.00329   0.04580
 652     5.700  -9691503.920  184745501   0.00513   0.04795
 653     5.160  -9691167.880  189138084  -0.00588   0.05823
 654     5.480  -9691561.296  184279243   0.00513   0.05711
 655     5.250  -9691275.246  186009740  -0.00164   0.04245
 656     5.290  -9691489.670  190073998  -0.00180   0.03569
 657     5.380  -9691453.044  183822022   0.00216   0.06565
 658     5.270  -9691503.023  185251875   0.00445   0.04816
 659     5.060  -9691376.576  187098463   0.00819   0.05084
 660     5.400  -9691345.978  184761977  -0.00029   0.06809
 661     5.250  -9691298.131  182099671   0.01790   0.05913
 662     5.310  -9691448.837  183002889   0.00419   0.04937
 663     5.390  -9691281.212  189193123   0.00214   0.03512
 664     5.390  -9691520.003  184962772   0.00197   0.04392
 665     5.380  -9691567.089  191165496   0.00356   0.03934
 666     5.370  -9691365.037  188076615   0.01434   0.03974
 667     5.360  -9691443.106  185562412   0.00333   0.05447
 668     5.450  -9691426.286  187234429  -0.00726   0.03114
 669     5.550  -9691444.366  186047897   0.00064   0.03156
 670     5.450  -9691479.814  184536982   0.00617   0.04363
 671     5.340  -9691364.355  186712132  -0.00104   0.03657
 672     5.310  -9691392.330  190092868   0.00155   0.05026
 673     5.280  -9691365.944  183919573   0.00020   0.04592
 674     5.620  -9691405.595  184542783  -0.00132   0.04812
 675     5.160  -9691476.868  186899072   0.00773   0.03857
 676     5.300  -9691395.672  187478353  -0.00594   0.04134
 677     5.430  -9691360.202  183372614   0.00454   0.05097
 678     5.310  -9691237.728  190068752   0.00161   0.01494
 679     5.350  -9691515.984  185895760   0.00518   0.04853
 680     5.270  -9691266.784  186902776  -0.00255   0.04991
 681     5.430  -9691276.216  188751014   0.00058   0.02787
 682     5.160  -9691422.755  181882166   0.01402   0.05158
 683     5.430  -9691478.414  187505941  -0.00194   0.03526
 684     5.430  -9691249.326  182248817   0.00818   0.06294
 685     5.320  -9691510.710  181925223   0.00915   0.06384
 686     5.300  -9691391.989  181287318   0.00911   0.05296
 687     5.540  -9691320.458  186434482   0.00209   0.04421
 688     5.400  -9691275.184  191146676   0.00399   0.03628
 689     5.460  -9691404.797  187877129   0.00027   0.04689
 690     5.340  -9691405.739  184410282  -0.00446   0.04873
 691     5.280  -9691391.249  181413435   0.00909   0.07016
 692     5.440  -9691388.846  185185212  -0.01051   0.05127
 693     5.420  -9691404.139  185545141  -0.00018   0.04030
 694     5.370  -9691207.682  183955917  -0.00569   0.06289
 695     5.340  -9691392.747  187331486   0.00908   0.05134
 696     5.070  -9691381.323  186147830   0.01095   0.04795
 697     5.380  -9691600.518  179046471   0.00215   0.08247
 698     5.360  -9691293.392  186263242   0.00590   0.04512
 699     5.640  -9691487.632  184411931  -0.00017   0.04804
 700     5.300  -9691412.004  184757699   0.01134   0.04495
 701     5.270  -9691179.585  186280178  -0.00153   0.03996
 702     5.380  -9691452.999  185531397   0.00655   0.04797
 703     5.490  -9691319.943  177629404   0.00010   0.07157
 704     5.520  -9691352.589  187058736  -0.00195   0.04362
 705     5.260  -9691281.950  188297847  -0.00404   0.03366
 706     5.200  -9691559.362  186503843   0.01246   0.03668
 707     5.450  -9691417.613  185492884   0.00047   0.05416
 708     5.210  -9691330.880  184720543   0.00496   0.04608
 709     5.260  -9691456.645  181456171   0.00698   0.05918
 710     5.270  -9691442.766  185334054   0.00710   0.03811
 711     5.510  -9691502.864  184330374   0.00568   0.05091
 712     5.210  -9691366.846  186165142   0.00199   0.03543
 713     5.390  -9691261.784  182863356  -0.00042   0.07261
 714     5.260  -9691483.469  189510470   0.00843   0.03322
 715     5.180  -9691287.670  190919373  -0.00008   0.02651
 716     5.410  -9691380.199  189373508  -0.00237   0.02286
 717     5.180  -9691415.716  182527074   0.00945   0.05022
 718     5.190  -9691370.896  180225397   0.00431   0.07620
 719     5.440  -9691519.974  180983976   0.00997   0.05221
 720     5.360  -9691257.334  195136478  -0.00233   0.01728
 721     5.580  -9691259.158  184674007  -0.00725   0.03970
 722     5.320  -9691425.578  183347290   0.00261   0.04943
 723     5.370  -9691409.822  187234364   0.00032   0.04071
 724     5.680  -9691283.970  187108385  -0.00271   0.04697
 725     5.440  -9691493.412  181293338  -0.00339   0.04592
 726     5.400  -9691443.460  189925722  -0.00006   0.03593
 727     5.340  -9691632.903  183676227   0.00926   0.05755
 728     5.250  -9691512.941  183694846   0.00966   0.05104
 729     5.350  -9691500.792  179267448   0.00366   0.05625
 730     5.340  -9691404.401  178271851   0.00134   0.05983
 731     5.390  -9691379.856  181439003   0.00625   0.05664
 732     5.380  -9691206.027  179945368   0.00104   0.05898
 733     5.330  -9691508.413  188325051   0.00042   0.03542
 734     5.370  -9691466.141  184481544   0.00570   0.05342
 735     5.250  -9691224.534  181630932   0.00876   0.05658
 736     5.350  -9691436.539  185218937   0.00845   0.05412
 737     5.520  -9691422.727  186130723  -0.00326   0.04920
 738     5.490  -9691465.435  186375500   0.00365   0.03520
 739     5.280  -9691548.689  184355722   0.00168   0.02721
 740     5.310  -9691486.256  186446854   0.01068   0.04138
 741     5.820  -9691545.278  181022781   0.00782   0.05760
 742     5.380  -9691550.521  190732670   0.00118   0.02381
 743     5.340  -9691233.784  190267339   0.00489   0.03393
 744     5.310  -9691463.664  185711723   0.00519   0.05510
 745     5.360  -9691467.925  182802722  -0.00125   0.04985
 746     5.230  -9691542.236  180893730   0.00042   0.05013
 747     5.550  -9691477.111  187267632   0.00103   0.04282
 748     5.320  -9691393.490  183308505   0.00115   0.05724
 749     5.210  -9691379.484  179491859   0.01011   0.08453
 750     5.480  -9691347.508  189792196  -0.00536   0.02524
 751     5.470  -9691625.693  186610977  -0.00013   0.02343
 752     5.370  -9691407.909  191403345   0.00887   0.01894
 753     5.270  -9691389.664  189465175   0.01117   0.04042
 754     5.470  -9691498.840  186306622   0.00333   0.03346
 755     5.560  -9691624.048  180969219   0.01014   0.05412
 756     5.380  -9691448.988  184673639  -0.00045   0.03997
 757     5.210  -9691443.358  188162050   0.01173   0.03781
 758     5.310  -9691432.828  186297608   0.00431   0.04346
 759     5.410  -9691467.625  187578047  -0.00291   0.05328
 760     5.400  -9691340.196  191859360  -0.00478   0.02073
 761     5.360  -9691324.159  183577103   0.00745   0.04646
 762     5.660  -9691273.092  194139098  -0.00149   0.02266
 763     5.360  -9691387.628  190168252  -0.00816   0.03378
 764     5.320  -9691416.277  187326632   0.00385   0.04941
 765     5.500  -9691376.732  184660018   0.00013   0.04555
 766     5.410  -9691366.776  183832692  -0.00179   0.05443
 767     5.460  -9691452.225  187922387   0.00230   0.03892
 768     5.610  -9691225.081  184568376   0.00576   0.05011
 769     5.350  -9691451.802  191455759  -0.00301   0.00861
 770     5.260  -9691460.936  186023462   0.00995   0.05193
 771     5.140  -9691301.923  191073232   0.01194   0.03139
 772     5.410  -9691369.116  191702910   0.00147   0.02038
 773     5.300  -9691314.014  184684523   0.00827   0.04442
 774     5.550  -9691473.393  190831957   0.00087   0.03600
 775     5.290  -9691282.035  191542527   0.00958   0.04179
 776     5.340  -9691364.485  183997420  -0.00599   0.04885
 777     5.360  -9691517.591  188914371   0.00944   0.04049
 778     5.340  -9691337.706  186268926  -0.00322   0.03300
 779     5.220  -9691401.284  186892011   0.00807   0.03680
 780     5.350  -9691332.894  183812143   0.00519   0.04106
 781     5.450  -9691721.391  184107894   0.00112   0.03876
 782     5.400  -9691544.479  181569108   0.00080   0.05778
 783     5.410  -9691572.373  186976481   0.00809   0.03485
 784     5.410  -9691565.080  182619997   0.00041   0.05291
 785     5.270  -9691357.743  188152969   0.00467   0.03514
 786     5.430  -9691683.098  183691128   0.01021   0.04940
 787     5.300  -9691411.881  188551834   0.00732   0.03382
 788     5.150  -9691435.485  186324321   0.01781   0.05706
 789     5.410  -9691672.332  183547677   0.00372   0.04700
 790     5.320  -9691446.266  183858319   0.01063   0.07925
 791     5.300  -9691635.329  184637358   0.00572   0.04317
 792     5.280  -9691421.769  185103907   0.01179   0.05385
 793     5.520  -9691600.630  185669349   0.00769   0.03575
 794     5.390  -9691382.083  187085139   0.00213   0.04710
 795     5.350  -9691353.649  183066897   0.00913   0.05764
 796     5.520  -9691576.918  187959405   0.01356   0.03925
 797     5.290  -9691627.673  183477913   0.00658   0.05221
 798     5.410  -9691370.497  183845780   0.00719   0.03944
 799     5.480  -9691430.224  186593551   0.00135   0.03602
 800     5.380  -9691607.309  181769245   0.01101   0.05333
 801     5.530  -9691529.209  181670024  -0.00063   0.03631
 802     5.460  -9691441.891  183162956  -0.00801   0.04476
 803     5.250  -9691344.451  189707815   0.00018   0.03781
 804     5.540  -9691495.177  188967507   0.00371   0.01984
 805     5.590  -9691259.993  185559309   0.00162   0.04060
 806     5.370  -9691331.279  181773541   0.00051   0.05134
 807     5.330  -9691483.335  186144378  -0.00163   0.03729
 808     5.420  -9691457.362  187298780   0.00210   0.03954
 809     5.390  -9691550.173  184185979   0.01585   0.05976
 810     5.290  -9691390.220  187695709   0.00883   0.05061
 811     5.180  -9691334.971  185089253   0.00227   0.06313
 812     5.210  -9691409.199  185699040   0.00310   0.04351
 813     5.460  -9691460.273  187123433  -0.00897   0.03367
 814     5.490  -9691489.331  191685858  -0.00405   0.02143
 815     5.580  -9691403.964  186241696  -0.00239   0.05905
 816     5.350  -9691390.631  189530435  -0.00130   0.02651
 817     5.150  -9691411.613  183538237   0.00128   0.04324
 818     5.260  -9691449.762  176882500   0.00525   0.08002
 819     5.340  -9691467.463  180013031   0.00938   0.07475
 820     5.320  -9691283.566  187806603  -0.00071   0.02837
 821     5.230  -9691448.214  183410992  -0.00092   0.06173
 822     5.460  -9691284.198  187951335  -0.00545   0.05575
 823     5.440  -9691390.748  183410441   0.00669   0.05583
 824     5.450  -9691435.764  189454924   0.00498   0.03451
 825     5.370  -9691558.266  180464583   0.00305   0.06243
 826     5.660  -9691564.446  185305627   0.00124   0.03651
 827     5.250  -9691483.267  186784127   0.00310   0.04503
 828     5.400  -9691564.159  188489612   0.00679   0.02760
 829     5.570  -9691479.973  191852184  -0.00261   0.01846
 830     5.450  -9691423.305  188843888   0.00118   0.02749
 831     5.490  -9691422.973  178670533   0.00542   0.06815
 832     5.290  -9691458.744  182299865   0.00308   0.05376
 833     5.580  -9691468.172  186186240  -0.00101   0.03817
 834     5.380  -9691585.737  179855544   0.01529   0.05563
 835     5.360  -9691382.426  185086855   0.00428   0.05888
 836     4.990  -9691248.845  184379786   0.01107   0.05794
 837     5.310  -9691214.456  182282195  -0.00733   0.06341
 838     5.200  -9691600.850  188505493   0.01037   0.01605
 839     5.410  -9691478.569  181608030   0.01186   0.05798
 840     5.320  -9691532.538  192902670   0.00125   0.02377
 841     5.390  -9691285.184  186466350   0.00686   0.04300
 842     5.430  -9691342.075  181097719   0.00530   0.05579
 843     5.390  -9691548.865  187257594   0.00638   0.03467
 844     5.510  -9691552.358  186745216  -0.00179   0.03460
 845     5.390  -9691345.090  189048643  -0.00504   0.03254
 846     5.180  -9691259.911  185930948   0.00791   0.05174
 847     5.440  -9691546.971  185394937   0.00548   0.02936
 848     5.510  -9691355.794  189199570   0.00357   0.02411
 849     5.420  -9691407.528  189106434   0.00573   0.03215
 850     5.360  -9691596.854  184085585   0.00828   0.04369
 851     5.670  -9691292.085  189817171  -0.00752   0.03223
 852     5.440  -9691298.863  190119337  -0.00282   0.03004
 853     5.390  -9691295.240  191361745  -0.00482   0.03311
 854     5.380  -9691553.421  187425940   0.00108   0.03237
 855     5.350  -9691393.872  184330111   0.00641   0.05580
 856     5.340  -9691322.244  190520957  -0.00383   0.02369
 857     5.320  -9691344.649  184404913   0.00156   0.05210
 858     5.380  -9691435.324  186415151   0.00536   0.06481
 859     5.450  -9691507.049  190549766   0.00356   0.03390
 860     5.250  -9691469.236  186117880  -0.00418   0.04212
 861     5.270  -9691487.022  187502016   0.01203   0.04114
 862     5.270  -9691350.093  190015693   0.00201   0.03535
 863     5.190  -9691296.491  178417821   0.01621   0.05911
 864     5.400  -9691465.220  184196984   0.00778   0.03920
 865     5.470  -9691488.669  187392935   0.00014   0.02365
 866     5.550  -9691349.378  190551315  -0.00196   0.02851
 867     5.410  -9691334.634  182360142   0.00413   0.05732
 868     5.210  -9691320.362  184487999   0.00913   0.05033
 869     5.270  -9691297.074  188861244   0.00905   0.03799
 870     5.400  -9691570.612  181653499   0.00666   0.05916
 871     5.270  -9691249.950  185120506  -0.00541   0.05960
 872     5.370  -9691540.926  187617269  -0.00137   0.04634
 873     5.490  -9691562.859  185513000  -0.00078   0.03493
 874     5.360  -9691395.088  183842692   0.00732   0.06329
 875     5.280  -9691329.087  183348584   0.00420   0.04673
 876     5.440  -9691548.354  179438358  -0.00040   0.07701
 877     5.380  -9691506.184  185742294   0.00150   0.03960
 878     5.300  -9691446.923  184659647   0.00094   0.05322
 879     5.260  -9691351.036  187760203   0.00414   0.04442
 880     5.170  -9691478.041  189407595  -0.00565   0.04057
 881     5.300  -9691326.428  178287093   0.00959   0.07516
 882     5.380  -9691597.965  189143751   0.00976   0.03843
 883     5.380  -9691272.723  183522959   0.00165   0.07356
 884     5.320  -9691558.915  179418890   0.00684   0.05834
 885     5.250  -9691454.239  187942972   0.00824   0.03116
 886     5.490  -9691537.869  181622541   0.00558   0.04846
 887     5.240  -9691612.142  183046255   0.01705   0.07136
 888     5.560  -9691259.538  186121822   0.00979   0.03240
 889     5.270  -9691491.909  185948210   0.00450   0.05832
 890     5.310  -9691526.891  182869543   0.00565   0.06045
 891     5.230  -9691477.774  189994984   0.00243   0.03732
 892     5.530  -9691378.477  186899966   0.00720   0.04115
 893     5.370  -9691491.755  188904287   0.00385   0.03364
 894     5.360  -9691503.454  184149402   0.00903   0.05603
 895     5.380  -9691494.873  186407737   0.00680   0.04598
 896     5.430  -9691467.962  189171368   0.00250   0.04766
 897     5.620  -9691267.798  190147078  -0.01412   0.02035
 898     5.340  -9691516.887  185278326  -0.00219   0.04460
 899     5.370  -9691133.359  181958071   0.00210   0.05749
 900     5.280  -9691413.242  182929636   0.00899   0.04470
 901     5.240  -9691357.726  186700020  -0.00071   0.05256
 902     5.460  -9691492.534  185210547  -0.00237   0.04045
 903     5.450  -9691379.766  182318981  -0.00345   0.06542
 904     5.550  -9691493.566  189152948  -0.00346   0.03318
 905     5.360  -9691486.233  187266769   0.00734   0.05481
 906     5.180  -9691465.616  182710837   0.00391   0.05756
 907     5.570  -9691209.474  188048257  -0.00063   0.05400
 908     5.240  -9691449.715  182375441   0.00859   0.06079
 909     5.280  -9691272.293  190126858   0.00052   0.03559
 910     5.450  -9691486.383  185287093   0.00927   0.03207
 911     5.370  -9691529.650  185525019   0.00190   0.04754
 912     5.430  -9691407.804  185973371  -0.00177   0.04234
 913     5.250  -9691490.832  177678864   0.01181   0.08640
 914     5.460  -9691411.892  186323667   0.00601   0.03287
 915     5.200  -9691326.303  181135556   0.00959   0.05993
 916     5.580  -9691549.907  184903761   0.00218   0.05501
 917     5.410  -9691394.994  188805928   0.00093   0.04173
 918     5.300  -9691364.673  188843707  -0.00153   0.02895
 919     5.340  -9691523.165  187880436   0.01145   0.04661
 920     5.310  -9691467.604  181998742   0.00469   0.07349
 921     5.380  -9691553.398  179190292   0.00808   0.05326
 922     5.250  -9691375.928  180588517  -0.00212   0.05584
 923     5.460  -9691496.620  186650893   0.00730   0.04244
 924     5.420  -9691122.165  184759575  -0.00395   0.06570
 925     5.310  -9691437.809  182955946   0.01205   0.06435
 926     5.420  -9691539.679  186712002   0.00796   0.04780
 927     5.520  -9691484.922  183453256   0.00622   0.05795
 928     5.420  -9691511.035  183065857   0.00289   0.05187
 929     5.450  -9691437.733  184034897   0.00366   0.04984
 930     5.310  -9691280.502  182126974  -0.00159   0.06914
 931     5.430  -9691393.765  180695398   0.01730   0.06093
 932     5.420  -9691463.755  185014939   0.00498   0.05126
 933     5.340  -9691343.455  189948222   0.00080   0.03267
 934     5.320  -9691328.658  180457819   0.00663   0.07352
 935     5.270  -9691538.368  183383571   0.00352   0.03798
 936     5.280  -9691498.495  187516461   0.00935   0.03924
 937     5.400  -9691259.442  188857131   0.00264   0.04440
 938     5.460  -9691052.406  190028860  -0.00759   0.02949
 939     5.150  -9691261.115  182825379   0.00371   0.04534
 940     5.330  -9691500.235  187509201  -0.00151   0.04532
 941     5.350  -9691460.405  191282213   0.00106   0.04583
 942     5.450  -9691635.231  182769346   0.00088   0.04515
 943     5.390  -9691458.500  181352492   0.00497   0.07161
 944     5.270  -9691245.301  188373750  -0.00058   0.04275
 945     5.450  -9691313.231  192089832  -0.00955   0.02977
 946     5.510  -9691455.059  189384804  -0.00871   0.03374
 947     5.380  -9691390.022  188815169   0.01245   0.05503
 948     5.380  -9691648.320  181261614   0.00899   0.05065
 949     5.490  -9691332.867  183316750   0.00897   0.06081
 950     5.390  -9691460.901  186806151   0.00585   0.06466
 951     5.420  -9691422.688  179561069   0.00606   0.08053
 952     5.290  -9691281.139  181044739   0.00458   0.06219
 953     5.410  -9691341.516  185689602   0.00180   0.04631
 954     5.210  -9691366.750  186807426  -0.00433   0.02846
 955     5.210  -9691448.338  183944392   0.00406   0.04979
 956     5.410  -9691432.151  188602794   0.00085   0.05609
 957     5.390  -9691445.044  179669347   0.00741   0.06686
 958     5.370  -9691639.395  186542888   0.00621   0.05439
 959     5.310  -9691415.936  177803633   0.01207   0.06309
 960     5.390  -9691333.233  184180328   0.00371   0.06765
 961     5.320  -9691319.756  187091920   0.00788   0.03993
 962     5.440  -9691675.546  184028932   0.01141   0.05972
 963     5.510  -9691388.366  185929085   0.00259   0.05052
 964     5.450  -9691520.955  185020568   0.00742   0.04907
 965     5.440  -9691559.284  191164296   0.00063   0.04346
 966     5.420  -9691297.471  191314492  -0.00568   0.02016
 967     5.330  -9691544.563  189765271   0.00041   0.03200
 968     5.540  -9691539.844  187672911   0.00335   0.01874
 969     5.370  -9691418.722  186368338   0.00087   0.04087
 970     5.310  -9691426.095  187351500  -0.00218   0.05060
 971     5.460  -9691345.334  185231112   0.00040   0.05624
 972     5.310  -9691303.664  187019085  -0.00538   0.03882
 973     5.450  -9691302.326  186540983   0.00797   0.04964
 974     5.140  -9691217.795  186371080  -0.01202   0.05087
 975     5.190  -9691243.243  187231766  -0.00244   0.04622
 976     5.470  -9691427.991  181639549   0.01332   0.05682
 977     5.400  -9691428.362  187583795  -0.00558   0.05279
 978     5.390  -9691464.724  185792427  -0.00172   0.03884
 979     5.460  -9691438.629  183450727   0.01136   0.04916
 980     5.310  -9691343.349  187033036  -0.00121   0.03441
 981     5.370  -9691581.807  181717659   0.00489   0.05280
 982     5.340  -9691635.165  180543061   0.00812   0.06335
 983     5.470  -9691674.902  185006337   0.00823   0.04662
 984     5.240  -9691433.737  188409531   0.00010   0.03555
 985     5.370  -9691581.961  182187693   0.00428   0.05605
 986     5.380  -9691410.535  183608478  -0.00187   0.06009
 987     5.560  -9691513.282  186939242   0.00693   0.03716
 988     5.290  -9691431.381  181354970  -0.00147   0.05742
 989     5.280  -9691464.180  188252769  -0.00451   0.03516
 990     5.140  -9691237.169  181274727  -0.00492   0.05501
 991     5.390  -9691364.902  181571595   0.00514   0.04681
 992     5.420  -9691493.931  183568113   0.00241   0.04363
 993     5.370  -9691497.350  186209990  -0.00941   0.04931
 994     5.480  -9691352.091  189253934   0.00261   0.04039
 995     5.320  -9691398.660  187868373   0.00663   0.02944
 996     5.230  -9691504.518  189585239   0.00767   0.04725
 997     5.390  -9691406.392  188866115   0.00108   0.03925
 998     5.340  -9691465.332  184141455   0.00311   0.06051
 999     5.460  -9691532.597  186873874  -0.00052   0.02295
1000     5.280  -9691402.589  177742408   0.01028   0.07557
