
Sliding windows analysis - rho for total gene = 0.00019 per bp/kb

SNP_L	 SNP_R	 #SNPs	4Ner/bp/kb	 CLR	  Tajima's D

     57.00	    157.00	   7	   0.00000	     24.47	    -1.856
    301.00	    587.00	   7	   0.00035	    115.79	    -0.803
    624.00	    890.00	   8	   0.00075	    276.38	    -1.285
    933.00	   1178.00	   5	   0.00041	    371.27	    -1.817
   1223.00	   1454.00	  10	   0.00000	    434.32	    -2.038
   1511.00	   1787.00	  11	   0.00036	    458.57	    -1.498
   1799.00	   2040.00	  10	   0.00622	    456.72	    -1.672
   2092.00	   2384.00	  14	   0.00068	    598.57	    -2.244
   2452.00	   2644.00	  10	   0.00052	    773.13	    -1.728
   2765.00	   2824.00	   4	   0.00000	    873.47	    -1.719
   3007.00	   3278.00	   9	   0.00000	    948.72	    -1.368
   3320.00	   3559.00	  19	   0.00000	   1169.91	    -2.067
   3589.00	   3859.00	   7	   0.00000	   1314.19	    -1.480
   3960.00	   4034.00	   2	   0.00000	   1373.13	    -1.088
   4196.00	   4418.00	   7	   0.00000	   1447.87	    -1.299
   4530.00	   4733.00	   7	   0.00000	   1622.76	    -2.027
   4793.00	   5031.00	   8	   0.00000	   1632.67	    -1.501
   5118.00	   5309.00	   6	   0.00000	   1784.95	    -1.392
   5376.00	   5658.00	   8	   0.00000	   1846.81	    -1.471
   5729.00	   5960.00	   9	   0.00000	   1962.88	    -1.895
   5979.00	   6241.00	  11	   0.00000	   2057.92	    -2.091
   6277.00	   6515.00	   9	   0.00000	   2158.38	    -1.335
   6589.00	   6808.00	  10	   0.00000	   2239.09	    -2.091
   6879.00	   7056.00	   6	   0.00000	   2296.75	    -1.428
   7276.00	   7391.00	   3	   0.00000	   2351.98	    -1.486
   7550.00	   7733.00	   5	   0.00000	   2377.43	    -1.661
   7840.00	   8038.00	   5	   0.00000	   2426.91	    -1.243
   8114.00	   8333.00	  10	   0.00000	   2488.46	    -1.836
   8430.00	   8617.00	   6	   0.00000	   2553.24	    -0.804
   8681.00	   8885.00	   5	   0.00000	   2579.78	    -1.546
   9014.00	   9185.00	   3	   0.00000	   2649.24	    -1.596
   9374.00	   9516.00	   4	   0.00000	   2680.48	    -0.556
   9572.00	   9779.00	   6	   0.00000	   2703.31	    -1.451
   9985.00	  10136.00	   6	   0.00000	   2736.60	    -1.291
  10148.00	  10359.00	   4	   0.00000	   2800.10	    -1.355
  10486.00	  10655.00	   4	   0.00000	   2777.79	    -1.539
  10748.00	  11042.00	   7	   0.00000	   2721.74	    -1.500
  11042.00 -   11042.00 : no data
  11363.00	  11631.00	   7	   0.00000	   2683.04	    -0.899
  11681.00	  11784.00	   6	   0.00000	   2736.18	    -1.864
  11984.00	  12048.00	   3	   0.00000	   2750.06	    -1.323
  12257.00	  12486.00	   5	   0.00000	   2796.13	    -0.879
  12616.00	  12818.00	   6	   0.00000	   2797.67	    -1.591
  12836.00	  13096.00	   8	   0.00000	   2757.41	    -1.941
  13281.00	  13396.00	   3	   0.00000	   2763.91	    -0.869
  13609.00	  13678.00	   3	   0.00000	   2810.79	    -1.596
  13955.00	  14006.00	   2	   0.00000	   2823.35	    -1.295
  14223.00 -   14223.00 : no data
  14347.00	  14410.00	   4	   0.00000	   2821.70	    -1.673
  14644.00	  14860.00	   5	   0.00000	   2801.53	    -0.805
  14923.00	  15196.00	   5	   0.00000	   2736.09	    -1.818
  15229.00	  15391.00	   2	   0.00000	   2752.81	    -1.367
  15607.00	  15814.00	   5	   0.00000	   2713.85	    -1.817
  15864.00	  16042.00	   3	   0.00000	   2680.83	    -1.596
  16174.00	  16407.00	   6	   0.00000	   2619.24	    -1.414
  16414.00	  16660.00	   7	   0.00000	   2622.47	    -2.058
  16723.00	  17008.00	   8	   0.00000	   2590.28	    -1.967
  17053.00	  17308.00	   3	   0.00000	   2587.87	    -1.596
  17308.00	  17588.00	   4	   0.00000	   2589.58	    -1.673
  17614.00	  17836.00	   8	   0.00000	   2547.42	    -1.188
  17992.00	  18079.00	   7	   0.00115	   2493.45	    -1.283
  18208.00	  18475.00	   7	   0.00037	   2483.33	    -1.333
  18514.00	  18763.00	   7	   0.00040	   2417.84	    -1.904
  18889.00	  19075.00	   6	   0.00054	   2418.43	    -1.336
  19165.00	  19347.00	   5	   0.00055	   2396.71	    -1.897
  19418.00	  19682.00	   8	   0.00076	   2337.15	    -1.543
  19757.00	  19957.00	   7	   0.00100	   2317.29	    -2.027
  19999.00	  20284.00	  13	   0.00070	   2308.66	    -2.111
  20457.00	  20569.00	   7	   0.00089	   2244.97	    -1.798
  20593.00	  20874.00	  11	   0.00285	   2155.15	    -1.314
  20905.00	  21097.00	   7	   0.00469	   2148.51	    -2.027
  21189.00	  21433.00	   4	   0.00410	   2122.81	    -1.019
  21523.00	  21772.00	   9	   0.00442	   2042.01	    -1.572
  21791.00	  22079.00	  15	   0.00417	   1967.38	    -1.573
  22148.00	  22357.00	  11	   0.00574	   1937.02	    -1.579
  22389.00	  22655.00	   6	   0.00489	   1920.47	    -1.932
  22686.00	  22971.00	  15	   0.00491	   1808.53	    -1.323
  22981.00	  23200.00	   6	   0.00594	   1860.14	    -2.002
  23357.00	  23573.00	  11	   0.00648	   1773.21	    -0.771
  23573.00	  23849.00	  13	   0.00507	   1644.97	    -0.874
  23883.00	  24118.00	   6	   0.00596	   1638.13	    -1.573
  24191.00	  24404.00	  11	   0.00704	   1487.63	    -0.775
  24514.00	  24740.00	  13	   0.00664	   1435.01	    -1.668
  24806.00	  25060.00	  12	   0.00591	   1360.98	    -1.040
  25079.00	  25364.00	  10	   0.00561	   1258.34	    -1.714
  25364.00	  25612.00	  12	   0.00605	   1243.63	    -1.796
  25668.00	  25950.00	  24	   0.00532	   1076.19	    -2.040
  25983.00	  26258.00	  12	   0.00582	    960.74	    -1.220
  26359.00	  26554.00	   8	   0.00821	    868.51	    -1.532
  26597.00	  26840.00	   9	   0.00700	    768.40	    -2.050
  26890.00	  27107.00	  13	   0.00783	    603.80	    -1.709
  27160.00	  27370.00	   7	   0.00857	    475.91	    -0.749
  27474.00	  27649.00	   4	   0.01029	    488.77	    -1.719
  27838.00	  28008.00	   6	   0.01059	    432.61	    -1.607
  28069.00	  28275.00	   5	   0.00874	    420.53	    -0.802
  28350.00	  28647.00	  10	   0.00606	    382.01	    -1.916
  28647.00	  28895.00	  11	   0.00766	    236.02	    -1.516
  28956.00	  29168.00	  10	   0.00943	    146.28	    -1.463
  29252.00	  29510.00	   3	   0.00775	    110.30	    -1.430
  29558.00	  29826.00	  11	   0.01007	     50.98	    -1.503
  29866.00	  30117.00	   6	   0.00916	      4.71	    -1.147
