
Rho     Fit     CLR     CF

    0.67 12553.41 2230.888  -46.306
    0.68 12576.60 1921.418  -14.098
    0.66 12547.27 2096.841 -163.970
    0.68 12596.34 1939.413   28.806
    0.64 12488.82 3640.377  -30.474
    0.65 11763.63 2593.212 -142.510
    0.62 10936.32 3492.251 -191.114
    0.73 14069.50  907.348 -197.808
    0.65 11605.36 3489.728  -50.250
    0.68 12517.18 2091.155  -54.339
    0.68 11547.37 2558.013 -152.595
    0.65 11856.64 2952.323 -154.068
    0.71 13287.63 1506.884  -23.219
    0.66 12813.56 2486.078  -95.792
    0.67 12308.84 2167.702 -185.966
    0.66 11784.20 2439.618 -132.132
    0.62 10505.55 3479.868   13.441
    0.59 10143.33 4816.923 -214.712
    0.62 11020.97 3786.857 -131.949
    0.64 11471.08 2954.241 -118.382
    0.66 12949.71 2390.423   -3.494
    0.64 10013.93 3261.570 -217.333
    0.64 11486.72 2813.667  -87.567
    0.67 12097.97 1965.154  -91.962
    0.62 10837.13 2984.510 -221.895
    0.70 13106.80 1314.342   16.873
    0.66 12478.73 2547.937   61.894
    0.61 10587.21 3322.052 -114.259
    0.68 12034.17 1918.777  -63.585
    0.66 12042.86 2674.742 -102.779
    0.62 10968.92 3701.220  -97.578
    0.66 12149.65 2190.100  -79.726
    0.64 11825.94 2107.962  -47.955
    0.67 12100.00 2353.716  -37.724
    0.64 11643.55 3364.313  -93.506
    0.63 10810.74 3592.122 -159.473
    0.61 10766.45 3698.317 -164.427
    0.65 11275.76 3256.613  -40.466
    0.72 13278.17 1471.470  -62.177
    0.64 11409.22 3156.716   24.314
    0.68 12936.56 2499.625 -141.993
    0.63 12965.83 4224.003  133.824
    0.57  9802.90 4913.350  -81.206
    0.69 13218.17 1792.479   17.722
    0.64 11701.09 3496.414  138.355
    0.67 11499.08 2269.513 -173.373
    0.65 11991.30 2707.300 -207.668
    0.72 13611.75  991.251 -113.528
    0.62 10919.66 3191.791 -215.635
    0.68 11495.79 2502.468  -63.233
    0.63 11786.52 2465.465 -206.477
    0.63 11731.47 3605.106  -60.870
    0.63 11566.50 3497.414  -45.297
    0.73 13401.51  679.938  -97.672
    0.68 12301.03 2018.040    6.166
    0.73 13222.47  720.452 -120.861
    0.60 10984.35 4677.040 -161.541
    0.72 13446.58 1043.215 -224.078
    0.69 12688.96 1643.048 -210.132
    0.68 13290.55 1814.109  -92.759
    0.64 11113.23 3252.675 -138.308
    0.68 12696.73 2064.174  -70.852
    0.74 13653.76  741.342 -116.689
    0.69 13754.87 1797.687  -62.877
    0.75 13780.38 1459.348  -37.107
    0.69 12787.32 1730.581  -44.666
    0.66 13616.74 3129.745   23.774
    0.64 11971.00 2870.235   41.584
    0.63 10598.43 3536.988  -81.269
    0.65 11279.26 2411.765 -324.196
    0.65 10771.45 2939.200 -115.398
    0.63 13110.35 3464.077  -14.202
    0.60 11451.68 3653.315   10.540
    0.68 12290.31 2945.826  -26.228
    0.64 11754.59 3284.638   62.706
    0.62 11611.25 4304.156 -143.341
    0.67 11892.87 2610.371    6.412
    0.64 11185.58 3541.114  -41.654
    0.64 11708.13 2756.940 -146.083
    0.55  9956.15 6539.845 -128.285
    0.65 12107.12 2371.547  -61.819
    0.68 12241.79 1846.424  -40.545
    0.56  9791.07 5108.451  -53.068
    0.69 13572.73 2803.711   77.620
    0.60 10761.53 3855.465  -52.488
    0.63 10280.41 3795.341 -127.953
    0.63 11270.98 3043.045 -228.974
    0.59 10755.47 4861.372  -22.973
    0.68 11794.25 2196.373 -149.258
    0.65 10895.01 3012.984 -148.765
    0.65 13658.84 2919.921   30.274
    0.63 10269.82 3105.894 -178.390
    0.61 10159.04 3685.522 -232.882
    0.71 13941.70 1134.037  -95.488
    0.65 11647.57 2564.714 -242.863
    0.66 11873.89 2477.680 -154.334
    0.69 14833.43 2234.952   87.782
    0.65 11668.96 2710.398  -87.140
    0.63 12751.47 4776.617  -14.874
    0.68 13938.31 4854.628  150.236
    0.73 14407.90  589.766 -183.789
    0.65 11660.79 2750.602 -159.767
    0.62 10838.48 3403.019 -152.261
    0.65 12156.39 2985.629  -44.840
    0.63 12699.48 4219.898   34.355
    0.74 14278.76  779.326 -294.378
    0.71 14602.29 3831.425   56.331
    0.65 11702.87 3255.477   -3.563
    0.69 13781.10 1859.509   -9.352
    0.61 10343.69 3927.530   29.806
    0.63 11087.98 2838.401 -245.572
    0.67 12600.96 2802.861   36.380
    0.61 10417.27 4651.328  -54.289
    0.65 12723.81 2988.260  -70.626
    0.62 10927.93 3215.247 -276.284
    0.67 12593.53 2089.391 -119.649
    0.68 12639.44 1935.599   -7.553
    0.68 11943.01 2058.068 -173.471
    6.65 15701.00   37.577 -109.494
    0.67 11890.85 2222.084  -78.210
    0.65 11529.66 3074.343    2.370
    0.65 11003.63 2947.502 -233.064
    0.70 13496.98 1413.910  -96.306
    0.63 11159.46 3109.640 -207.689
    0.66 11921.72 3576.520  -80.491
    0.74 13823.08  724.658 -104.024
    0.65 11756.39 2722.815   -9.693
    0.65 11159.73 2946.504 -192.495
    0.65 12167.47 4138.050   37.957
    0.66 12542.48 1789.004   -2.279
    0.65 11843.51 3428.444   75.914
    0.65 11946.58 2651.819  -14.140
    0.67 12908.40 1758.985   18.298
    0.64 11519.14 3048.440 -103.327
    0.65 11452.31 2592.755  -79.132
    0.63 10759.32 3148.528  -91.317
    0.68 12454.02 1607.482  -94.008
    0.65 12134.71 3055.712   -7.944
    0.61 11713.23 3216.784 -181.630
    0.65 12151.99 2863.682 -112.408
    0.62 11025.29 3986.677 -117.995
    0.61 10433.13 3770.365 -168.669
    0.58 11536.32 5564.602   84.104
    0.66 12373.01 2043.589 -176.736
    0.63 11161.59 2922.808  -91.214
    0.64 11401.50 3390.072 -166.819
    0.72 13533.58 1147.063  -51.083
    0.67 12822.01 2745.730  143.046
    0.65 12724.39 2678.895  -10.628
    0.64 11312.87 2704.053  -87.548
    0.73 13902.13  343.010 -118.892
    0.61 10193.22 3728.437  -97.128
    0.64 11441.22 3154.093   -2.353
    0.65 13249.28 5429.190  132.946
    0.60 10386.87 4397.274    9.423
    0.69 13644.16 2054.931 -180.858
    0.66 11385.05 2628.941 -168.490
    0.63 11191.29 2989.535  -74.025
    0.67 10933.92 2356.944  -72.065
    0.58 10632.52 4586.151  -73.815
    0.64 12258.56 3500.149   89.836
    0.70 15158.82 1721.510   37.688
    0.65 11691.62 2695.959  -47.653
    0.64 11358.10 2713.539 -148.199
    0.59  9772.58 5458.403 -333.060
    0.60 10266.84 4922.526 -117.719
    0.74 14710.13 1070.273   25.613
    0.63 11938.81 3124.822    8.590
    0.62 10769.87 3268.079  -65.538
    0.67 13072.64 2249.394   18.128
    0.67 12406.01 2421.477 -138.903
    0.69 12870.20 1694.064 -178.093
    0.71 13098.68 2255.641  -58.084
    0.59 12452.06 6338.838  -23.327
    0.69 13507.80 2200.116  -58.488
    0.60 11593.56 4312.791   30.410
    0.67 12533.28 1807.407 -141.240
    0.61 10204.46 4102.611 -230.061
    0.67 12122.43 2440.190  -47.427
    0.66 12031.94 2410.832   27.593
    0.62 10918.54 3472.202  -73.420
    0.62 10581.48 3646.268  -67.438
    5.61 15128.08    0.126   -2.026
    0.61 11026.51 3424.734   -4.174
    0.68 13362.42 1767.535  -63.765
    0.67 12516.63 1965.571   25.352
    0.63 10631.72 3464.130 -219.217
    0.65 11075.05 3226.533 -205.458
    0.71 13564.10 2656.745  119.803
    0.66 12014.04 2702.128  -41.355
    0.64 11375.34 3117.389  -40.979
    0.63 11750.18 4623.847  -78.052
    6.13 15774.52    8.384   21.056
    0.64 11410.08 2740.553 -139.944
    0.74 15316.00  820.053  -76.368
    0.69 12607.35 1826.153  -12.825
    0.69 12577.23 1838.716  -86.040
    0.70 13296.32 3774.394  -22.060
    0.67 12642.81 1776.933  -99.184
    0.71 14660.06  871.137 -128.348
    0.63 10907.54 3093.731 -208.013
    0.68 12197.01 2381.624 -171.225
    0.63 13084.51 4038.513  -34.042
    0.67 11729.18 2419.870 -112.298
    0.65 12013.60 2951.111  -28.197
    0.63 11836.99 3718.300  -89.833
    0.63 11116.15 3436.258 -211.666
    0.61 10816.43 3669.204  -51.875
    0.64 11246.80 2956.109 -191.662
    0.61 10827.95 3973.847  -62.117
    0.64 10904.26 2652.909  -50.825
    0.60  9882.55 4045.532 -305.739
    0.65 11496.18 2609.467  -63.493
    0.64 11403.50 2630.347 -323.170
    0.65 12152.21 4162.478  -55.714
    0.69 12512.36 1491.489 -166.453
    0.61 11028.18 4550.703   91.662
    0.66 11433.31 3005.289  -59.558
    0.65 12561.94 5207.143   -2.420
    0.69 12630.89 1832.340   61.470
    0.70 13143.52 1282.039  -69.462
    0.68 12532.91 1933.795  -76.507
    0.65 11646.64 3442.519   46.016
    0.62 11824.64 3162.118   46.359
    0.62 11783.85 4409.340    0.558
    0.65 11458.56 3627.814  -30.747
    0.70 12543.83 1698.032 -113.418
    0.67 11628.36 2230.191 -222.693
    0.67 12086.58 2026.865  -96.071
    0.60 10219.43 4922.547 -110.306
    0.71 12831.39 1385.112 -173.954
    0.73 13656.96  897.097 -126.979
    0.64 10740.70 3344.870 -121.622
    0.65 11267.07 2582.334 -191.919
    0.66 12443.15 2136.630 -142.924
    0.72 13152.09  998.202 -178.805
    0.65 12009.74 2637.566  -79.467
    0.67 12126.56 1909.308 -198.891
    0.70 12635.59 1321.363  -98.327
    0.71 12394.86 1614.731   30.360
    0.68 12602.49 1654.474   -5.138
    0.65 11903.31 2366.130 -296.995
    0.60 10172.76 4485.144 -192.087
    0.61 10502.24 3821.728   19.335
    0.70 12876.20 1679.041  -37.935
    0.68 12019.88 2068.485  -31.399
    0.62 10772.23 4715.227 -149.960
    0.58 10362.24 4874.798    0.527
    0.64 11107.11 2682.146 -247.889
    0.64 11186.41 3196.275 -134.556
    0.64 11651.76 2988.310 -156.945
    0.70 13534.85 1126.250 -151.247
    0.71 12924.43 1163.980  -27.645
    0.67 14281.75 2519.337   34.759
    0.66 13120.70 2709.698  -43.666
    0.61  9767.11 3795.144 -158.913
    0.64 11495.92 4071.989  -89.859
    0.62 10165.47 3520.471  -63.481
    0.64 12411.34 3944.474 -152.942
    0.75 14372.05  160.029 -173.761
    0.61 11149.11 3879.060  -63.972
    0.66 12132.74 2324.180  -54.318
    0.65 11524.60 2620.162  -53.158
    0.55 10309.31 5327.864  -76.779
    0.69 12192.17 2747.970  -16.449
    0.63 11873.00 4666.014  -52.635
    0.64 11789.61 4584.192   63.560
    0.68 12679.31 1710.469 -196.228
    0.68 12714.48 2536.770 -193.583
    0.68 13303.00 1808.212 -154.096
    0.67 11638.45 2233.859 -208.264
    0.62 11359.52 3505.670 -104.064
    0.63 12028.54 3621.144    9.015
    0.64 11374.10 3225.886 -100.038
    0.64 10710.47 3288.427 -145.059
    0.69 14016.77 3105.505  -29.878
    0.64 10612.82 3363.881 -147.676
    0.64 11029.60 3135.127    6.312
    0.66 11619.29 2282.761  -27.222
    0.64 11263.63 2912.351 -261.289
    0.70 12643.20 1678.635 -186.498
    0.74 14311.95  435.380 -108.056
    0.65 11329.69 6278.749   15.139
    0.61 10249.80 3808.804   85.487
    0.61 11796.15 3880.316 -129.818
    0.66 11583.52 2124.587 -143.562
    0.62 10472.53 3302.140  -83.495
    0.62 10771.21 3633.728 -128.936
    0.67 12899.43 2160.885 -101.666
    0.62 10707.35 3598.129 -105.456
    0.73 13691.38  916.799 -159.384
    0.65 11252.04 2694.792 -238.790
    0.68 12736.95 1984.224   10.363
    0.70 12770.03 2072.407  -18.352
    0.59  9730.04 4333.450  -57.706
    0.59  9921.33 4230.069  -96.946
    0.73 13493.46 1389.667  -90.684
    0.63 11901.43 2861.158 -165.072
    0.70 13247.24 2348.343   70.462
    0.69 13901.01 2738.508  -40.938
    0.70 14068.93 1276.381   -8.895
    0.62 10946.16 4106.555  -50.684
    0.72 13596.02 1322.652  -41.504
    0.66 12066.91 3550.304   20.606
    0.74 13826.31  466.098 -279.760
    0.65 11734.62 2497.021  -94.499
    0.63 11975.57 4244.479 -113.091
    0.68 12534.27 1954.413 -148.018
    0.60 12396.63 5231.315  154.945
    0.63 10791.96 3591.605   -6.696
    0.63 10374.83 3545.724 -213.765
    0.67 11856.53 2263.575 -168.903
    0.65 11810.65 2480.878   -0.409
    0.66 12644.57 2131.268  -23.480
    0.72 14754.25 1434.051  192.210
    0.60 10698.67 3973.097  -71.139
    0.69 12032.21 2504.889 -127.704
    0.70 14095.77 1503.445 -192.812
    0.62 11439.16 4435.514  -50.200
    0.64 11158.93 2877.778 -109.301
    0.65 11454.22 2872.378  -80.417
    0.65 12076.97 3061.629  -37.537
    0.68 11824.71 2161.155  -86.162
    0.66 11066.82 3253.733   14.513
    0.63 11863.02 3428.615 -101.618
    0.68 12840.01 1595.140 -108.512
    0.68 13505.63 1798.569   37.180
    0.67 12014.50 2224.382   32.775
    0.61 11348.66 4931.180   58.905
    0.59 10119.47 3754.711 -195.919
    0.62 11614.23 3546.333  -94.233
    0.64 12940.26 3948.151   32.946
    0.65 12407.57 3674.154 -187.424
    0.64 11615.71 3099.580 -135.492
    0.66 12859.98 1851.249 -134.721
    0.68 13193.85 1900.904  -73.052
    0.69 12685.74 1704.593  -72.298
    0.70 13242.43 1068.867   33.458
    0.67 11914.03 2082.780  -82.271
    0.64 10974.52 2747.045  -53.788
    0.62 11400.18 3064.952 -156.963
    0.64 11940.98 2590.643 -190.817
    0.63  9995.02 3473.450 -385.738
    0.73 14680.58  863.663  -49.375
    0.68 13784.32 2380.996   68.062
    0.62 10940.05 3553.692  -53.952
    0.66 12691.50 2721.092 -133.011
    0.65 11450.83 2954.055   57.663
    0.61 10994.74 4255.944  -80.202
    0.64 12188.20 3529.898   51.941
    0.63 11165.89 3176.187  -84.273
    0.66 11852.64 2476.431  -51.685
    0.66 11883.46 4641.924   31.795
    0.68 12362.58 1857.138 -183.488
    0.66 12015.39 4461.598  -93.913
    0.72 13437.78  927.929   16.437
    0.67 12219.50 2254.454 -171.118
    0.68 11670.57 2042.549   57.842
    0.65 12778.70 4320.809   -0.947
    0.65 12502.34 2457.543  -68.926
    0.74 14609.33  574.985   33.318
    0.66 11466.79 2834.554 -132.254
    0.67 12783.36 1983.994  -37.312
    0.59 10452.79 4957.139  -51.908
    0.73 15483.24  418.200 -120.942
    0.68 11707.25 2069.483   17.601
    0.64 10784.94 2837.929 -172.368
    0.67 13410.59 2798.996  -66.757
    0.64 11051.61 3494.910  -16.807
    0.67 13208.33 2857.213    3.219
    0.68 12677.00 1815.610  -39.699
    0.63 11391.25 3474.409  -89.560
    0.68 13468.92 1293.524  -49.913
    0.66 12674.98 2980.706 -143.449
    0.64 10978.89 2752.643 -218.749
    0.66 12868.07 2995.938  -23.585
    0.71 12429.03 1409.744  -17.024
    0.69 12331.60 2394.691  -93.127
    0.65 11587.66 2891.494 -234.777
    0.64 11306.04 2968.924 -113.840
    0.70 13364.32 1493.253 -174.982
    0.69 12446.18 1971.252 -113.212
    0.68 12364.33 2135.083  -19.829
    0.67 11807.92 2437.213  -14.440
    0.66 13399.87 3072.334  -39.586
    0.59  9905.99 4241.007 -158.608
    0.63 12668.17 3767.169   32.868
    0.65 11592.72 2716.532 -232.200
    0.65 14930.71 5976.706   29.419
    0.60 10368.12 3922.698  -64.154
    0.62 10796.48 3530.712  -33.490
    0.63 11833.92 2473.906 -210.424
    0.64 11788.33 2513.394  -18.899
    0.63 11464.83 3659.346 -127.848
    0.66 13518.01 5583.010   41.052
    0.60 10731.84 4817.335 -114.113
    0.69 12532.99 2173.834   48.329
    0.65 11317.01 2711.228 -124.838
    0.63 10993.95 3128.783 -195.290
    0.67 12466.79 2002.033  -32.897
    0.61 11781.93 4645.956  -16.923
    0.64 11769.88 2859.547 -133.005
    0.72 14155.83  587.317 -194.727
    0.70 12299.61 1635.153 -177.075
    0.66 11797.41 2820.711  -31.294
    0.62 10512.58 3369.982 -134.131
    0.67 12492.39 2713.257  -91.903
    0.63 10983.19 3589.269  -57.742
    0.66 12606.51 2687.168  -15.073
    0.65 10815.66 3678.213 -127.417
    0.58 12977.20 4458.961   38.191
    0.67 12848.79 1703.272   19.124
    0.69 12232.25 2899.830   41.213
    0.62 10312.99 3930.064 -190.755
    0.71 13517.39 1544.341   70.901
    0.61 12138.70 6270.390   70.026
    0.70 14360.47 1667.763  113.934
    0.60  9599.07 4367.295 -130.864
    0.63 11290.30 3315.606 -126.468
    0.68 12653.22 2089.228   79.187
    0.71 14375.62 1322.112    2.670
    0.62 11237.15 3460.769   -6.365
    0.71 13214.04 1398.863  -68.933
    0.62 11113.24 3530.309 -276.555
    0.62 11131.48 3178.907 -180.862
    0.69 13302.65 1762.809  -99.628
    0.64 11846.73 2819.290  -63.061
    0.73 14430.78 1002.715   43.330
    0.63 11073.95 3341.447  -30.249
    0.70 12463.32 2643.069  -67.091
    0.68 12403.54 1993.248 -168.480
    0.62 10942.98 3704.023 -253.586
    0.70 13378.95 1522.360  -80.685
    0.61 11302.42 3968.384  -64.976
    0.70 13701.56 1733.416    7.843
    0.72 13861.20  903.184  -61.725
    0.62 11126.09 4023.353    9.061
    0.63 10487.72 3238.338  -33.568
    0.64 11512.92 3153.526  -18.250
    0.66 12600.86 3072.589   22.209
    0.65 12050.15 2863.674  -64.217
    0.69 13082.21 1876.621   38.423
    0.67 12960.48 2316.520    2.332
    0.69 12182.68 1729.438   33.886
    0.60 12714.31 5698.420  -55.551
    0.72 14323.32  955.697   32.615
    0.63 11423.73 3112.480   78.620
    0.68 11951.89 2062.593 -168.359
    0.62 10232.82 3097.363  -88.910
    0.68 11730.97 2799.766  -75.655
    0.60 11353.23 5358.045  -20.292
    0.72 14433.75 1342.373   -1.010
    0.66 11737.11 2647.975 -172.896
    0.62 11204.99 3590.358 -199.983
    0.65 11879.15 2216.162   40.086
    0.67 11954.44 2343.615 -106.701
    0.66 11763.55 2327.238 -161.161
    0.66 11138.96 2897.305 -213.256
    0.65 11776.98 2243.296  -52.901
    0.60 11188.71 5588.404 -178.672
    0.66 11993.78 2876.016 -168.842
    0.63 12311.10 3946.745  -88.538
    0.63 11193.58 3327.566   21.519
    0.69 13341.36 1648.635 -127.253
    0.63 10764.48 3528.067 -188.139
    0.64 11185.00 3407.340 -162.415
    0.64 11584.48 2879.195  -97.759
    0.66 11953.39 2461.903  -50.051
    0.66 11375.45 2703.107 -107.156
    0.66 11582.23 2676.669  -46.581
    0.62 10424.57 3542.697 -171.339
    0.69 12384.69 1469.983 -126.875
    0.65 12887.58 2704.464  -30.153
    0.72 13158.36 1175.990 -208.046
    0.68 12563.46 1828.404 -175.762
    0.67 12343.84 1879.727 -220.444
    0.71 13476.80  943.017   17.025
    0.65 11451.65 3005.241 -178.251
    0.67 11750.56 2419.598   -0.606
    0.74 14199.77  795.514 -218.329
    0.70 12749.82 1602.620 -176.573
    0.67 12527.96 2240.336  -82.024
    0.66 11974.58 2399.682 -256.422
    0.65 12184.79 3208.950  -65.589
    0.70 14149.33 3181.867  -85.792
    0.59  9631.60 4127.357 -187.422
    0.63 10791.63 3060.830 -345.322
    0.69 13501.47 1306.833  -55.288
    0.68 13087.26 2481.479 -126.808
    0.68 12920.51 1793.679  -23.997
    0.63 10627.92 2937.363 -189.576
    0.65 11192.83 3135.896  -16.554
    0.70 12156.32 7999.250  204.618
    0.60 10516.98 3844.319 -180.927
    0.68 12269.01 1926.607   -2.111
    0.59 11191.98 6995.622  172.459
    0.63 11044.87 3149.818 -147.906
    0.63 10773.70 3197.227 -110.721
    0.66 12387.88 2466.801   -8.071
    0.67 13281.88 1959.960  -44.264
    0.69 12957.04 1755.294  -14.431
    0.72 13661.74 2118.615  -19.759
    0.65 10675.14 3751.948 -141.478
    0.67 13367.46 4022.914   19.470
    0.61 10957.59 3804.582  -56.018
    0.60 11148.56 4296.462 -173.010
    0.67 12535.83 2326.873 -251.709
    0.67 12190.07 2583.512   48.675
    0.64 11634.67 3282.072  -50.308
    0.64 11736.96 3824.952  -65.620
    0.67 12041.86 2047.726 -109.664
    0.60 10895.93 4146.152 -159.024
    0.66 12610.19 2580.282  -13.087
    0.73 12825.38 1302.251  -29.237
    0.69 12964.19 2138.434   -0.955
    0.72 13751.87 1192.040    7.691
    0.65 11479.93 2761.142 -192.531
    0.64 11328.80 2918.919  -75.243
    0.68 12474.44 2170.458  -75.663
    0.69 12137.05 2265.130   72.171
    0.75 14592.64  357.475  -64.271
    0.68 12541.19 2894.251   40.252
    0.63 11378.92 3611.774 -209.203
    0.64 11008.02 3471.964  -49.734
    0.59 10893.00 4880.663    3.805
    0.59  9766.12 4645.189  -19.550
    0.64 11680.52 5579.963   49.426
    0.65 11296.06 3076.563    1.139
    0.72 14047.32  874.633  -40.903
    0.64 10763.95 3003.388 -177.495
    0.68 13100.15 2031.500  -67.384
    0.63 11545.92 2930.621 -210.607
    0.72 13734.24  946.568 -129.511
    0.61 11509.25 3153.412   61.936
    0.71 13596.86 1128.776    4.899
    0.70 13840.19 1702.805  150.392
    0.59 10176.61 4031.063 -189.006
    0.64 11073.17 3079.891  -21.061
    0.67 13840.15 2227.798  -79.389
    0.63 12080.19 4411.482  -91.208
    0.62 11303.03 3795.278   -2.207
    0.73 13975.32  557.875 -119.931
    0.62 10746.91 3313.422 -113.830
    0.70 12928.84 1588.741 -109.015
    0.61 11068.60 3377.624 -253.778
    5.69 17075.60    0.056  228.994
    0.68 11882.55 2632.940 -163.561
    0.65 10980.13 2665.762  -73.583
    0.67 11987.88 2259.865  -49.614
    0.67 12430.76 1842.857  -97.296
    0.74 13539.12  813.954 -156.181
    0.71 13456.82 1110.962  -31.171
    0.68 13227.03 1530.879  -76.419
    0.61 10831.75 3924.692  -42.705
    0.71 13425.85 1506.883  -20.202
    0.66 11535.77 2675.167 -247.590
    0.60 10792.80 4618.049 -145.239
    0.68 12948.61 1357.470  -70.605
    0.74 14296.53  490.144 -156.579
    0.74 14190.33  466.766  -10.348
    0.76 14148.99  172.090  -10.029
    0.63 11419.35 2815.395  -73.297
    0.63 11363.08 2976.571 -109.209
    0.68 12050.74 2224.967 -144.003
    0.63 12735.00 2882.929  -20.485
    0.67 11706.27 2796.693  -83.977
    0.58 10707.89 5245.676  -62.993
    0.67 12142.23 2340.119   43.217
    0.68 13043.14 2708.450 -129.147
    0.65 11504.95 3108.893 -219.694
    0.64 11599.56 3127.008  -98.821
    0.64 13344.52 4865.068   23.014
    0.61 11906.25 4791.385   78.276
    0.65 11584.98 2648.441  -15.086
    0.68 12558.07 2247.548   -3.550
    0.65 11631.86 3168.497  -44.123
    0.61 10781.79 4020.152 -104.536
    0.68 12938.14 1496.122  -37.944
    0.64 11816.99 2905.238  -11.137
    0.74 13682.00  943.670  -19.374
    0.63 11193.08 3797.445  -64.535
    0.68 12682.33 2078.032   16.441
    0.65 11549.93 2919.477  -30.717
    0.66 11611.26 3170.481  -80.442
    0.63 10322.44 3456.415  -47.385
    0.63 11401.04 4071.507   50.126
    0.65 12014.55 2653.341  -58.853
    0.66 11388.03 2568.800 -220.779
    0.61 10294.61 3534.314 -245.225
    0.68 12752.30 1845.089  -69.134
    0.66 12840.04 3011.531   45.060
    0.60 11349.40 4703.022  -25.189
    0.60 10059.96 4166.793  -78.499
    0.66 11996.40 2419.489 -100.228
    0.69 12464.47 1827.313  -53.388
    0.65 12603.05 2353.706 -105.281
    0.62 10917.12 3090.084  -13.383
    0.73 13958.74  796.162   -3.184
    0.64 14093.24 3445.243   70.571
    0.64 11526.15 2798.807 -118.082
    0.66 11983.58 3213.819  -43.102
    0.66 12543.70 2553.149   30.964
    0.61 12265.42 5667.014  130.876
    0.69 12148.04 2177.882  -74.354
    0.69 12317.81 1590.979  -46.375
    0.71 13400.94 1394.521 -163.875
    0.72 14871.19  820.268  -15.731
    0.70 12814.35 1780.654 -198.836
    0.64 12028.13 5044.001  101.609
    0.65 11489.36 2767.148  -62.484
    0.62 10742.23 3906.257 -149.475
    0.68 13075.84 1957.190   -7.066
    0.71 13388.08 1106.995 -240.997
    0.60  9892.93 4592.401 -119.433
    0.66 11900.82 2194.803 -197.213
    0.68 12284.43 2144.677  -43.692
    0.66 11400.01 2376.868 -158.656
    0.65 12253.92 2316.353 -129.582
    0.65 11394.54 2446.316 -137.048
    0.64 11271.08 2860.936 -115.739
    0.67 11608.10 2595.770 -168.516
    0.64 11628.46 2875.197   72.603
    0.64 10848.75 3008.680   -4.572
    0.64 12329.24 3110.119  159.026
    0.63 11728.03 3422.704   25.370
    0.64 11727.94 3263.889 -107.555
    0.62 11731.89 4494.718  -17.966
    0.64 11364.13 3117.134 -118.291
    0.59  9750.90 4883.663 -156.233
    0.68 12660.28 1741.102  -85.179
    0.61 10336.07 3589.706 -209.087
    0.64 11141.97 3271.672  -98.470
    0.72 13559.66  938.779 -190.829
    0.67 12597.17 2366.603   -1.624
    0.75 14763.27   76.865   -8.078
    0.64 11836.09 3924.016 -107.432
    0.62 10263.49 3286.338 -239.473
    0.62 11180.37 3640.510    9.469
    0.59 10947.42 6210.441   54.265
    0.66 11872.46 2114.109  -47.863
    0.65 11843.85 2542.449 -119.757
    0.64 11368.36 3765.730  -92.984
    0.68 12065.58 1856.506  -84.815
    0.62 11983.04 3955.640  -72.679
    0.66 11723.97 1993.868 -222.555
    0.68 12313.61 1806.500 -153.050
    0.70 13165.90 1253.157  -67.294
    0.65 13257.79 5108.118  157.921
    0.66 11944.05 2562.606  -69.209
    0.62 11116.02 3486.479  105.738
    0.73 13608.61 1100.069  -44.592
    0.66 12724.05 2379.323  -11.489
    0.63 11047.18 3034.166 -120.842
    0.63 11299.85 3218.408 -183.032
    0.65 11809.55 3339.277   26.927
    0.70 14079.88 1737.628  -16.782
    0.65 11736.66 2350.692 -267.571
    0.67 12671.86 2388.375  -96.271
    0.63 10988.58 3033.764  -66.051
    0.64 11299.12 3949.868    4.013
    0.63 12264.67 4881.256  -76.946
    0.62 11238.27 3315.634 -218.428
    0.70 12760.21 2132.202  158.385
    0.62 10906.45 2943.747   17.275
    0.61 11098.03 3825.345 -173.256
    0.65 11243.79 3235.724  -13.411
    0.63 11658.38 2681.222 -128.337
    0.64 11571.96 2741.108 -119.665
    0.63 11482.01 4756.059  -63.437
    0.72 13854.05  967.735    6.478
    0.68 13400.74 2173.769  -39.331
    0.66 13517.71 2257.057  -51.296
    0.72 13688.02  885.161 -124.230
    0.65 12368.34 2617.787 -206.454
    0.66 12468.27 2362.921    6.611
    0.60 10342.27 3685.688 -164.151
    0.60 15140.27 10637.134   44.338
    0.65 12571.08 3362.767  -21.975
    0.66 13104.67 3756.877   81.517
    0.74 14484.78 1116.796   49.284
    0.74 14909.42   31.886 -265.965
    0.64 10987.01 3009.508 -207.798
    0.58  9865.78 6034.253  -98.818
    0.56  9505.81 5039.974 -199.676
    0.70 13563.79 2120.863  -94.208
    0.64 11097.27 3284.883  -76.065
    0.66 13515.50 2019.709  -92.294
    0.63 12296.35 4844.806   58.570
    0.68 12441.40 1608.729 -101.258
    0.67 12532.10 2205.053  -70.283
    0.75 14230.03 1228.745  145.124
    0.70 14093.88 1298.898 -173.554
    0.63 11286.04 4160.358  -86.508
    0.62 10974.45 3907.834  -55.097
    0.68 12533.95 2700.505  -33.994
    0.73 14252.77 1455.515   64.561
    0.75 14521.09  417.879   46.786
    0.67 12561.97 1871.049    7.575
    0.65 11554.39 3193.606   21.014
    0.64 12003.17 3324.662   23.288
    0.74 21076.43 2454.762  111.775
    0.64 11936.93 2486.251  -91.389
    0.72 14136.75 1003.124  -30.481
    0.65 12140.46 2666.664  -88.342
    0.69 12601.40 1786.812    6.306
    0.64 10883.31 2819.376  -39.758
    0.60 10599.22 4519.909  -74.636
    0.65 11799.55 2578.776  -58.533
    0.64 11741.94 2721.028 -191.373
    0.70 12708.93 2542.886  -30.752
    0.61 10081.32 3712.578 -276.275
    0.68 11801.98 2371.330  -90.512
    0.70 13143.95 1597.142 -143.185
    0.74 15800.52 1811.623 -103.001
    0.63 10498.10 3469.484 -165.781
    0.69 12412.21 1968.476  -80.148
    0.61 10798.48 4411.265 -181.940
    0.71 13259.50  960.051 -204.814
    0.66 12135.07 2784.343   92.842
    0.69 13669.92 1568.316  -39.480
    0.70 13824.86 1088.629 -212.940
    0.64 12086.17 2738.027  -89.011
    0.67 11927.00 1976.101 -170.138
    0.64 10854.21 3448.566  -93.621
    0.66 14130.21 2801.864   25.566
    0.66 12129.58 3144.611   19.827
    0.60 10554.33 4449.531 -146.412
    0.69 12414.15 1810.942 -113.867
    0.63 10680.27 3241.841 -233.239
    0.65 11400.30 2682.926   -1.101
    0.67 12621.87 2321.158  -29.209
    0.64 11529.77 2782.225  -83.060
    0.67 12151.88 1914.137 -193.053
    0.59  9637.83 4824.353 -103.514
    0.74 13897.42  627.701   29.285
    0.72 13860.36 1057.416  -17.038
    0.60 11871.03 5021.930  -24.946
    0.65 11555.01 2562.361 -112.921
    0.64 11542.22 3853.856 -185.943
    0.69 13151.28 2407.343   27.113
    0.68 12937.35 1653.675  -78.812
    0.69 12394.87 1893.394  -46.368
    0.61 10389.20 3888.337   48.504
    0.63 11252.85 2989.376 -109.188
    0.67 12689.99 2291.503 -147.542
    0.65 10976.82 4647.102  -10.438
    0.64 12001.94 5709.644   42.305
    0.61 10501.92 4024.088 -215.825
    0.66 11836.66 2039.466 -119.223
    0.68 13297.96 1761.319 -119.191
    0.69 12821.12 1897.924  -41.827
    0.62 10062.91 5363.777 -156.858
    0.61 10821.42 3909.806  -91.852
    0.67 13729.60 2105.839   72.398
    0.68 12122.61 1875.275 -112.519
    0.64 11751.86 2886.280   56.886
    0.68 12110.09 1871.465 -162.272
    0.66 11997.18 2990.043  -95.557
    0.69 12790.56 1820.111  119.530
    0.67 12849.68 1838.427 -204.118
    0.72 13336.85  890.680   28.175
    0.60 10032.08 3867.857 -122.226
    0.66 11582.43 2836.893 -108.871
    0.71 14319.34 1383.417  -33.146
    0.62 11442.10 3246.752  -48.815
    0.65 11533.57 2780.984 -130.543
    5.47 15622.26    1.471   11.871
    0.68 12122.03 2567.611 -194.364
    0.69 12868.16 1789.040 -169.390
    0.67 11806.01 2114.752  -14.986
    0.57 11526.89 6310.423  -67.960
    0.71 13017.68 1342.542  -94.289
    0.64 11417.46 2737.102 -102.584
    0.64 10806.77 3264.875 -196.824
    0.64 11407.34 3245.864 -127.279
    0.62 11113.23 3102.728 -194.667
    0.66 12006.47 2293.797  -23.010
    0.69 13020.64 1599.042 -106.924
    0.63 10462.84 3564.636 -223.875
    0.63 11125.87 3419.986 -106.832
    0.61 11128.44 4154.093   18.566
    0.64 11613.71 2754.728  -67.433
    0.67 12446.70 2208.954  -24.868
    0.67 12996.00 2209.356  -76.178
    0.60 10173.72 3893.301 -132.116
    0.61  9941.81 4000.257 -136.281
    0.64 10544.18 3627.654 -216.158
    0.65 12109.71 2527.598  -23.844
    0.70 12340.86 1785.652 -141.379
    0.66 12368.97 2356.051   92.469
    0.67 11562.29 2228.817  -41.912
    5.48 14883.98    1.583   44.214
    0.71 13765.49  963.545 -111.156
    0.69 12904.11 1855.027  -80.339
    0.69 12585.25 1682.420 -123.358
    0.70 12582.22 1672.726 -249.469
    0.61 11503.71 3208.581 -130.923
    0.65 10958.03 2888.892  -17.654
    0.63 10675.27 3541.522 -161.963
    0.67 13107.77 2302.526  -78.311
    0.65 12556.38 3192.758   -3.387
    0.67 12346.95 2137.264 -238.865
    0.62 11375.17 3812.616 -122.210
    0.66 11768.36 3021.108   95.881
    0.65 11843.97 2014.727  -76.804
    0.67 13845.57 3081.420  -60.378
    0.65 11781.06 3521.843 -205.256
    0.72 13375.91 1033.178   41.057
    0.64 11699.76 5137.912  -47.442
    0.71 13672.67 1116.838  -44.396
    0.63 11487.99 3280.458   -6.063
    0.61 10819.43 3572.435  -66.363
    0.60 10681.28 4990.778   69.285
    0.65 11751.34 2662.521  -75.173
    0.74 13820.98  547.916  -36.178
    0.63 11015.51 3665.010   39.926
    0.64 12376.43 2664.170   -6.713
    0.65 11379.70 2816.016 -125.399
    0.63 11352.59 2960.477   28.698
    0.65 12155.87 2684.982  -91.677
    0.71 13410.23 1449.248  103.548
    0.67 12325.02 2205.654   -6.146
    0.68 13379.81 3524.175   88.125
    0.60 10139.92 4150.800 -193.899
    0.68 12471.60 1631.157 -172.054
    0.63 11136.68 2775.858 -236.695
    0.68 13252.70 1932.745  -38.209
    0.66 12342.00 2302.756  -79.946
    0.70 13980.94 1341.012  -54.619
    0.61 10391.03 3847.135 -148.224
    0.62 10717.82 3555.614 -194.006
    0.59  9678.16 5424.397  -56.660
    0.68 12637.43 2439.440  -96.808
    0.60 10921.41 3999.704 -181.320
    0.62 10368.76 4005.822  -86.776
    0.67 11893.99 2860.914 -146.651
    0.69 12808.14 1913.862 -121.992
    0.64 11107.75 3359.167   13.813
    0.62 11548.48 3110.624  -81.018
    0.72 13365.68 1337.965   14.784
    0.68 11574.61 2082.020 -177.965
    0.65 11351.11 2656.498  -84.456
    0.59 11439.86 4228.170   32.283
    0.67 12269.22 3151.004 -112.252
    0.64 11265.52 3261.840    1.654
    0.60  9803.09 4041.292 -122.688
    0.73 13897.15  933.828  -30.729
    5.74 14929.68    0.304 -168.058
    0.65 11971.11 2805.495  -80.093
    0.63 10589.92 3438.386 -171.168
    0.64 11228.52 2598.082  152.471
    0.68 12521.13 1850.398 -178.952
    0.74 14231.14  708.272   -2.939
    0.64 11301.32 2440.550  -10.787
    0.70 12638.21 1383.583  -48.222
    0.63 11303.47 3247.216  -79.066
    0.75 17033.66  617.028  -71.734
    0.73 14053.40  865.521  -16.547
    0.69 13242.55 1308.524  -77.563
    0.66 11730.47 2638.194   51.650
    0.64 10944.27 3986.274  -88.401
    0.69 12606.20 1827.219  -89.692
    0.59 10099.84 4126.417 -196.173
    0.69 12480.55 2012.284 -129.618
    0.64 12290.83 3529.959  -10.660
    0.76 14241.39  516.470  -49.115
    0.67 12032.18 2103.415 -152.494
    0.67 13249.28 2430.626 -102.701
    0.69 13599.78 3833.216   24.662
    0.68 12344.59 2299.185  -27.923
    0.62 11661.70 3889.181   -4.639
    0.59 11133.61 6322.624   11.095
    0.65 10914.11 2980.109  -91.562
    0.61 11158.38 5487.971  -15.106
    0.65 11782.17 2882.732  -89.393
    0.71 13314.21  982.523  -99.020
    0.63 11227.45 3664.571 -114.015
    0.66 12184.85 1958.614 -169.538
    0.71 13655.56 1501.838   66.612
    0.64 11511.36 2900.137   -7.312
    0.66 12097.80 3875.752    4.801
    0.65 11393.24 2327.372 -212.474
    0.62 12171.49 4840.435   16.124
    0.67 12228.95 2154.562 -136.708
    0.69 12950.02 1420.609  -97.898
    0.65 11379.42 2327.709 -130.802
    0.73 14435.68  425.465 -114.833
    0.65 11580.62 4129.748  -69.337
    0.60  9731.66 3743.855 -163.422
    0.67 12306.32 2387.520   30.329
    0.68 12539.72 2181.906 -101.416
    0.70 12534.66 1768.041 -104.711
    0.71 13878.61 1882.142  115.160
    0.65 11373.31 2324.044  -59.595
    0.71 13203.93 1385.653  -18.730
    0.68 13411.89 1850.162  -52.409
    0.65 10788.81 2745.783 -233.881
    0.60 11343.24 4529.948 -102.083
    0.67 12536.95 1932.735 -118.090
    0.67 11791.71 2056.207 -134.295
    0.67 12462.21 1784.015 -286.678
    0.62 10558.45 4166.422   46.743
    0.63 11094.45 3478.186  -82.830
    0.60 10228.05 4583.817 -148.338
    0.66 11695.09 2819.085  -24.505
    0.70 12916.82 3261.207  -63.508
    0.64 12011.23 2684.342  -58.170
    0.65 12180.85 2769.974  -82.742
    0.66 11774.58 2356.949 -157.162
    0.67 12527.81 2040.543  -82.752
    0.70 12332.33 1313.682  -69.539
    0.73 13541.83 1260.816 -103.528
    0.66 11559.07 2072.185  -56.288
    0.61 10465.20 4155.936 -157.557
    0.66 13102.93 3106.577   54.464
    0.65 11788.95 2668.782 -236.696
    0.70 12661.74 2006.404 -226.394
    0.66 11722.49 2119.083 -164.739
    0.69 12594.25 1779.396  -68.657
    0.66 13449.51 2774.535  -35.619
    0.70 12921.44  918.122  -67.983
    0.69 13228.81 1453.459 -102.420
    0.69 13044.00 2372.637   74.825
    0.64 12761.91 4788.653   65.257
    0.65 11223.33 2938.706 -137.559
    0.74 14178.31 1632.092  168.995
    0.61 11315.56 4378.265  -62.948
    0.66 11739.40 3202.017  -29.927
    0.64 10833.03 3255.378 -137.487
    0.62 10909.04 3301.284   34.095
    0.69 12247.59 1809.700 -142.719
    0.71 13776.22 1689.120  -26.877
    0.69 12843.88 1580.720    7.701
    0.61 11074.00 3530.083 -188.399
    0.64 13082.39 3199.589   80.372
    0.63 10585.36 2773.476 -116.117
    0.63 11102.07 3326.330  -52.447
    0.73 14097.74 1017.774   83.502
    0.73 14421.66  866.631  -93.958
    0.58 10856.53 5418.591   -0.240
    0.63 10657.28 3311.144  -79.491
    0.73 13825.58  866.564 -141.650
    0.64 10452.65 3242.030 -268.999
    0.67 12080.00 2323.694 -210.324
    0.61 10374.26 3300.424 -200.346
    0.67 12196.51 2800.434 -114.713
    0.64 12822.04 4218.768   41.177
    0.70 12685.23 1505.326   14.444
    0.66 12476.08 2555.622  -46.059
    0.68 12355.78 2295.241  -85.080
    0.61 10353.22 4033.843 -186.814
    0.65 11174.01 2544.755 -239.287
    0.59 11930.40 7185.526   99.910
    0.65 11579.76 2701.041 -204.604
    0.60 10644.21 3750.503 -127.044
    0.72 14355.32 4545.109  148.912
    0.59 10111.78 5026.000 -142.372
    0.63 10785.32 3307.226 -270.925
    0.69 12205.47 1806.428 -279.202
    0.67 12426.49 3089.644 -102.969
    0.62  9952.47 3762.727 -149.050
    0.64 11281.98 2776.627  -73.461
    0.72 13535.75 1556.271   36.622
    0.71 15189.34 1480.759   79.155
    0.64 11309.71 2531.110 -279.725
    0.72 13278.39 1079.195 -154.259
    0.72 14021.53 1612.966  -42.708
    0.61 11478.60 4845.076 -120.674
    0.69 13991.14 2586.105   36.598
    0.69 12221.13 2272.265   -6.932
    0.59 11352.50 4391.134 -149.120
    0.66 11766.96 2487.519 -196.126
    0.65 12799.73 3017.764  -12.000
    0.66 12017.17 2605.910 -105.695
    0.61  9948.95 4053.500  -88.309
    0.59 11152.75 3607.463   42.792
    0.62 10469.61 3013.187  -96.511
    0.67 11746.49 2052.550  -26.483
    0.69 13187.21 2074.781   11.140
    0.64 11808.16 2896.440 -115.038
    5.89 15305.87    1.513  -59.132
    0.66 12030.58 2876.204  -46.572
    0.60 11074.00 4172.276 -160.200
    0.67 11660.77 2131.341 -233.906
    0.68 12039.79 2160.167 -211.260
    0.61 11516.73 3623.211 -101.643
    0.73 14351.86 1296.132   20.553
    0.64 11333.22 3360.042 -187.227
    0.69 13326.19 1847.883  -97.170
    0.65 11362.68 2542.143 -148.366
    0.65 12287.75 2672.100    2.394
    0.63 14222.58 5674.398  143.748
    0.69 13274.84 1793.041 -136.478
    0.72 14045.63  899.378 -126.603
    0.65 11437.57 2456.774 -160.450
    0.64 12344.09 3445.172   -9.486
    0.67 12841.94 1808.966  -51.948
    0.62 10585.00 3674.860  -75.902
    0.67 12570.76 1653.641 -234.152
    0.65 11876.04 3092.484  114.348


Number of simulated fits > obs = 33 (of 1000)
Number of simulated rho  > obs = 5

