750 30139.000 L
57.000
75.000
98.000
100.000
101.000
127.000
157.000
301.000
341.000
381.000
460.000
476.000
542.000
587.000
624.000
626.000
668.000
737.000
767.000
778.000
806.000
890.000
933.000
989.000
1038.000
1124.000
1178.000
1223.000
1226.000
1229.000
1326.000
1388.000
1403.000
1418.000
1420.000
1422.000
1454.000
1511.000
1514.000
1519.000
1533.000
1604.000
1631.000
1650.000
1685.000
1694.000
1769.000
1787.000
1799.000
1814.000
1823.000
1829.000
1833.000
1869.000
1976.000
2009.000
2019.000
2040.000
2092.000
2106.000
2129.000
2169.000
2179.000
2184.000
2224.000
2238.000
2282.000
2295.000
2318.000
2324.000
2372.000
2384.000
2452.000
2456.000
2461.000
2490.000
2503.000
2504.000
2553.000
2556.000
2614.000
2644.000
2765.000
2768.000
2794.000
2824.000
3007.000
3047.000
3110.000
3119.000
3134.000
3139.000
3276.000
3277.000
3278.000
3320.000
3324.000
3339.000
3349.000
3363.000
3397.000
3430.000
3441.000
3454.000
3474.000
3481.000
3484.000
3487.000
3500.000
3506.000
3522.000
3524.000
3542.000
3559.000
3589.000
3607.000
3677.000
3692.000
3707.000
3715.000
3859.000
3960.000
4034.000
4196.000
4271.000
4298.000
4322.000
4388.000
4397.000
4418.000
4530.000
4531.000
4563.000
4598.000
4708.000
4710.000
4733.000
4793.000
4847.000
4941.000
4944.000
4945.000
4995.000
4996.000
5031.000
5118.000
5122.000
5155.000
5185.000
5205.000
5309.000
5376.000
5427.000
5432.000
5516.000
5568.000
5593.000
5600.000
5658.000
5729.000
5774.000
5802.000
5828.000
5900.000
5932.000
5948.000
5959.000
5960.000
5979.000
6010.000
6059.000
6062.000
6116.000
6156.000
6167.000
6169.000
6170.000
6189.000
6241.000
6277.000
6293.000
6301.000
6305.000
6332.000
6397.000
6452.000
6476.000
6515.000
6589.000
6597.000
6619.000
6666.000
6670.000
6680.000
6707.000
6773.000
6777.000
6808.000
6879.000
6907.000
6995.000
7001.000
7009.000
7056.000
7276.000
7340.000
7391.000
7550.000
7554.000
7720.000
7721.000
7733.000
7840.000
7926.000
7937.000
7998.000
8038.000
8114.000
8131.000
8183.000
8193.000
8206.000
8207.000
8210.000
8258.000
8305.000
8333.000
8430.000
8444.000
8502.000
8518.000
8546.000
8617.000
8681.000
8726.000
8770.000
8867.000
8885.000
9014.000
9176.000
9185.000
9374.000
9395.000
9457.000
9516.000
9572.000
9626.000
9641.000
9659.000
9697.000
9779.000
9985.000
9998.000
10055.000
10070.000
10133.000
10136.000
10148.000
10154.000
10331.000
10359.000
10486.000
10505.000
10642.000
10655.000
10748.000
10833.000
10835.000
10874.000
10982.000
10985.000
11042.000
11363.000
11439.000
11492.000
11520.000
11533.000
11534.000
11631.000
11681.000
11690.000
11699.000
11708.000
11775.000
11784.000
11984.000
11987.000
12048.000
12257.000
12299.000
12425.000
12428.000
12486.000
12616.000
12684.000
12707.000
12809.000
12817.000
12818.000
12836.000
12845.000
12866.000
12875.000
13002.000
13011.000
13022.000
13096.000
13281.000
13299.000
13396.000
13609.000
13663.000
13678.000
13955.000
14006.000
14223.000
14347.000
14356.000
14371.000
14410.000
14644.000
14645.000
14716.000
14845.000
14860.000
14923.000
14926.000
14992.000
15040.000
15196.000
15229.000
15391.000
15607.000
15706.000
15736.000
15757.000
15814.000
15864.000
15973.000
16042.000
16174.000
16247.000
16282.000
16347.000
16374.000
16407.000
16414.000
16477.000
16511.000
16585.000
16590.000
16644.000
16660.000
16723.000
16789.000
16804.000
16900.000
16914.000
16929.000
16998.000
17008.000
17053.000
17077.000
17308.000
17311.000
17462.000
17588.000
17614.000
17626.000
17701.000
17752.000
17771.000
17788.000
17794.000
17836.000
17992.000
17995.000
17998.000
18046.000
18048.000
18049.000
18079.000
18208.000
18228.000
18316.000
18334.000
18415.000
18460.000
18475.000
18514.000
18526.000
18626.000
18631.000
18679.000
18714.000
18763.000
18889.000
18934.000
19016.000
19024.000
19036.000
19075.000
19165.000
19272.000
19287.000
19346.000
19347.000
19418.000
19438.000
19450.000
19490.000
19513.000
19558.000
19598.000
19682.000
19757.000
19819.000
19840.000
19864.000
19933.000
19940.000
19957.000
19999.000
20006.000
20131.000
20139.000
20182.000
20191.000
20208.000
20220.000
20227.000
20228.000
20247.000
20249.000
20284.000
20457.000
20487.000
20494.000
20521.000
20538.000
20568.000
20569.000
20593.000
20629.000
20634.000
20635.000
20636.000
20686.000
20719.000
20782.000
20800.000
20848.000
20874.000
20905.000
20945.000
20953.000
20974.000
21082.000
21088.000
21097.000
21189.000
21220.000
21292.000
21433.000
21523.000
21531.000
21532.000
21569.000
21607.000
21627.000
21736.000
21745.000
21772.000
21791.000
21800.000
21807.000
21828.000
21833.000
21859.000
21871.000
21927.000
21954.000
21965.000
22034.000
22035.000
22048.000
22056.000
22079.000
22148.000
22166.000
22180.000
22256.000
22280.000
22301.000
22319.000
22334.000
22349.000
22356.000
22357.000
22389.000
22451.000
22461.000
22551.000
22652.000
22655.000
22686.000
22724.000
22726.000
22746.000
22748.000
22755.000
22756.000
22760.000
22790.000
22824.000
22834.000
22895.000
22900.000
22958.000
22971.000
22981.000
23013.000
23056.000
23093.000
23178.000
23200.000
23357.000
23390.000
23406.000
23447.000
23451.000
23484.000
23503.000
23504.000
23542.000
23570.000
23573.000
23598.000
23648.000
23680.000
23690.000
23714.000
23721.000
23738.000
23756.000
23765.000
23772.000
23804.000
23849.000
23883.000
23953.000
23954.000
24022.000
24111.000
24118.000
24191.000
24197.000
24207.000
24251.000
24296.000
24299.000
24383.000
24400.000
24401.000
24402.000
24404.000
24514.000
24515.000
24560.000
24573.000
24602.000
24610.000
24634.000
24647.000
24650.000
24659.000
24702.000
24704.000
24740.000
24806.000
24863.000
24926.000
24927.000
24930.000
24986.000
25032.000
25043.000
25046.000
25051.000
25052.000
25060.000
25079.000
25082.000
25094.000
25100.000
25124.000
25135.000
25136.000
25208.000
25247.000
25364.000
25392.000
25452.000
25469.000
25475.000
25491.000
25514.000
25530.000
25585.000
25605.000
25611.000
25612.000
25668.000
25686.000
25719.000
25771.000
25776.000
25780.000
25782.000
25783.000
25788.000
25796.000
25802.000
25803.000
25806.000
25807.000
25824.000
25825.000
25834.000
25838.000
25897.000
25914.000
25920.000
25938.000
25941.000
25950.000
25983.000
25984.000
26073.000
26142.000
26172.000
26176.000
26180.000
26182.000
26191.000
26238.000
26246.000
26258.000
26359.000
26361.000
26366.000
26452.000
26464.000
26472.000
26498.000
26554.000
26597.000
26688.000
26724.000
26731.000
26759.000
26783.000
26821.000
26836.000
26840.000
26890.000
26895.000
26896.000
26897.000
26900.000
26904.000
26912.000
26925.000
26981.000
26982.000
26999.000
27016.000
27107.000
27160.000
27224.000
27244.000
27250.000
27292.000
27298.000
27370.000
27474.000
27493.000
27629.000
27649.000
27838.000
27864.000
27889.000
27910.000
27932.000
28008.000
28069.000
28072.000
28083.000
28200.000
28275.000
28350.000
28360.000
28390.000
28425.000
28546.000
28587.000
28590.000
28591.000
28620.000
28647.000
28649.000
28688.000
28733.000
28752.000
28779.000
28787.000
28793.000
28826.000
28877.000
28895.000
28956.000
28973.000
28997.000
29011.000
29033.000
29112.000
29114.000
29157.000
29162.000
29168.000
29252.000
29432.000
29510.000
29558.000
29678.000
29704.000
29715.000
29729.000
29738.000
29752.000
29756.000
29764.000
29765.000
29826.000
29866.000
29869.000
30020.000
30045.000
30106.000
30117.000