
Sliding windows analysis - rho for total gene = 0.00022 per bp/kb

SNP_L	 SNP_R	 #SNPs	4Ner/bp/kb	 CLR	  Tajima's D

     42.00	    180.00	   5	   0.00000	     82.57	    -1.733
    315.00	    471.00	   3	   0.00000	    173.00	    -1.143
    641.00	    852.00	   7	   0.00000	    307.48	    -1.474
   1074.00	   1108.00	   2	   0.00000	    499.65	     0.051
   1224.00	   1458.00	  10	   0.00000	    825.23	    -1.679
   1530.00	   1731.00	   9	   0.00005	    896.11	    -1.606
   1806.00	   2052.00	   8	   0.00012	   1105.80	    -1.852
   2187.00	   2390.00	   8	   0.00000	   1464.14	    -1.138
   2415.00	   2595.00	   6	   0.00000	   1672.38	    -1.392
   2802.00	   2994.00	  10	   0.00000	   1926.05	    -1.926
   3033.00	   3225.00	   5	   0.00000	   2171.62	    -0.330
   3336.00	   3591.00	   5	   0.00000	   2462.97	    -0.753
   3618.00	   3847.00	   6	   0.00000	   2641.77	    -1.947
   3954.00	   4191.00	   7	   0.00000	   2938.73	    -0.484
   4240.00	   4422.00	   5	   0.00000	   3232.86	    -1.691
   4542.00	   4704.00	   6	   0.00000	   3321.32	    -1.773
   4941.00	   4983.00	   3	   0.00000	   3394.03	    -1.212
   5345.00 -    5345.00 : no data
   5446.00	   5661.00	  10	   0.00000	   3531.51	    -2.310
   5738.00	   5907.00	   6	   0.00000	   3722.83	    -1.124
   6007.00	   6255.00	   8	   0.00000	   4059.02	    -1.832
   6412.00	   6599.00	   8	   0.00000	   4362.75	    -0.723
   6600.00	   6764.00	   4	   0.00000	   4613.82	    -1.264
   7074.00	   7178.00	   2	   0.00000	   4662.73	     0.138
   7233.00	   7473.00	   4	   0.00000	   4805.76	    -0.785
   7575.00	   7689.00	   3	   0.00000	   4932.46	    -1.631
   7936.00	   8052.00	   3	   0.00000	   5025.62	    -0.999
   8100.00	   8394.00	  11	   0.00000	   5256.93	    -1.624
   8442.00	   8643.00	   6	   0.00000	   5570.91	    -1.553
   8703.00	   8955.00	  10	   0.00000	   5703.54	    -2.133
   9024.00	   9223.00	   7	   0.00000	   5818.45	    -2.044
   9372.00	   9573.00	   5	   0.00000	   5940.16	    -1.831
   9639.00	   9894.00	  10	   0.00000	   6064.12	    -1.232
   9902.00	  10197.00	   9	   0.00000	   6370.11	    -1.873
  10218.00	  10469.00	   7	   0.00000	   6445.60	    -1.820
  10515.00	  10778.00	   8	   0.00000	   6622.05	    -1.030
  10806.00	  11078.00	  10	   0.00000	   6896.99	    -1.120
  11139.00	  11292.00	   2	   0.00000	   7062.05	    -1.041
  11400.00	  11691.00	  10	   0.00000	   7173.60	    -1.804
  11739.00	  11923.00	   8	   0.00000	   7350.98	    -0.826
  12033.00	  12079.00	   3	   0.00000	   7490.23	    -1.560
  12313.00	  12569.00	   2	   0.00000	   7531.64	    -1.400
  12616.00	  12840.00	   6	   0.00000	   7581.12	    -1.008
  12928.00	  13173.00	   8	   0.00000	   7785.55	    -1.442
  13202.00	  13428.00	   7	   0.00000	   7876.19	    -1.051
  13593.00	  13773.00	   5	   0.00000	   8005.46	    -1.001
  13934.00	  14028.00	   4	   0.00000	   8048.20	    -1.349
  14109.00	  14366.00	   7	   0.00000	   8073.87	    -1.859
  14562.00	  14614.00	   3	   0.00000	   8111.52	    -0.469
  14715.00	  14954.00	   5	   0.00000	   8194.00	    -1.080
  15081.00	  15291.00	   5	   0.00000	   8228.42	    -1.781
  15439.00	  15558.00	   2	   0.00000	   8317.79	    -0.626
  15605.00	  15808.00	   6	   0.00000	   8348.44	    -1.222
  16029.00	  16080.00	   3	   0.00000	   8390.91	    -1.055
  16268.00	  16407.00	   3	   0.00000	   8429.00	    -1.560
  16500.00	  16791.00	  13	   0.00000	   8354.86	    -1.748
  16818.00	  16949.00	   5	   0.00000	   8404.95	    -0.735
  17163.00	  17370.00	   7	   0.00000	   8419.47	    -1.927
  17426.00	  17664.00	  13	   0.00000	   8414.54	    -1.484
  17716.00	  17901.00	   5	   0.00000	   8430.82	    -1.156
  18017.00	  18243.00	   8	   0.00000	   8412.72	    -1.952
  18307.00	  18585.00	  11	   0.00000	   8403.08	    -1.087
  18624.00	  18756.00	   2	   0.00000	   8518.45	    -0.658
  18927.00	  18991.00	   3	   0.00000	   8488.14	    -0.791
  19233.00	  19473.00	   9	   0.00000	   8399.03	    -1.175
  19566.00	  19785.00	   8	   0.00000	   8357.06	    -1.564
  19805.00	  20097.00	   8	   0.00000	   8244.93	    -1.608
  20136.00	  20391.00	  19	   0.00024	   7955.03	    -1.560
  20415.00	  20679.00	  15	   0.00053	   7898.42	    -1.774
  20712.00	  20991.00	  26	   0.00090	   7520.61	    -1.477
  21048.00	  21288.00	   9	   0.00117	   7488.94	    -1.364
  21345.00	  21570.00	  15	   0.00138	   7416.98	    -1.530
  21603.00	  21841.00	  10	   0.00143	   7362.68	    -2.166
  21901.00	  22156.00	  16	   0.00153	   7179.21	    -2.133
  22210.00	  22467.00	  14	   0.00179	   7015.01	    -0.922
  22506.00	  22788.00	  19	   0.00192	   6709.91	    -1.432
  22821.00	  23085.00	  19	   0.00239	   6427.28	    -1.356
  23103.00	  23313.00	  18	   0.00300	   6245.65	    -1.697
  23418.00	  23646.00	   8	   0.00281	   6267.10	    -1.538
  23718.00	  23989.00	  17	   0.00255	   5974.94	    -0.937
  24024.00	  24234.00	  11	   0.00324	   5957.37	    -1.793
  24316.00	  24597.00	  18	   0.00274	   5607.67	    -1.389
  24620.00	  24881.00	  12	   0.00307	   5447.41	    -0.825
  25044.00	  25197.00	  10	   0.00543	   5265.06	    -1.801
  25218.00	  25498.00	  18	   0.00325	   4925.61	    -1.693
  25500.00	  25797.00	  18	   0.00317	   4748.28	    -1.551
  25807.00	  26097.00	  20	   0.00366	   4236.84	    -1.204
  26116.00	  26397.00	  17	   0.00367	   4097.24	    -1.282
  26400.00	  26691.00	  15	   0.00368	   3860.15	    -1.192
  26737.00	  26991.00	  22	   0.00461	   3392.41	    -1.619
  27024.00	  27282.00	  13	   0.00481	   2958.86	    -1.180
  27312.00	  27594.00	  22	   0.00486	   2491.08	    -1.427
  27618.00	  27891.00	  21	   0.00539	   2047.64	    -2.137
  27910.00	  28172.00	  14	   0.00543	   1914.43	    -1.460
  28215.00	  28485.00	  15	   0.00519	   1763.61	    -1.241
  28507.00	  28776.00	  15	   0.00558	   1317.98	    -1.753
  28812.00	  29074.00	  18	   0.00569	   1105.73	    -1.974
  29121.00	  29373.00	  21	   0.00572	    927.42	    -1.953
  29400.00	  29697.00	  21	   0.00559	    356.08	    -0.738
  29716.00	  29990.00	   9	   0.00577	     52.94	    -1.972
