953 30000.000 L
42.000
102.000
123.000
136.000
180.000
315.000
447.000
471.000
641.000
669.000
720.000
723.000
816.000
846.000
852.000
1074.000
1108.000
1224.000
1266.000
1275.000
1282.000
1296.000
1317.000
1322.000
1333.000
1418.000
1458.000
1530.000
1629.000
1664.000
1665.000
1668.000
1680.000
1686.000
1718.000
1731.000
1806.000
1827.000
1856.000
1887.000
1995.000
1998.000
2007.000
2052.000
2187.000
2190.000
2205.000
2241.000
2280.000
2323.000
2357.000
2390.000
2415.000
2457.000
2463.000
2545.000
2591.000
2595.000
2802.000
2823.000
2853.000
2859.000
2955.000
2958.000
2976.000
2988.000
2991.000
2994.000
3033.000
3142.000
3162.000
3176.000
3225.000
3336.000
3420.000
3555.000
3564.000
3591.000
3618.000
3624.000
3717.000
3720.000
3832.000
3847.000
3954.000
3987.000
3993.000
4035.000
4136.000
4164.000
4191.000
4240.000
4242.000
4349.000
4410.000
4422.000
4542.000
4557.000
4586.000
4614.000
4641.000
4704.000
4941.000
4982.000
4983.000
5345.000
5446.000
5479.000
5493.000
5535.000
5556.000
5564.000
5625.000
5628.000
5658.000
5661.000
5738.000
5853.000
5895.000
5898.000
5901.000
5907.000
6007.000
6009.000
6015.000
6036.000
6054.000
6127.000
6165.000
6255.000
6412.000
6456.000
6522.000
6524.000
6567.000
6571.000
6576.000
6599.000
6600.000
6623.000
6732.000
6764.000
7074.000
7178.000
7233.000
7323.000
7374.000
7473.000
7575.000
7679.000
7689.000
7936.000
7947.000
8052.000
8100.000
8143.000
8145.000
8173.000
8219.000
8237.000
8286.000
8352.000
8376.000
8379.000
8394.000
8442.000
8515.000
8527.000
8575.000
8594.000
8643.000
8703.000
8736.000
8742.000
8744.000
8754.000
8784.000
8856.000
8871.000
8880.000
8955.000
9024.000
9165.000
9195.000
9201.000
9204.000
9219.000
9223.000
9372.000
9457.000
9488.000
9493.000
9573.000
9639.000
9720.000
9729.000
9747.000
9770.000
9801.000
9843.000
9852.000
9884.000
9894.000
9902.000
9903.000
9933.000
9973.000
10095.000
10143.000
10159.000
10194.000
10197.000
10218.000
10272.000
10275.000
10311.000
10383.000
10428.000
10469.000
10515.000
10516.000
10518.000
10520.000
10605.000
10657.000
10683.000
10778.000
10806.000
10833.000
10875.000
10881.000
10893.000
10904.000
10923.000
11040.000
11066.000
11078.000
11139.000
11292.000
11400.000
11457.000
11478.000
11502.000
11517.000
11529.000
11564.000
11652.000
11676.000
11691.000
11739.000
11742.000
11792.000
11821.000
11883.000
11895.000
11904.000
11923.000
12033.000
12072.000
12079.000
12313.000
12569.000
12616.000
12627.000
12729.000
12734.000
12765.000
12840.000
12928.000
12930.000
12957.000
13038.000
13102.000
13110.000
13140.000
13173.000
13202.000
13230.000
13307.000
13332.000
13394.000
13408.000
13428.000
13593.000
13635.000
13653.000
13739.000
13773.000
13934.000
13965.000
13966.000
14028.000
14109.000
14147.000
14148.000
14207.000
14259.000
14271.000
14366.000
14562.000
14583.000
14614.000
14715.000
14742.000
14775.000
14802.000
14954.000
15081.000
15120.000
15244.000
15258.000
15291.000
15439.000
15558.000
15605.000
15687.000
15688.000
15699.000
15708.000
15808.000
16029.000
16050.000
16080.000
16268.000
16308.000
16407.000
16500.000
16503.000
16542.000
16557.000
16569.000
16584.000
16590.000
16668.000
16679.000
16720.000
16722.000
16729.000
16791.000
16818.000
16866.000
16893.000
16923.000
16949.000
17163.000
17169.000
17184.000
17191.000
17244.000
17338.000
17370.000
17426.000
17427.000
17440.000
17464.000
17466.000
17508.000
17536.000
17538.000
17556.000
17560.000
17562.000
17610.000
17664.000
17716.000
17751.000
17800.000
17872.000
17901.000
18017.000
18054.000
18124.000
18204.000
18207.000
18210.000
18228.000
18243.000
18307.000
18309.000
18348.000
18355.000
18375.000
18426.000
18432.000
18491.000
18493.000
18504.000
18585.000
18624.000
18756.000
18927.000
18969.000
18991.000
19233.000
19308.000
19341.000
19353.000
19365.000
19382.000
19398.000
19402.000
19473.000
19566.000
19648.000
19652.000
19653.000
19675.000
19689.000
19758.000
19785.000
19805.000
19842.000
19919.000
19947.000
19948.000
20087.000
20088.000
20097.000
20136.000
20145.000
20174.000
20175.000
20181.000
20185.000
20187.000
20202.000
20224.000
20234.000
20238.000
20254.000
20256.000
20271.000
20316.000
20322.000
20334.000
20390.000
20391.000
20415.000
20421.000
20424.000
20457.000
20468.000
20469.000
20497.000
20519.000
20583.000
20604.000
20664.000
20674.000
20675.000
20676.000
20679.000
20712.000
20715.000
20718.000
20732.000
20733.000
20736.000
20744.000
20751.000
20772.000
20775.000
20780.000
20806.000
20808.000
20823.000
20826.000
20859.000
20863.000
20872.000
20874.000
20883.000
20886.000
20887.000
20889.000
20904.000
20910.000
20991.000
21048.000
21111.000
21129.000
21150.000
21156.000
21198.000
21202.000
21271.000
21288.000
21345.000
21356.000
21357.000
21374.000
21375.000
21387.000
21402.000
21440.000
21447.000
21450.000
21489.000
21516.000
21519.000
21543.000
21570.000
21603.000
21633.000
21669.000
21687.000
21708.000
21753.000
21768.000
21770.000
21783.000
21841.000
21901.000
21927.000
21968.000
21973.000
21975.000
21987.000
21990.000
21996.000
22033.000
22034.000
22083.000
22097.000
22104.000
22106.000
22128.000
22156.000
22210.000
22212.000
22260.000
22274.000
22306.000
22321.000
22359.000
22366.000
22389.000
22395.000
22407.000
22416.000
22461.000
22467.000
22506.000
22508.000
22551.000
22557.000
22563.000
22596.000
22601.000
22602.000
22614.000
22622.000
22641.000
22659.000
22670.000
22671.000
22677.000
22746.000
22749.000
22764.000
22788.000
22821.000
22824.000
22826.000
22839.000
22850.000
22863.000
22877.000
22884.000
22887.000
22911.000
22924.000
22934.000
22983.000
22995.000
23004.000
23020.000
23022.000
23082.000
23085.000
23103.000
23109.000
23115.000
23127.000
23147.000
23172.000
23175.000
23177.000
23178.000
23208.000
23238.000
23241.000
23246.000
23247.000
23253.000
23266.000
23307.000
23313.000
23418.000
23433.000
23490.000
23496.000
23532.000
23550.000
23618.000
23646.000
23718.000
23725.000
23745.000
23749.000
23751.000
23775.000
23782.000
23783.000
23790.000
23805.000
23811.000
23935.000
23937.000
23964.000
23973.000
23976.000
23989.000
24024.000
24033.000
24057.000
24083.000
24084.000
24117.000
24138.000
24159.000
24182.000
24225.000
24234.000
24316.000
24348.000
24380.000
24387.000
24393.000
24396.000
24398.000
24423.000
24462.000
24469.000
24471.000
24502.000
24504.000
24507.000
24519.000
24547.000
24567.000
24597.000
24620.000
24663.000
24666.000
24697.000
24764.000
24837.000
24843.000
24847.000
24852.000
24871.000
24873.000
24881.000
25044.000
25052.000
25085.000
25092.000
25111.000
25113.000
25133.000
25146.000
25194.000
25197.000
25218.000
25221.000
25231.000
25251.000
25257.000
25278.000
25282.000
25284.000
25293.000
25296.000
25297.000
25299.000
25344.000
25443.000
25449.000
25485.000
25497.000
25498.000
25500.000
25590.000
25591.000
25593.000
25605.000
25620.000
25623.000
25641.000
25651.000
25653.000
25672.000
25674.000
25675.000
25725.000
25788.000
25794.000
25796.000
25797.000
25807.000
25809.000
25813.000
25818.000
25830.000
25863.000
25906.000
25911.000
25932.000
25944.000
25950.000
25959.000
25971.000
26013.000
26022.000
26035.000
26046.000
26061.000
26073.000
26097.000
26116.000
26168.000
26217.000
26220.000
26221.000
26223.000
26250.000
26255.000
26256.000
26261.000
26262.000
26274.000
26276.000
26289.000
26346.000
26358.000
26397.000
26400.000
26413.000
26424.000
26508.000
26514.000
26520.000
26559.000
26574.000
26589.000
26613.000
26654.000
26662.000
26671.000
26685.000
26691.000
26737.000
26776.000
26778.000
26787.000
26794.000
26796.000
26835.000
26848.000
26850.000
26857.000
26859.000
26862.000
26900.000
26901.000
26931.000
26943.000
26949.000
26952.000
26977.000
26978.000
26979.000
26991.000
27024.000
27043.000
27078.000
27081.000
27084.000
27099.000
27129.000
27144.000
27180.000
27186.000
27207.000
27246.000
27282.000
27312.000
27318.000
27325.000
27327.000
27328.000
27330.000
27351.000
27353.000
27357.000
27420.000
27483.000
27516.000
27518.000
27519.000
27522.000
27536.000
27540.000
27545.000
27559.000
27567.000
27582.000
27594.000
27618.000
27693.000
27704.000
27705.000
27720.000
27739.000
27741.000
27744.000
27759.000
27762.000
27770.000
27771.000
27780.000
27792.000
27822.000
27825.000
27831.000
27855.000
27859.000
27890.000
27891.000
27910.000
27912.000
27938.000
27956.000
27976.000
27978.000
28020.000
28047.000
28056.000
28080.000
28098.000
28113.000
28146.000
28172.000
28215.000
28220.000
28221.000
28293.000
28305.000
28311.000
28341.000
28423.000
28426.000
28441.000
28446.000
28450.000
28451.000
28470.000
28485.000
28507.000
28545.000
28551.000
28566.000
28602.000
28608.000
28617.000
28635.000
28679.000
28749.000
28755.000
28771.000
28773.000
28775.000
28776.000
28812.000
28814.000
28815.000
28842.000
28874.000
28887.000
28889.000
28902.000
28905.000
28908.000
28935.000
28959.000
28978.000
28997.000
28998.000
29009.000
29046.000
29074.000
29121.000
29129.000
29149.000
29151.000
29165.000
29226.000
29232.000
29250.000
29277.000
29298.000
29322.000
29325.000
29331.000
29339.000
29340.000
29346.000
29354.000
29355.000
29368.000
29372.000
29373.000
29400.000
29415.000
29418.000
29455.000
29457.000
29460.000
29471.000
29481.000
29487.000
29502.000
29511.000
29529.000
29556.000
29562.000
29563.000
29568.000
29598.000
29655.000
29667.000
29670.000
29697.000
29716.000
29718.000
29736.000
29766.000
29816.000
29817.000
29937.000
29953.000
29990.000