890 30000.000 L
24.000
70.000
198.000
210.000
267.000
273.000
306.000
384.000
403.000
405.000
417.000
425.000
537.000
662.000
711.000
747.000
832.000
837.000
846.000
897.000
918.000
935.000
972.000
1056.000
1102.000
1122.000
1173.000
1188.000
1248.000
1285.000
1302.000
1322.000
1326.000
1360.000
1369.000
1374.000
1404.000
1651.000
1653.000
1701.000
1713.000
1714.000
1728.000
1764.000
1839.000
1965.000
2100.000
2203.000
2252.000
2278.000
2285.000
2286.000
2370.000
2394.000
2422.000
2442.000
2453.000
2473.000
2490.000
2541.000
2552.000
2619.000
2823.000
2832.000
2859.000
2871.000
2898.000
2979.000
3112.000
3117.000
3122.000
3141.000
3222.000
3225.000
3285.000
3297.000
3315.000
3398.000
3454.000
3471.000
3474.000
3501.000
3507.000
3593.000
3672.000
3684.000
3721.000
3742.000
3768.000
3819.000
3876.000
3888.000
3973.000
4020.000
4080.000
4101.000
4104.000
4117.000
4209.000
4238.000
4246.000
4344.000
4431.000
4435.000
4437.000
4526.000
4545.000
4566.000
4572.000
4613.000
4647.000
4648.000
4713.000
4746.000
4761.000
4779.000
4812.000
4848.000
4914.000
4938.000
5016.000
5055.000
5121.000
5149.000
5151.000
5152.000
5153.000
5195.000
5196.000
5309.000
5313.000
5358.000
5362.000
5368.000
5370.000
5379.000
5460.000
5689.000
5811.000
5850.000
5862.000
5931.000
5958.000
5962.000
6060.000
6069.000
6073.000
6146.000
6254.000
6256.000
6289.000
6319.000
6348.000
6366.000
6429.000
6481.000
6482.000
6499.000
6501.000
6519.000
6540.000
6544.000
6546.000
6582.000
6588.000
6642.000
6735.000
6762.000
6865.000
6972.000
7056.000
7068.000
7089.000
7093.000
7110.000
7120.000
7136.000
7137.000
7155.000
7169.000
7205.000
7206.000
7209.000
7244.000
7365.000
7411.000
7420.000
7488.000
7499.000
7500.000
7503.000
7516.000
7590.000
7626.000
7630.000
7651.000
7686.000
7755.000
7770.000
7786.000
7851.000
7870.000
7927.000
7929.000
7948.000
7980.000
8121.000
8220.000
8226.000
8235.000
8238.000
8265.000
8278.000
8280.000
8304.000
8344.000
8427.000
8518.000
8524.000
8589.000
8649.000
8727.000
8767.000
8769.000
8787.000
8905.000
8946.000
9039.000
9072.000
9117.000
9123.000
9128.000
9162.000
9208.000
9270.000
9348.000
9369.000
9453.000
9480.000
9690.000
9709.000
9832.000
9895.000
9897.000
9939.000
10018.000
10020.000
10048.000
10089.000
10152.000
10278.000
10461.000
10466.000
10529.000
10539.000
10572.000
10728.000
10773.000
10783.000
10809.000
10871.000
10950.000
10983.000
11073.000
11130.000
11155.000
11191.000
11225.000
11400.000
11421.000
11457.000
11502.000
11529.000
11556.000
11577.000
11590.000
11601.000
11652.000
11653.000
11802.000
11871.000
11910.000
11932.000
11959.000
12168.000
12176.000
12230.000
12231.000
12279.000
12305.000
12315.000
12324.000
12390.000
12411.000
12483.000
12508.000
12535.000
12669.000
12680.000
12690.000
12699.000
12728.000
12729.000
12744.000
12801.000
12837.000
12909.000
12963.000
12975.000
13020.000
13059.000
13074.000
13104.000
13108.000
13110.000
13143.000
13155.000
13373.000
13456.000
13528.000
13542.000
13578.000
13644.000
13645.000
13680.000
13716.000
13749.000
13776.000
13794.000
13893.000
13929.000
13956.000
14037.000
14050.000
14052.000
14076.000
14082.000
14175.000
14218.000
14268.000
14302.000
14385.000
14406.000
14436.000
14442.000
14454.000
14472.000
14583.000
14595.000
14634.000
14817.000
14820.000
14841.000
14850.000
14889.000
14988.000
15008.000
15018.000
15059.000
15130.000
15177.000
15228.000
15372.000
15402.000
15423.000
15426.000
15429.000
15465.000
15537.000
15609.000
15755.000
15885.000
15979.000
15987.000
16008.000
16015.000
16062.000
16110.000
16275.000
16278.000
16302.000
16443.000
16482.000
16506.000
16530.000
16578.000
16594.000
16596.000
16689.000
16746.000
16752.000
16764.000
16797.000
16826.000
16872.000
16881.000
16907.000
16924.000
16945.000
16971.000
17052.000
17076.000
17091.000
17154.000
17350.000
17358.000
17411.000
17430.000
17497.000
17499.000
17538.000
17667.000
17715.000
17742.000
17842.000
17853.000
17910.000
17913.000
17947.000
17949.000
17961.000
18057.000
18123.000
18170.000
18222.000
18309.000
18339.000
18351.000
18372.000
18427.000
18432.000
18591.000
18618.000
18676.000
18678.000
18708.000
18867.000
18888.000
18909.000
18927.000
18957.000
18977.000
19005.000
19074.000
19104.000
19181.000
19215.000
19236.000
19301.000
19341.000
19371.000
19374.000
19394.000
19395.000
19407.000
19467.000
19498.000
19503.000
19521.000
19539.000
19560.000
19570.000
19636.000
19648.000
19650.000
19686.000
19696.000
19700.000
19731.000
19741.000
19767.000
19800.000
19823.000
19857.000
19899.000
19902.000
19938.000
19939.000
19947.000
19954.000
19956.000
19968.000
19980.000
19992.000
20019.000
20041.000
20052.000
20055.000
20061.000
20098.000
20099.000
20121.000
20157.000
20212.000
20220.000
20222.000
20223.000
20277.000
20294.000
20298.000
20304.000
20337.000
20346.000
20403.000
20409.000
20412.000
20481.000
20498.000
20499.000
20555.000
20586.000
20617.000
20634.000
20640.000
20678.000
20703.000
20713.000
20715.000
20724.000
20728.000
20729.000
20730.000
20733.000
20768.000
20820.000
20877.000
20889.000
20899.000
20901.000
20946.000
20991.000
21046.000
21057.000
21066.000
21162.000
21168.000
21193.000
21195.000
21230.000
21249.000
21256.000
21258.000
21259.000
21279.000
21294.000
21324.000
21327.000
21336.000
21337.000
21394.000
21435.000
21474.000
21489.000
21518.000
21546.000
21571.000
21572.000
21595.000
21597.000
21696.000
21705.000
21739.000
21741.000
21749.000
21760.000
21786.000
21813.000
21819.000
21825.000
21849.000
21855.000
21870.000
21905.000
21906.000
22005.000
22032.000
22068.000
22086.000
22101.000
22140.000
22203.000
22212.000
22248.000
22257.000
22263.000
22302.000
22330.000
22332.000
22389.000
22419.000
22454.000
22479.000
22503.000
22533.000
22536.000
22537.000
22539.000
22545.000
22575.000
22599.000
22627.000
22648.000
22661.000
22715.000
22716.000
22776.000
22785.000
22800.000
22821.000
22824.000
22857.000
22887.000
22953.000
22986.000
22992.000
23010.000
23017.000
23085.000
23093.000
23148.000
23163.000
23187.000
23200.000
23203.000
23214.000
23217.000
23249.000
23250.000
23304.000
23367.000
23403.000
23449.000
23450.000
23472.000
23532.000
23559.000
23582.000
23619.000
23637.000
23649.000
23652.000
23655.000
23676.000
23745.000
23805.000
23823.000
23832.000
23856.000
23868.000
23877.000
23943.000
23964.000
23997.000
24009.000
24054.000
24078.000
24099.000
24138.000
24204.000
24212.000
24213.000
24276.000
24279.000
24306.000
24324.000
24372.000
24384.000
24515.000
24525.000
24537.000
24591.000
24595.000
24597.000
24604.000
24605.000
24630.000
24633.000
24651.000
24687.000
24691.000
24702.000
24705.000
24709.000
24741.000
24765.000
24772.000
24773.000
24834.000
24846.000
24861.000
24938.000
24999.000
25120.000
25194.000
25212.000
25236.000
25245.000
25257.000
25323.000
25329.000
25440.000
25497.000
25506.000
25524.000
25539.000
25593.000
25620.000
25679.000
25680.000
25722.000
25723.000
25738.000
25766.000
25776.000
25782.000
25803.000
25818.000
25847.000
25872.000
25881.000
25912.000
25914.000
25983.000
25998.000
26129.000
26154.000
26179.000
26188.000
26220.000
26262.000
26265.000
26275.000
26304.000
26325.000
26365.000
26369.000
26415.000
26436.000
26442.000
26453.000
26463.000
26499.000
26526.000
26571.000
26604.000
26622.000
26702.000
26714.000
26718.000
26734.000
26736.000
26751.000
26790.000
26838.000
26877.000
26895.000
26922.000
26934.000
26944.000
26946.000
26956.000
26958.000
26967.000
27012.000
27021.000
27055.000
27057.000
27084.000
27096.000
27102.000
27106.000
27108.000
27141.000
27150.000
27177.000
27219.000
27234.000
27241.000
27243.000
27267.000
27288.000
27294.000
27303.000
27321.000
27390.000
27457.000
27477.000
27489.000
27532.000
27533.000
27534.000
27545.000
27546.000
27558.000
27564.000
27644.000
27681.000
27762.000
27825.000
27830.000
27858.000
27881.000
27939.000
27999.000
28014.000
28021.000
28026.000
28035.000
28095.000
28179.000
28194.000
28209.000
28221.000
28240.000
28241.000
28251.000
28277.000
28302.000
28320.000
28380.000
28382.000
28383.000
28389.000
28425.000
28430.000
28431.000
28440.000
28446.000
28499.000
28500.000
28515.000
28533.000
28560.000
28578.000
28587.000
28593.000
28656.000
28666.000
28705.000
28707.000
28718.000
28770.000
28787.000
28788.000
28812.000
28819.000
28821.000
28861.000
28881.000
28993.000
29046.000
29049.000
29118.000
29205.000
29218.000
29241.000
29247.000
29256.000
29301.000
29304.000
29337.000
29358.000
29376.000
29391.000
29407.000
29409.000
29430.000
29475.000
29478.000
29484.000
29523.000
29560.000
29562.000
29604.000
29625.000
29634.000
29672.000
29674.000
29679.000
29682.000
29691.000
29700.000
29763.000
29775.000
29781.000
29799.000
29805.000
29862.000
29886.000
29942.000