
Sliding windows analysis - rho for total gene = 0.00015 per bp/kb

SNP_L	 SNP_R	 #SNPs	4Ner/bp/kb	 CLR	  Tajima's D

     16.00	    293.00	   6	   0.00094	     37.52	    -1.906
    312.00	    528.00	   7	   0.00005	    184.89	    -2.082
    688.00	    868.00	   5	   0.00000	    385.28	    -1.636
    958.00	   1145.00	   8	   0.00000	    501.41	    -1.018
   1201.00	   1486.00	   9	   0.00000	    874.04	    -1.233
   1486.00	   1781.00	   8	   0.00000	   1148.09	    -1.988
   1796.00	   2046.00	   7	   0.00000	   1293.91	    -2.122
   2094.00	   2369.00	   9	   0.00000	   1506.06	    -1.778
   2426.00	   2477.00	   3	   0.00000	   1655.56	    -1.423
   2720.00	   2907.00	   6	   0.00000	   1678.27	    -1.991
   2977.00	   3238.00	  11	   0.00000	   1815.46	    -2.091
   3296.00	   3534.00	   7	   0.00000	   2058.57	    -1.855
   3577.00	   3680.00	   4	   0.00000	   2269.63	    -0.838
   3876.00	   4081.00	   4	   0.00000	   2356.35	    -1.628
   4220.00	   4418.00	   5	   0.00000	   2534.10	    -0.512
   4477.00	   4748.00	   6	   0.00000	   2661.59	    -1.389
   4768.00	   5016.00	   5	   0.00000	   2772.32	    -1.830
   5172.00	   5332.00	   5	   0.00000	   2883.74	    -1.596
   5374.00	   5523.00	   5	   0.00000	   3026.34	    -1.783
   5696.00	   5823.00	   7	   0.00000	   3109.61	    -2.122
   6016.00	   6220.00	   8	   0.00000	   3239.66	    -2.159
   6266.00	   6526.00	  10	   0.00000	   3378.78	    -2.021
   6542.00	   6791.00	  10	   0.00000	   3495.04	    -2.054
   6836.00	   7115.00	   9	   0.00000	   3717.61	    -1.946
   7175.00	   7315.00	   4	   0.00000	   3863.96	    -1.349
   7429.00	   7642.00	   2	   0.00000	   3893.32	    -1.132
   7787.00	   7994.00	   6	   0.00000	   3919.14	    -1.144
   8045.00	   8299.00	   5	   0.00000	   4002.94	    -1.881
   8388.00	   8558.00	   6	   0.00000	   4130.15	    -1.146
   8658.00	   8798.00	   5	   0.00000	   4257.64	    -0.680
   8999.00	   9175.00	   3	   0.00000	   4328.72	    -1.423
   9224.00	   9500.00	  10	   0.00000	   4406.45	    -1.270
   9540.00	   9765.00	   4	   0.00000	   4544.16	    -1.800
   9817.00	  10064.00	   6	   0.00000	   4614.54	    -0.720
  10106.00	  10397.00	   9	   0.00000	   4714.27	    -2.002
  10397.00	  10686.00	   8	   0.00000	   4778.99	    -2.024
  10756.00	  10972.00	   4	   0.00000	   4868.87	    -1.741
  11007.00	  11278.00	   6	   0.00000	   4927.22	    -1.219
  11373.00	  11546.00	   5	   0.00000	   5068.41	    -1.881
  11642.00	  11820.00	   4	   0.00000	   5143.77	    -1.521
  11890.00	  12172.00	   7	   0.00000	   5164.97	    -1.481
  12242.00	  12413.00	   5	   0.00000	   5242.72	    -0.760
  12503.00	  12657.00	   5	   0.00000	   5288.22	    -1.931
  12791.00	  12994.00	   7	   0.00000	   5368.54	    -1.820
  13088.00	  13323.00	   7	   0.00000	   5419.76	    -2.004
  13372.00	  13620.00	   4	   0.00000	   5462.64	    -1.303
  13666.00	  13941.00	   6	   0.00000	   5519.79	    -1.379
  14078.00	  14188.00	   3	   0.00000	   5661.86	    -1.423
  14290.00	  14540.00	   6	   0.00000	   5643.54	    -1.661
  14599.00	  14736.00	   3	   0.00000	   5705.14	    -1.631
  14909.00	  15094.00	   4	   0.00000	   5723.58	    -1.800
  15214.00	  15421.00	   3	   0.00000	   5748.54	    -1.358
  15482.00	  15700.00	   3	   0.00000	   5801.59	    -0.945
  15763.00	  16025.00	   8	   0.00000	   5845.17	    -1.340
  16307.00 -   16307.00 : no data
  16364.00	  16602.00	   7	   0.00000	   5900.23	    -1.622
  16741.00	  16923.00	   5	   0.00000	   5931.33	    -1.686
  16948.00	  17214.00	   7	   0.00000	   5905.12	    -1.637
  17269.00	  17496.00	   4	   0.00000	   5974.51	    -0.883
  17534.00	  17803.00	   7	   0.00000	   5973.35	    -1.319
  17832.00	  18088.00	   6	   0.00000	   5996.03	    -0.413
  18146.00	  18374.00	   8	   0.00000	   6092.35	    -0.465
  18553.00	  18660.00	   3	   0.00000	   6149.62	    -1.358
  18747.00	  18997.00	   6	   0.00000	   6112.11	    -1.061
  19014.00	  19129.00	   4	   0.00000	   6158.67	    -1.569
  19329.00	  19599.00	   6	   0.00000	   6097.23	    -1.259
  19773.00	  19873.00	   4	   0.00000	   6090.46	    -1.515
  19912.00	  20196.00	  16	   0.00000	   5951.16	    -1.872
  20196.00	  20488.00	  18	   0.00000	   5927.67	    -2.459
  20499.00	  20769.00	  15	   0.00022	   5889.02	    -1.993
  20818.00	  21082.00	  16	   0.00038	   5804.91	    -1.894
  21153.00	  21358.00	  15	   0.00078	   5662.15	    -1.825
  21417.00	  21680.00	  16	   0.00084	   5558.54	    -1.488
  21685.00	  21969.00	  17	   0.00102	   5454.52	    -1.394
  21992.00	  22252.00	  23	   0.00131	   5297.75	    -1.940
  22281.00	  22568.00	  26	   0.00125	   5243.35	    -1.910
  22589.00	  22868.00	  20	   0.00143	   5098.90	    -1.960
  22956.00	  23164.00	  13	   0.00197	   5030.93	    -1.702
  23175.00	  23436.00	  16	   0.00172	   4899.00	    -1.583
  23498.00	  23759.00	  20	   0.00192	   4699.01	    -1.886
  23777.00	  24052.00	  21	   0.00200	   4517.92	    -1.733
  24098.00	  24354.00	  18	   0.00227	   4364.24	    -1.451
  24354.00	  24638.00	  20	   0.00218	   4146.13	    -1.693
  24667.00	  24948.00	  18	   0.00235	   4012.51	    -2.039
  24948.00	  25244.00	  23	   0.00236	   3797.48	    -1.371
  25268.00	  25538.00	  16	   0.00267	   3608.31	    -2.174
  25552.00	  25836.00	  20	   0.00264	   3424.41	    -2.208
  25873.00	  26122.00	  11	   0.00289	   3455.09	    -1.651
  26154.00	  26416.00	  17	   0.00298	   3239.08	    -1.491
  26436.00	  26730.00	  22	   0.00286	   2958.95	    -1.541
  26730.00	  27029.00	  23	   0.00314	   2634.98	    -1.985
  27029.00	  27288.00	  17	   0.00359	   2498.49	    -2.041
  27345.00	  27606.00	  19	   0.00349	   2304.99	    -2.397
  27626.00	  27918.00	  22	   0.00332	   2031.78	    -1.812
  27918.00	  28192.00	  15	   0.00296	   1861.84	    -1.119
  28239.00	  28491.00	  23	   0.00258	   1681.09	    -1.725
  28524.00	  28801.00	  17	   0.00231	   1409.11	    -1.072
  28836.00	  29100.00	  18	   0.00299	   1028.18	    -2.024
  29147.00	  29380.00	  14	   0.00468	    616.52	    -1.736
  29411.00	  29693.00	  18	   0.00461	    309.00	    -2.161
  29707.00	  29995.00	  15	   0.00438	     37.16	    -2.245
