1000 30000.000 L
16.000
79.000
209.000
237.000
279.000
293.000
312.000
347.000
375.000
483.000
500.000
514.000
528.000
688.000
702.000
720.000
754.000
868.000
958.000
1029.000
1056.000
1095.000
1114.000
1131.000
1142.000
1145.000
1201.000
1216.000
1284.000
1319.000
1325.000
1363.000
1468.000
1484.000
1486.000
1494.000
1535.000
1551.000
1620.000
1655.000
1750.000
1781.000
1796.000
1832.000
1877.000
1902.000
1993.000
2036.000
2046.000
2094.000
2126.000
2147.000
2163.000
2175.000
2218.000
2311.000
2367.000
2369.000
2426.000
2441.000
2477.000
2720.000
2838.000
2856.000
2860.000
2879.000
2907.000
2977.000
3025.000
3069.000
3099.000
3103.000
3169.000
3175.000
3190.000
3226.000
3231.000
3238.000
3296.000
3303.000
3376.000
3419.000
3427.000
3513.000
3534.000
3577.000
3586.000
3635.000
3680.000
3876.000
3917.000
4022.000
4081.000
4220.000
4290.000
4346.000
4351.000
4418.000
4477.000
4490.000
4535.000
4566.000
4685.000
4748.000
4768.000
4958.000
4970.000
5009.000
5016.000
5172.000
5197.000
5207.000
5288.000
5332.000
5374.000
5396.000
5438.000
5457.000
5523.000
5696.000
5704.000
5713.000
5755.000
5800.000
5803.000
5823.000
6016.000
6061.000
6062.000
6064.000
6113.000
6193.000
6217.000
6220.000
6266.000
6271.000
6272.000
6273.000
6321.000
6342.000
6344.000
6385.000
6433.000
6526.000
6542.000
6554.000
6626.000
6646.000
6665.000
6696.000
6720.000
6750.000
6784.000
6791.000
6836.000
6861.000
6920.000
6939.000
6960.000
7038.000
7070.000
7099.000
7115.000
7175.000
7179.000
7206.000
7315.000
7429.000
7642.000
7787.000
7801.000
7863.000
7886.000
7910.000
7994.000
8045.000
8060.000
8102.000
8200.000
8299.000
8388.000
8401.000
8472.000
8505.000
8511.000
8558.000
8658.000
8746.000
8747.000
8796.000
8798.000
8999.000
9095.000
9175.000
9224.000
9251.000
9261.000
9304.000
9341.000
9345.000
9421.000
9433.000
9493.000
9500.000
9540.000
9579.000
9722.000
9765.000
9817.000
9875.000
9895.000
9920.000
10024.000
10064.000
10106.000
10113.000
10129.000
10174.000
10177.000
10206.000
10207.000
10270.000
10397.000
10469.000
10479.000
10487.000
10500.000
10626.000
10627.000
10686.000
10756.000
10932.000
10971.000
10972.000
11007.000
11015.000
11126.000
11217.000
11262.000
11278.000
11373.000
11480.000
11509.000
11531.000
11546.000
11642.000
11678.000
11775.000
11820.000
11890.000
11949.000
12028.000
12042.000
12094.000
12149.000
12172.000
12242.000
12255.000
12311.000
12346.000
12413.000
12503.000
12564.000
12573.000
12605.000
12657.000
12791.000
12839.000
12870.000
12937.000
12947.000
12988.000
12994.000
13088.000
13108.000
13217.000
13290.000
13309.000
13320.000
13323.000
13372.000
13522.000
13575.000
13620.000
13666.000
13756.000
13787.000
13828.000
13937.000
13941.000
14078.000
14132.000
14188.000
14290.000
14314.000
14365.000
14509.000
14515.000
14540.000
14599.000
14633.000
14736.000
14909.000
14965.000
15092.000
15094.000
15214.000
15250.000
15421.000
15482.000
15650.000
15700.000
15763.000
15783.000
15796.000
15823.000
15849.000
15853.000
15915.000
16025.000
16307.000
16364.000
16390.000
16395.000
16566.000
16569.000
16578.000
16602.000
16741.000
16848.000
16881.000
16898.000
16923.000
16948.000
17072.000
17116.000
17120.000
17121.000
17136.000
17214.000
17269.000
17303.000
17447.000
17496.000
17534.000
17588.000
17626.000
17720.000
17781.000
17792.000
17803.000
17832.000
17841.000
17857.000
17963.000
17996.000
18088.000
18146.000
18197.000
18198.000
18199.000
18204.000
18229.000
18324.000
18374.000
18553.000
18561.000
18660.000
18747.000
18843.000
18943.000
18948.000
18956.000
18997.000
19014.000
19053.000
19116.000
19129.000
19329.000
19343.000
19487.000
19515.000
19530.000
19599.000
19773.000
19774.000
19856.000
19873.000
19912.000
19933.000
19942.000
20008.000
20012.000
20017.000
20026.000
20056.000
20084.000
20085.000
20088.000
20107.000
20120.000
20128.000
20183.000
20196.000
20202.000
20218.000
20223.000
20272.000
20274.000
20294.000
20306.000
20317.000
20323.000
20330.000
20335.000
20376.000
20433.000
20462.000
20463.000
20486.000
20488.000
20499.000
20509.000
20513.000
20522.000
20534.000
20551.000
20555.000
20582.000
20587.000
20612.000
20645.000
20646.000
20681.000
20758.000
20769.000
20818.000
20836.000
20853.000
20868.000
20919.000
20921.000
20944.000
20996.000
21002.000
21004.000
21021.000
21026.000
21036.000
21053.000
21071.000
21082.000
21153.000
21161.000
21169.000
21183.000
21208.000
21210.000
21214.000
21264.000
21274.000
21276.000
21300.000
21309.000
21311.000
21333.000
21358.000
21417.000
21424.000
21505.000
21534.000
21566.000
21583.000
21584.000
21586.000
21587.000
21596.000
21597.000
21600.000
21613.000
21663.000
21675.000
21680.000
21685.000
21686.000
21719.000
21757.000
21778.000
21783.000
21790.000
21817.000
21836.000
21852.000
21871.000
21873.000
21896.000
21942.000
21950.000
21960.000
21969.000
21992.000
21995.000
22007.000
22045.000
22046.000
22054.000
22055.000
22071.000
22077.000
22090.000
22092.000
22100.000
22103.000
22105.000
22107.000
22114.000
22126.000
22135.000
22139.000
22148.000
22159.000
22191.000
22252.000
22281.000
22283.000
22306.000
22308.000
22322.000
22327.000
22337.000
22357.000
22378.000
22381.000
22390.000
22398.000
22405.000
22421.000
22424.000
22442.000
22468.000
22492.000
22509.000
22527.000
22530.000
22531.000
22550.000
22558.000
22563.000
22568.000
22589.000
22591.000
22601.000
22613.000
22627.000
22631.000
22632.000
22652.000
22660.000
22665.000
22671.000
22673.000
22712.000
22732.000
22746.000
22793.000
22855.000
22861.000
22862.000
22868.000
22956.000
22993.000
23001.000
23028.000
23039.000
23098.000
23103.000
23124.000
23128.000
23135.000
23141.000
23153.000
23164.000
23175.000
23183.000
23204.000
23255.000
23263.000
23267.000
23272.000
23281.000
23283.000
23304.000
23328.000
23348.000
23401.000
23406.000
23428.000
23436.000
23498.000
23501.000
23505.000
23521.000
23526.000
23563.000
23564.000
23596.000
23604.000
23642.000
23681.000
23696.000
23702.000
23705.000
23719.000
23724.000
23737.000
23747.000
23755.000
23759.000
23777.000
23779.000
23786.000
23790.000
23805.000
23810.000
23871.000
23890.000
23895.000
23900.000
23906.000
23924.000
23934.000
23954.000
23980.000
23991.000
23999.000
24021.000
24037.000
24049.000
24052.000
24098.000
24099.000
24152.000
24177.000
24178.000
24180.000
24196.000
24231.000
24242.000
24247.000
24250.000
24267.000
24271.000
24291.000
24298.000
24336.000
24346.000
24354.000
24402.000
24404.000
24418.000
24420.000
24430.000
24458.000
24462.000
24471.000
24489.000
24505.000
24511.000
24521.000
24526.000
24542.000
24547.000
24553.000
24587.000
24619.000
24638.000
24667.000
24686.000
24721.000
24739.000
24782.000
24817.000
24819.000
24826.000
24829.000
24830.000
24840.000
24868.000
24883.000
24892.000
24894.000
24934.000
24935.000
24948.000
24959.000
24961.000
24966.000
24979.000
24981.000
24994.000
25000.000
25004.000
25011.000
25061.000
25064.000
25071.000
25072.000
25092.000
25093.000
25137.000
25173.000
25177.000
25201.000
25211.000
25243.000
25244.000
25268.000
25271.000
25275.000
25281.000
25290.000
25299.000
25318.000
25320.000
25344.000
25355.000
25375.000
25376.000
25408.000
25410.000
25531.000
25538.000
25552.000
25555.000
25581.000
25597.000
25600.000
25608.000
25623.000
25660.000
25672.000
25673.000
25702.000
25707.000
25708.000
25723.000
25775.000
25785.000
25792.000
25816.000
25819.000
25836.000
25873.000
25880.000
25881.000
26015.000
26050.000
26059.000
26061.000
26062.000
26073.000
26092.000
26122.000
26154.000
26159.000
26160.000
26209.000
26212.000
26219.000
26252.000
26267.000
26300.000
26320.000
26324.000
26346.000
26365.000
26374.000
26382.000
26385.000
26416.000
26436.000
26441.000
26472.000
26493.000
26494.000
26507.000
26524.000
26541.000
26552.000
26557.000
26561.000
26580.000
26585.000
26587.000
26600.000
26603.000
26636.000
26639.000
26645.000
26679.000
26702.000
26730.000
26766.000
26770.000
26823.000
26827.000
26830.000
26834.000
26866.000
26879.000
26890.000
26898.000
26905.000
26906.000
26910.000
26913.000
26916.000
26919.000
26920.000
26924.000
26937.000
26939.000
26975.000
27029.000
27040.000
27052.000
27104.000
27122.000
27132.000
27151.000
27172.000
27184.000
27188.000
27204.000
27220.000
27250.000
27269.000
27271.000
27286.000
27288.000
27345.000
27363.000
27381.000
27392.000
27402.000
27406.000
27459.000
27483.000
27495.000
27506.000
27509.000
27529.000
27538.000
27540.000
27546.000
27551.000
27589.000
27602.000
27606.000
27626.000
27642.000
27660.000
27673.000
27696.000
27714.000
27775.000
27784.000
27788.000
27796.000
27797.000
27815.000
27822.000
27835.000
27848.000
27850.000
27853.000
27870.000
27874.000
27877.000
27888.000
27918.000
27923.000
27926.000
27930.000
27951.000
27968.000
28007.000
28018.000
28103.000
28107.000
28147.000
28154.000
28173.000
28177.000
28192.000
28239.000
28240.000
28249.000
28254.000
28259.000
28260.000
28264.000
28273.000
28318.000
28325.000
28330.000
28340.000
28344.000
28345.000
28349.000
28356.000
28357.000
28418.000
28430.000
28440.000
28451.000
28483.000
28491.000
28524.000
28548.000
28551.000
28567.000
28595.000
28596.000
28612.000
28643.000
28644.000
28705.000
28723.000
28726.000
28736.000
28740.000
28787.000
28800.000
28801.000
28836.000
28870.000
28885.000
28887.000
28913.000
28920.000
28921.000
28945.000
28985.000
28994.000
28997.000
28999.000
29025.000
29044.000
29066.000
29078.000
29080.000
29100.000
29147.000
29152.000
29159.000
29163.000
29168.000
29186.000
29202.000
29247.000
29252.000
29261.000
29270.000
29280.000
29336.000
29380.000
29411.000
29419.000
29427.000
29456.000
29464.000
29533.000
29542.000
29550.000
29563.000
29567.000
29592.000
29600.000
29623.000
29634.000
29641.000
29672.000
29689.000
29693.000
29707.000
29708.000
29752.000
29753.000
29770.000
29772.000
29775.000
29783.000
29838.000
29868.000
29881.000
29882.000
29915.000
29965.000
29995.000