
Allele frequencies

 Site   -   T/0  C/1  A/2  G/3

   1    0   84    1    0    0 
   2    0   84    1    0    0 
   3    0   84    1    0    0 
   4    0   83    2    0    0 
   5    0   83    2    0    0 
   6    0   83    2    0    0 
   7    0   79    6    0    0 
   8    0   70   15    0    0 
   9    0   73   12    0    0 
  10    0   78    7    0    0 
  11    0   81    4    0    0 
  12    0   83    2    0    0 
  13    0   84    1    0    0 
  14    0   84    1    0    0 
  15    0   81    4    0    0 
  16    0   82    3    0    0 
  17    0   84    1    0    0 
  18    0   83    2    0    0 
  19    0   84    1    0    0 
  20    0   84    1    0    0 
  21    0   81    4    0    0 
  22    0   84    1    0    0 
  23    0   77    8    0    0 
  24    0   80    5    0    0 
  25    0   84    1    0    0 
  26    0   82    3    0    0 
  27    0   73   12    0    0 
  28    0   84    1    0    0 
  29    0   84    1    0    0 
  30    0   80    5    0    0 
  31    0   83    2    0    0 
  32    0   76    9    0    0 
  33    0   65   20    0    0 
  34    0   80    5    0    0 
  35    0   84    1    0    0 
  36    0   84    1    0    0 
  37    0   84    1    0    0 
  38    0   83    2    0    0 
  39    0   84    1    0    0 
  40    0   84    1    0    0 
  41    0    1   83    1    0 
  42    0   84    1    0    0 
  43    0   65   20    0    0 
  44    0   84    1    0    0 
  45    0   81    4    0    0 
  46    0   57   28    0    0 
  47    0   84    1    0    0 
  48    0   83    2    0    0 
  49    0   84    1    0    0 
  50    0   69   16    0    0 
  51    0   83    2    0    0 
  52    0   81    4    0    0 
  53    0   84    1    0    0 
  54    0   84    1    0    0 
  55    0   82    3    0    0 
  56    0   84    1    0    0 
  57    0   73   12    0    0 
  58    0   84    1    0    0 
  59    0   84    1    0    0 
  60    0   84    1    0    0 
  61    0   73   12    0    0 
  62    0   81    4    0    0 
  63    0   84    1    0    0 
  64    0   82    3    0    0 
  65    0   81    4    0    0 
  66    0   84    1    0    0 
  67    0   80    5    0    0 
  68    0   84    1    0    0 
  69    0   84    1    0    0 
  70    0   79    6    0    0 
  71    0   83    2    0    0 
  72    0   84    1    0    0 
  73    0   84    1    0    0 
  74    0   84    1    0    0 
  75    0   84    1    0    0 
  76    0   84    1    0    0 
  77    0   84    1    0    0 
  78    0   84    1    0    0 
  79    0   84    1    0    0 
  80    0   84    1    0    0 
  81    0   83    2    0    0 
  82    0   84    1    0    0 
  83    0   84    1    0    0 
  84    0   84    1    0    0 
  85    0    1   83    1    0 
  86    0   84    1    0    0 
  87    0   82    3    0    0 
  88    0   84    1    0    0 
  89    0   84    1    0    0 
  90    0   84    1    0    0 
  91    0    4   80    0    1 
  92    0   61   24    0    0 
  93    0   83    2    0    0 
  94    0   83    2    0    0 
  95    0   83    1    0    1 
  96    0   61   24    0    0 
  97    0   84    1    0    0 
  98    0   84    1    0    0 
  99    0   84    1    0    0 
 100    0   57   28    0    0 
 101    0   84    1    0    0 
 102    0   81    4    0    0 
 103    0   83    2    0    0 
 104    0   84    1    0    0 
 105    0   84    1    0    0 
 106    0   64   21    0    0 
 107    0   83    2    0    0 
 108    0   58   27    0    0 
 109    0   84    1    0    0 
 110    0   83    2    0    0 
 111    0   75   10    0    0 
 112    0   83    2    0    0 
 113    0   64   21    0    0 
 114    0   84    1    0    0 
 115    0   84    1    0    0 
 116    0   83    2    0    0 
 117    0   83    2    0    0 
 118    0   84    1    0    0 
 119    0   76    9    0    0 
 120    0   84    1    0    0 
 121    0   83    2    0    0 
 122    0   81    4    0    0 
 123    0   74   11    0    0 
 124    0   79    6    0    0 
 125    0   84    1    0    0 
 126    0   83    1    0    1 
 127    0   84    1    0    0 
 128    0   84    1    0    0 
 129    0   72   13    0    0 
 130    0   84    1    0    0 
 131    0   84    1    0    0 
 132    0    1    0    1   83 
 133    0   84    1    0    0 
 134    0   84    1    0    0 
 135    0   84    1    0    0 
 136    0   83    2    0    0 
 137    0   84    1    0    0 
 138    0   75   10    0    0 
 139    0   65   20    0    0 
 140    0   84    1    0    0 
 141    0   84    1    0    0 
 142    0   81    4    0    0 
 143    0   84    1    0    0 
 144    0   84    1    0    0 
 145    0   84    1    0    0 
 146    0   84    1    0    0 
 147    0   84    1    0    0 
 148    0    1   81    3    0 
 149    0   64   21    0    0 
 150    0   84    1    0    0 
 151    0   81    4    0    0 
 152    0   84    1    0    0 
 153    0   83    2    0    0 
 154    0   84    1    0    0 
 155    0   84    1    0    0 
 156    0   84    1    0    0 
 157    0   84    1    0    0 
 158    0   84    1    0    0 
 159    0   84    1    0    0 
 160    0   76    9    0    0 
 161    0   84    1    0    0 
 162    0   73   12    0    0 
 163    0   84    1    0    0 
 164    0   80    5    0    0 
 165    0   81    4    0    0 
 166    0   84    1    0    0 
 167    0   83    2    0    0 
 168    0   81    4    0    0 
 169    0   84    1    0    0 
 170    0   73   12    0    0 
 171    0   84    1    0    0 
 172    0   81    4    0    0 
 173    0   84    1    0    0 
 174    0   77    8    0    0 
 175    0   84    1    0    0 
 176    0   84    1    0    0 
 177    0   84    1    0    0 
 178    0   83    2    0    0 
 179    0   84    1    0    0 
 180    0   84    1    0    0 
 181    0   84    1    0    0 
 182    0   56   29    0    0 
 183    0   73   12    0    0 
 184    0   84    1    0    0 
 185    0   84    1    0    0 
 186    0   83    2    0    0 
 187    0   83    2    0    0 
 188    0   84    1    0    0 
 189    0   75   10    0    0 
 190    0   84    1    0    0 
 191    0   84    1    0    0 
 192    0   84    1    0    0 
 193    0   79    6    0    0 
 194    0   62   23    0    0 
 195    0   84    1    0    0 
 196    0   84    1    0    0 
 197    0   84    1    0    0 
 198    0   82    3    0    0 
 199    0   84    1    0    0 
 200    0   84    1    0    0 
 201    0   80    5    0    0 
 202    0   84    1    0    0 
 203    0   83    2    0    0 
 204    0   57   28    0    0 
 205    0   84    1    0    0 
 206    0   81    4    0    0 
 207    0   84    1    0    0 
 208    0   84    1    0    0 
 209    0   81    4    0    0 
 210    0   82    3    0    0 
 211    0   82    3    0    0 
 212    0   84    1    0    0 
 213    0   73   12    0    0 
 214    0   84    1    0    0 
 215    0   83    2    0    0 
 216    0   83    2    0    0 
 217    0   82    3    0    0 
 218    0   83    2    0    0 
 219    0   84    1    0    0 
 220    0   82    3    0    0 
 221    0   84    1    0    0 
 222    0    0    1   83    1 
 223    0   84    1    0    0 
 224    0   83    2    0    0 
 225    0   84    1    0    0 
 226    0   83    2    0    0 
 227    0   84    1    0    0 
 228    0   78    7    0    0 
 229    0   84    1    0    0 
 230    0   84    1    0    0 
 231    0   84    1    0    0 
 232    0   84    1    0    0 
 233    0   79    6    0    0 
 234    0    1    3    0   81 
 235    0   84    1    0    0 
 236    0   81    4    0    0 
 237    0   84    1    0    0 
 238    0   80    5    0    0 
 239    0   82    3    0    0 
 240    0   84    1    0    0 
 241    0   84    1    0    0 
 242    0   84    1    0    0 
 243    0   84    1    0    0 
 244    0   84    1    0    0 
 245    0   84    1    0    0 
 246    0   79    6    0    0 
 247    0   83    2    0    0 
 248    0   84    1    0    0 
 249    0   84    1    0    0 
 250    0   84    1    0    0 
 251    0   83    2    0    0 
 252    0    1    0   83    1 
 253    0   83    2    0    0 
 254    0   84    1    0    0 
 255    0   77    8    0    0 
 256    0   84    1    0    0 
 257    0   83    2    0    0 
 258    0   81    4    0    0 
 259    0   84    1    0    0 
 260    0   83    2    0    0 
 261    0   83    2    0    0 
 262    0   84    1    0    0 
 263    0   84    1    0    0 
 264    0   82    3    0    0 
 265    0   84    1    0    0 
 266    0   83    2    0    0 
 267    0   84    1    0    0 
 268    0   84    1    0    0 
 269    0   84    1    0    0 
 270    0   79    6    0    0 
 271    0   75   10    0    0 
 272    0   83    2    0    0 
 273    0   81    4    0    0 
 274    0   84    1    0    0 
 275    0   84    1    0    0 
 276    0   84    1    0    0 
 277    0   84    1    0    0 
 278    0   82    3    0    0 
 279    0   81    4    0    0 
 280    0   73   12    0    0 
 281    0   83    2    0    0 
 282    0   84    1    0    0 
 283    0   80    5    0    0 
 284    0   73   12    0    0 
 285    0   83    2    0    0 
 286    0   80    5    0    0 
 287    0   83    2    0    0 
 288    0   84    1    0    0 
 289    0   83    2    0    0 
 290    0   75   10    0    0 
 291    0   84    1    0    0 
 292    0   84    1    0    0 
 293    0   61   24    0    0 
 294    0   84    1    0    0 
 295    0   84    1    0    0 
 296    0   81    4    0    0 
 297    0   84    1    0    0 
 298    0   58   27    0    0 
 299    0   84    1    0    0 
 300    0   84    1    0    0 
 301    0   75   10    0    0 
 302    0   84    1    0    0 
 303    0   84    1    0    0 
 304    0   65   20    0    0 
 305    0   84    1    0    0 
 306    0   72   13    0    0 
 307    0   84    1    0    0 
 308    0   82    3    0    0 
 309    0   84    1    0    0 
 310    0   84    1    0    0 
 311    0   63   22    0    0 
 312    0   84    1    0    0 
 313    0   83    2    0    0 
 314    0   83    2    0    0 
 315    0   84    1    0    0 
 316    0   83    2    0    0 
 317    0   84    1    0    0 
 318    0   83    2    0    0 
 319    0   84    1    0    0 
 320    0    1   81    3    0 
 321    0   69   16    0    0 
 322    0   84    1    0    0 
 323    0   84    1    0    0 
 324    0   83    2    0    0 
 325    0   84    1    0    0 
 326    0   84    1    0    0 
 327    0   84    1    0    0 
 328    0   82    3    0    0 
 329    0    1    0   83    1 
 330    0   84    1    0    0 
 331    0   84    1    0    0 
 332    0   84    1    0    0 
 333    0    0    1   82    2 
 334    0   80    5    0    0 
 335    0   84    1    0    0 
 336    0   84    1    0    0 
 337    0   84    1    0    0 
 338    0   81    4    0    0 
 339    0   84    1    0    0 
 340    0   84    1    0    0 
 341    0   84    1    0    0 
 342    0   83    2    0    0 
 343    0   73   12    0    0 
 344    0   84    1    0    0 
 345    0   84    1    0    0 
 346    0   63   22    0    0 
 347    0   82    3    0    0 
 348    0   83    2    0    0 
 349    0   73   12    0    0 
 350    0   77    8    0    0 
 351    0   64   21    0    0 
 352    0   73   12    0    0 
 353    0   69   16    0    0 
 354    0   84    1    0    0 
 355    0    6   72    7    0 
 356    0   84    1    0    0 
 357    0   79    6    0    0 
 358    0   64   21    0    0 
 359    0   82    3    0    0 
 360    0   84    1    0    0 
 361    0   83    2    0    0 
 362    0   84    1    0    0 
 363    0   83    2    0    0 
 364    0   84    1    0    0 
 365    0   81    4    0    0 
 366    0   84    1    0    0 
 367    0   81    4    0    0 
 368    0   84    1    0    0 
 369    0   84    1    0    0 
 370    0   84    1    0    0 
 371    0   79    6    0    0 
 372    0   84    1    0    0 
 373    0   64   21    0    0 
 374    0   72   13    0    0 
 375    0   84    1    0    0 
 376    0   81    4    0    0 
 377    0   78    7    0    0 
 378    0   84    1    0    0 
 379    0   84    1    0    0 
 380    0   81    4    0    0 
 381    0   83    2    0    0 
 382    0   83    2    0    0 
 383    0   84    1    0    0 
 384    0   84    1    0    0 
 385    0   84    1    0    0 
 386    0   84    1    0    0 
 387    0   84    1    0    0 
 388    0   84    1    0    0 
 389    0   84    1    0    0 
 390    0   81    4    0    0 
 391    0   84    1    0    0 
 392    0   84    1    0    0 
 393    0   79    6    0    0 
 394    0   75   10    0    0 
 395    0   84    1    0    0 
 396    0   84    1    0    0 
 397    0   59   26    0    0 
 398    0   80    5    0    0 
 399    0   83    2    0    0 
 400    0   81    4    0    0 
 401    0   84    1    0    0 
 402    0   83    2    0    0 
 403    0   84    1    0    0 
 404    0   84    1    0    0 
 405    0   76    9    0    0 
 406    0   83    2    0    0 
 407    0   84    1    0    0 
 408    0   84    1    0    0 
 409    0   84    1    0    0 
 410    0   84    1    0    0 
 411    0   84    1    0    0 
 412    0   84    1    0    0 
 413    0   72   13    0    0 
 414    0   84    1    0    0 
 415    0   84    1    0    0 
 416    0   84    1    0    0 
 417    0   57   28    0    0 
 418    0   84    1    0    0 
 419    0   84    1    0    0 
 420    0   75   10    0    0 
 421    0   83    2    0    0 
 422    0   83    2    0    0 
 423    0   84    1    0    0 
 424    0   84    1    0    0 
 425    0   84    1    0    0 
 426    0   80    5    0    0 
 427    0   84    1    0    0 
 428    0   83    2    0    0 
 429    0   83    2    0    0 
 430    0   84    1    0    0 
 431    0   82    3    0    0 
 432    0   64   21    0    0 
 433    0   84    1    0    0 
 434    0   84    1    0    0 
 435    0   84    1    0    0 
 436    0   84    1    0    0 
 437    0   62   23    0    0 
 438    0   64   21    0    0 
 439    0   84    1    0    0 
 440    0   84    1    0    0 
 441    0   84    1    0    0 
 442    0   84    1    0    0 
 443    0   84    1    0    0 
 444    0    1   83    0    1 
 445    0   84    1    0    0 
 446    0   84    1    0    0 
 447    0   81    4    0    0 
 448    0   82    3    0    0 
 449    0   84    1    0    0 
 450    0   78    7    0    0 
 451    0   84    1    0    0 
 452    0   84    1    0    0 
 453    0    1    2   82    0 
 454    0   84    1    0    0 
 455    0   84    1    0    0 
 456    0   64   21    0    0 
 457    0   81    4    0    0 
 458    0   84    1    0    0 
 459    0   84    1    0    0 
 460    0   84    1    0    0 
 461    0   84    1    0    0 
 462    0   84    1    0    0 
 463    0   76    9    0    0 
 464    0   84    1    0    0 
 465    0   84    1    0    0 
 466    0   83    2    0    0 
 467    0   84    1    0    0 
 468    0   84    1    0    0 
 469    0   84    1    0    0 
 470    0   84    1    0    0 
 471    0   74   11    0    0 
 472    0   83    2    0    0 
 473    0   84    1    0    0 
 474    0   84    1    0    0 
 475    0   62   23    0    0 
 476    0   84    1    0    0 
 477    0   73   12    0    0 
 478    0   81    4    0    0 
 479    0   83    2    0    0 
 480    0   77    8    0    0 
 481    0   83    2    0    0 
 482    0   83    2    0    0 
 483    0   84    1    0    0 
 484    0   81    4    0    0 
 485    0   84    1    0    0 
 486    0   82    3    0    0 
 487    0   83    2    0    0 
 488    0   74   11    0    0 
 489    0   84    1    0    0 
 490    0   84    1    0    0 
 491    0   84    1    0    0 
 492    0   84    1    0    0 
 493    0   81    4    0    0 
 494    0   84    1    0    0 
 495    0   49   36    0    0 
 496    0   84    1    0    0 
 497    0   84    1    0    0 
 498    0   84    1    0    0 
 499    0   84    1    0    0 
 500    0   82    3    0    0 
 501    0   83    2    0    0 
 502    0   84    1    0    0 
 503    0   79    6    0    0 
 504    0   84    1    0    0 
 505    0   84    1    0    0 
 506    0   80    5    0    0 
 507    0   81    4    0    0 
 508    0   84    1    0    0 
 509    0   73   12    0    0 
 510    0   84    1    0    0 
 511    0   84    1    0    0 
 512    0   84    1    0    0 
 513    0    6   71    0    8 
 514    0   84    1    0    0 
 515    0   84    1    0    0 
 516    0   84    1    0    0 
 517    0   83    2    0    0 
 518    0   84    1    0    0 
 519    0   79    6    0    0 
 520    0   80    5    0    0 
 521    0   79    6    0    0 
 522    0   84    1    0    0 
 523    0   84    1    0    0 
 524    0   65   20    0    0 
 525    0   84    1    0    0 
 526    0   84    1    0    0 
 527    0   83    2    0    0 
 528    0   84    1    0    0 
 529    0   84    1    0    0 
 530    0   81    4    0    0 
 531    0   84    1    0    0 
 532    0   83    2    0    0 
 533    0   84    1    0    0 
 534    0   79    6    0    0 
 535    0   12   50   23    0 
 536    0   75   10    0    0 
 537    0   84    1    0    0 
 538    0   84    1    0    0 
 539    0   84    1    0    0 
 540    0   73   12    0    0 
 541    0   81    4    0    0 
 542    0   83    2    0    0 
 543    0   84    1    0    0 
 544    0   84    1    0    0 
 545    0   84    1    0    0 
 546    0   84    1    0    0 
 547    0   84    1    0    0 
 548    0   84    1    0    0 
 549    0   83    2    0    0 
 550    0   84    1    0    0 
 551    0   84    1    0    0 
 552    0   84    1    0    0 
 553    0   76    9    0    0 
 554    0   84    1    0    0 
 555    0   73   12    0    0 
 556    0   84    1    0    0 
 557    0   84    1    0    0 
 558    0   83    2    0    0 
 559    0   84    1    0    0 
 560    0   84    1    0    0 
 561    0   84    1    0    0 
 562    0   84    1    0    0 
 563    0   84    1    0    0 
 564    0   83    2    0    0 
 565    0   83    2    0    0 
 566    0   82    3    0    0 
 567    0   84    1    0    0 
 568    0   84    1    0    0 
 569    0   84    1    0    0 
 570    0   84    1    0    0 
 571    0   84    1    0    0 
 572    0   84    1    0    0 
 573    0   84    1    0    0 
 574    0   84    1    0    0 
 575    0   84    1    0    0 
 576    0   83    2    0    0 
 577    0   84    1    0    0 
 578    0   84    1    0    0 
 579    0   84    1    0    0 
 580    0   75   10    0    0 
 581    0   84    1    0    0 
 582    0   83    2    0    0 
 583    0   84    1    0    0 
 584    0   84    1    0    0 
 585    0   77    8    0    0 
 586    0   57   28    0    0 
 587    0   84    1    0    0 
 588    0   84    1    0    0 
 589    0   84    1    0    0 
 590    0   84    1    0    0 
 591    0   83    2    0    0 
 592    0   83    2    0    0 
 593    0   84    1    0    0 
 594    0   63   22    0    0 
 595    0   84    1    0    0 
 596    0   81    4    0    0 
 597    0   84    1    0    0 
 598    0   84    1    0    0 
 599    0   84    1    0    0 
 600    0   77    8    0    0 
 601    0   84    1    0    0 
 602    0   84    1    0    0 
 603    0   80    5    0    0 
 604    0   84    1    0    0 
 605    0   62   23    0    0 
 606    0   84    1    0    0 
 607    0   84    1    0    0 
 608    0   84    1    0    0 
 609    0   79    6    0    0 
 610    0   83    2    0    0 
 611    0   84    1    0    0 
 612    0   77    8    0    0 
 613    0   81    4    0    0 
 614    0   84    1    0    0 
 615    0   62   23    0    0 
 616    0   84    1    0    0 
 617    0   82    3    0    0 
 618    0   75   10    0    0 
 619    0   84    1    0    0 
 620    0   84    1    0    0 
 621    0   84    1    0    0 
 622    0   69   16    0    0 
 623    0   84    1    0    0 
 624    0   84    1    0    0 
 625    0   84    1    0    0 
 626    0   82    3    0    0 
 627    0   77    8    0    0 
 628    0   84    1    0    0 
 629    0   84    1    0    0 
 630    0   78    7    0    0 
 631    0   84    1    0    0 
 632    0   64   21    0    0 
 633    0   83    2    0    0 
 634    0   83    0    1    1 
 635    0   84    1    0    0 
 636    0   84    1    0    0 
 637    0   84    1    0    0 
 638    0   83    2    0    0 
 639    0   77    8    0    0 
 640    0   84    1    0    0 
 641    0   73   12    0    0 
 642    0   84    1    0    0 
 643    0   84    1    0    0 
 644    0   84    1    0    0 
 645    0   58   27    0    0 
 646    0   84    1    0    0 
 647    0   84    1    0    0 
 648    0   83    0    1    1 
 649    0   61   24    0    0 
 650    0   84    1    0    0 
 651    0   60   25    0    0 
 652    0   83    2    0    0 
 653    0   82    3    0    0 
 654    0   84    1    0    0 
 655    0   57   28    0    0 
 656    0   84    1    0    0 
 657    0   83    2    0    0 
 658    0   84    1    0    0 
 659    0   75   10    0    0 
 660    0   84    1    0    0 
 661    0   84    1    0    0 
 662    0   84    1    0    0 
 663    0   84    1    0    0 
 664    0   84    1    0    0 
 665    0   83    2    0    0 
 666    0   81    4    0    0 
 667    0   84    1    0    0 
 668    0   62   23    0    0 
 669    0   84    1    0    0 
 670    0   84    1    0    0 
 671    0   84    1    0    0 
 672    0   79    6    0    0 
 673    0   84    1    0    0 
 674    0   84    1    0    0 
 675    0   83    2    0    0 
 676    0   84    1    0    0 
 677    0   84    1    0    0 
 678    0   81    4    0    0 
 679    0   57   28    0    0 
 680    0   83    2    0    0 
 681    0   84    1    0    0 
 682    0   84    1    0    0 
 683    0   84    1    0    0 
 684    0   84    1    0    0 
 685    0   72   13    0    0 
 686    0   84    1    0    0 
 687    0   84    1    0    0 
 688    0   83    2    0    0 
 689    0   84    1    0    0 
 690    0   84    1    0    0 
 691    0   78    7    0    0 
 692    0   61   24    0    0 
 693    0   82    3    0    0 
 694    0   81    4    0    0 
 695    0   79    6    0    0 
 696    0   84    1    0    0 
 697    0   84    1    0    0 
 698    0   84    1    0    0 
 699    0   82    3    0    0 
 700    0   84    1    0    0 
 701    0   84    1    0    0 
 702    0   83    2    0    0 
 703    0   70   15    0    0 
 704    0   76    9    0    0 
 705    0   84    1    0    0 
 706    0   83    2    0    0 
 707    0   79    6    0    0 
 708    0   62   23    0    0 
 709    0   84    1    0    0 
 710    0   84    1    0    0 
 711    0   79    6    0    0 
 712    0   73   12    0    0 
 713    0   84    1    0    0 
 714    0   83    2    0    0 
 715    0   82    3    0    0 
 716    0   81    1    1    2 
 717    0   82    3    0    0 
 718    0   75   10    0    0 
 719    0   77    8    0    0 
 720    0   83    1    1    0 
