720 30000.000 L
2.000
3.000
84.000
106.000
277.000
279.000
294.000
318.000
486.000
499.000
546.000
549.000
621.000
629.000
717.000
774.000
835.000
867.000
875.000
885.000
890.000
946.000
990.000
1080.000
1086.000
1188.000
1368.000
1386.000
1434.000
1438.000
1452.000
1494.000
1548.000
1752.000
1761.000
1794.000
1800.000
1816.000
1860.000
2013.000
2027.000
2048.000
2121.000
2201.000
2205.000
2244.000
2261.000
2286.000
2307.000
2322.000
2334.000
2373.000
2411.000
2472.000
2519.000
2586.000
2590.000
2718.000
2754.000
2805.000
2823.000
2837.000
2838.000
2994.000
3036.000
3066.000
3222.000
3287.000
3288.000
3312.000
3340.000
3420.000
3553.000
3554.000
3597.000
3675.000
3735.000
3737.000
3738.000
3740.000
3776.000
3805.000
3976.000
3978.000
4008.000
4083.000
4098.000
4107.000
4122.000
4149.000
4293.000
4438.000
4440.000
4488.000
4491.000
4518.000
4563.000
4707.000
4764.000
4773.000
4779.000
4830.000
4916.000
4923.000
4938.000
4989.000
5010.000
5058.000
5073.000
5157.000
5193.000
5238.000
5271.000
5313.000
5392.000
5395.000
5472.000
5517.000
5625.000
5628.000
5629.000
5703.000
5751.000
5760.000
5793.000
5823.000
5857.000
5913.000
5970.000
5971.000
5973.000
6006.000
6081.000
6129.000
6135.000
6137.000
6171.000
6213.000
6292.000
6348.000
6393.000
6432.000
6483.000
6600.000
6633.000
6685.000
6748.000
6750.000
6948.000
6960.000
6984.000
7104.000
7152.000
7294.000
7296.000
7299.000
7350.000
7366.000
7368.000
7518.000
7587.000
7657.000
7670.000
7881.000
7902.000
8028.000
8143.000
8151.000
8163.000
8217.000
8232.000
8247.000
8301.000
8319.000
8335.000
8379.000
8401.000
8403.000
8469.000
8486.000
8561.000
8646.000
8673.000
8694.000
8709.000
8763.000
8809.000
8820.000
8961.000
9012.000
9056.000
9108.000
9137.000
9157.000
9235.000
9291.000
9306.000
9360.000
9369.000
9456.000
9471.000
9479.000
9688.000
9733.000
9874.000
9876.000
9918.000
9951.000
9966.000
10020.000
10164.000
10230.000
10270.000
10272.000
10361.000
10362.000
10476.000
10599.000
10623.000
10638.000
10778.000
10805.000
10833.000
10851.000
10852.000
10863.000
10929.000
11065.000
11076.000
11079.000
11094.000
11103.000
11142.000
11253.000
11313.000
11325.000
11343.000
11346.000
11402.000
11403.000
11481.000
11502.000
11608.000
11647.000
11649.000
11673.000
11778.000
11795.000
11843.000
11886.000
11889.000
11901.000
11921.000
12006.000
12048.000
12120.000
12169.000
12180.000
12233.000
12267.000
12282.000
12378.000
12381.000
12487.000
12489.000
12492.000
12555.000
12576.000
12651.000
12689.000
12690.000
12709.000
12729.000
12840.000
12846.000
12900.000
13064.000
13142.000
13170.000
13185.000
13200.000
13206.000
13230.000
13365.000
13408.000
13410.000
13476.000
13497.000
13506.000
13667.000
13668.000
13690.000
13728.000
13777.000
13788.000
13809.000
13887.000
13901.000
13990.000
13992.000
14022.000
14077.000
14112.000
14115.000
14126.000
14142.000
14183.000
14184.000
14196.000
14301.000
14454.000
14574.000
14622.000
14688.000
14694.000
14724.000
14760.000
14802.000
14843.000
14859.000
14868.000
14874.000
14888.000
14913.000
14973.000
15020.000
15067.000
15069.000
15072.000
15087.000
15111.000
15144.000
15198.000
15210.000
15267.000
15309.000
15316.000
15318.000
15348.000
15381.000
15478.000
15480.000
15498.000
15537.000
15576.000
15600.000
15666.000
15687.000
15699.000
15726.000
15747.000
15792.000
15831.000
16013.000
16095.000
16122.000
16311.000
16464.000
16584.000
16604.000
16605.000
16651.000
16884.000
16961.000
17013.000
17100.000
17103.000
17123.000
17140.000
17150.000
17157.000
17210.000
17211.000
17235.000
17249.000
17289.000
17500.000
17505.000
17508.000
17553.000
17622.000
17646.000
17655.000
17679.000
17769.000
17778.000
17892.000
18004.000
18046.000
18048.000
18111.000
18126.000
18138.000
18171.000
18270.000
18357.000
18384.000
18400.000
18402.000
18444.000
18462.000
18471.000
18735.000
18747.000
18772.000
18786.000
18795.000
18894.000
18897.000
18996.000
19091.000
19119.000
19176.000
19240.000
19242.000
19286.000
19455.000
19479.000
19482.000
19503.000
19575.000
19584.000
19593.000
19612.000
19665.000
19668.000
19743.000
19754.000
19914.000
20050.000
20052.000
20073.000
20085.000
20094.000
20110.000
20112.000
20118.000
20148.000
20149.000
20151.000
20278.000
20280.000
20313.000
20337.000
20364.000
20388.000
20400.000
20433.000
20449.000
20473.000
20499.000
20523.000
20556.000
20571.000
20598.000
20603.000
20649.000
20680.000
20691.000
20734.000
20736.000
20758.000
20769.000
20819.000
20835.000
20922.000
20952.000
20967.000
21006.000
21099.000
21102.000
21137.000
21138.000
21181.000
21237.000
21248.000
21354.000
21393.000
21413.000
21576.000
21585.000
21598.000
21606.000
21630.000
21723.000
21774.000
21780.000
21825.000
21831.000
21840.000
21851.000
21861.000
21879.000
21883.000
21885.000
21903.000
21911.000
21915.000
21945.000
21978.000
22005.000
22185.000
22206.000
22341.000
22368.000
22398.000
22401.000
22559.000
22644.000
22674.000
22721.000
22731.000
22740.000
22753.000
22755.000
22764.000
22767.000
22770.000
22802.000
22813.000
22893.000
22896.000
22920.000
23038.000
23106.000
23154.000
23184.000
23196.000
23202.000
23214.000
23226.000
23244.000
23247.000
23373.000
23424.000
23481.000
23496.000
23574.000
23586.000
23604.000
23718.000
23739.000
23763.000
23817.000
23877.000
23948.000
23957.000
23958.000
24129.000
24161.000
24215.000
24216.000
24228.000
24263.000
24294.000
24300.000
24342.000
24372.000
24376.000
24411.000
24470.000
24535.000
24603.000
24604.000
24633.000
24666.000
24669.000
24728.000
24831.000
24858.000
24885.000
24968.000
24975.000
25033.000
25107.000
25113.000
25185.000
25194.000
25242.000
25275.000
25317.000
25353.000
25356.000
25386.000
25416.000
25449.000
25452.000
25506.000
25536.000
25539.000
25573.000
25581.000
25647.000
25650.000
25680.000
25743.000
25812.000
25842.000
25843.000
25848.000
25851.000
25884.000
25947.000
26040.000
26094.000
26154.000
26208.000
26218.000
26220.000
26277.000
26361.000
26409.000
26410.000
26412.000
26421.000
26432.000
26448.000
26457.000
26490.000
26517.000
26538.000
26540.000
26541.000
26565.000
26583.000
26586.000
26622.000
26631.000
26656.000
26664.000
26671.000
26685.000
26688.000
26765.000
26790.000
26841.000
26937.000
26942.000
26943.000
26946.000
27027.000
27150.000
27162.000
27192.000
27228.000
27240.000
27256.000
27342.000
27345.000
27373.000
27375.000
27432.000
27466.000
27570.000
27591.000
27624.000
27657.000
27660.000
27690.000
27808.000
27833.000
27978.000
27996.000
28019.000
28062.000
28083.000
28101.000
28200.000
28226.000
28232.000
28312.000
28323.000
28347.000
28377.000
28402.000
28524.000
28527.000
28695.000
28700.000
28704.000
28746.000
28766.000
28817.000
28839.000
28899.000
28900.000
28924.000
28925.000
28929.000
28930.000
28932.000
28962.000
29031.000
29055.000
29063.000
29064.000
29070.000
29160.000
29232.000
29281.000
29300.000
29313.000
29352.000
29395.000
29493.000
29526.000
29562.000
29664.000
29709.000
29752.000
29787.000
29796.000
29861.000
29880.000
29886.000
29901.000
29939.000
29964.000
29976.000
29997.000