Distribution of estimated Rho values

Shuffle   Rho    Lkmax      G4     corr(r2,d)   corr(D',d)

   1     3.490  -11248506.362  17565692   0.00314  -0.00140
   2     3.510  -11248480.588  17047549  -0.00308  -0.00269
   3     3.510  -11248245.682  16175514  -0.00513   0.00351
   4     3.620  -11248319.640  17265080  -0.00085  -0.00262
   5     3.390  -11248193.862  17947672  -0.00087  -0.00166
   6     3.180  -11248525.183  18459885   0.00766  -0.00675
   7     3.660  -11248097.387  16798518  -0.00876  -0.00032
   8     3.370  -11248339.480  16537940  -0.00547   0.00266
   9     3.450  -11248481.498  16817832   0.00732   0.00487
  10     3.470  -11248547.461  17989691   0.00803  -0.00293
  11     3.650  -11248292.683  16771087  -0.00603   0.00057
  12     3.630  -11248453.773  15207345   0.00271   0.00842
  13     3.450  -11248350.820  18592317   0.00522  -0.00350
  14     3.650  -11248457.357  16689489  -0.00105  -0.00061
  15     3.480  -11248408.537  17123673   0.00256   0.00401
  16     3.610  -11248527.574  15808651   0.00210   0.00681
  17     3.560  -11248193.577  18824158  -0.00387  -0.00792
  18     3.590  -11248581.592  16875176  -0.00214  -0.00152
  19     3.520  -11248422.749  16895060  -0.00032   0.00133
  20     3.720  -11248473.851  15493524  -0.01153   0.00782
  21     3.550  -11248084.801  18474384  -0.00553  -0.00668
  22     3.550  -11248276.724  18192264  -0.00131  -0.00323
  23     3.810  -11247882.406  18035377  -0.01487  -0.00527
  24     3.640  -11248364.077  16056397   0.00039   0.00730
  25     3.530  -11248431.879  16389658   0.00176   0.00359
  26     3.470  -11248596.452  18293477   0.01456  -0.00726
  27     3.500  -11248614.031  16774810   0.01019   0.00245
  28     3.620  -11247981.875  18086715   0.00054  -0.00384
  29     3.510  -11248532.465  16350963   0.00768   0.00256
  30     3.600  -11248252.539  18129287  -0.00614  -0.00853
  31     3.600  -11248194.804  17107346   0.00261  -0.00037
  32     3.460  -11248586.554  15967851   0.00269   0.00963
  33     3.460  -11248557.808  16784038   0.00596  -0.00082
  34     3.460  -11248429.969  18591500   0.01248  -0.00467
  35     3.540  -11248503.385  16892062   0.00544  -0.00174
  36     3.540  -11248523.111  14397275  -0.00841   0.01311
  37     3.410  -11248487.453  17657736   0.00298  -0.00121
  38     3.540  -11248433.792  18550525   0.00478  -0.00704
  39     3.420  -11248253.986  18571238   0.00372  -0.00853
  40     3.520  -11248413.817  17630091  -0.00095  -0.00509
  41     3.520  -11248294.686  17726610  -0.00533  -0.00305
  42     3.510  -11248475.753  15361356  -0.00445   0.00904
  43     3.690  -11248392.409  15840702  -0.00926   0.00910
  44     3.710  -11248341.300  15539997  -0.00677   0.01058
  45     3.600  -11248280.075  17054877  -0.00220   0.00193
  46     3.550  -11248415.974  17492321   0.00165  -0.00382
  47     3.660  -11248139.855  16866606  -0.01063  -0.00090
  48     3.550  -11248393.464  17239855   0.00101  -0.00141
  49     3.490  -11248402.586  18076079  -0.00184  -0.00229
  50     3.380  -11248545.582  16239701   0.00367   0.00608
  51     3.350  -11248479.770  18028398   0.00683  -0.00567
  52     3.500  -11248409.592  19301342   0.00488  -0.01222
  53     3.620  -11248467.217  16640214  -0.00273   0.00283
  54     3.640  -11248327.462  15880656  -0.00719   0.00641
  55     3.480  -11248284.653  16804834  -0.00757   0.00268
  56     3.800  -11248139.045  18374369  -0.01283  -0.01128
  57     3.490  -11248338.289  18419604  -0.00224  -0.00702
  58     3.610  -11248461.200  15678103  -0.00171   0.00696
  59     3.410  -11248526.423  16354066  -0.00255   0.00464
  60     3.580  -11248240.870  17288920  -0.00777   0.00103
  61     3.660  -11248287.496  17042748  -0.00394  -0.00018
  62     3.540  -11248291.260  17448469  -0.00245  -0.00005
  63     3.660  -11248260.826  18284477  -0.00269  -0.00576
  64     3.460  -11248384.665  16800677   0.00058  -0.00107
  65     3.400  -11248462.818  18749787   0.00730  -0.00900
  66     3.490  -11248306.602  16867926  -0.00148   0.00153
  67     3.520  -11248416.299  15191878  -0.00559   0.01208
  68     3.490  -11248163.481  17180778  -0.00297   0.00024
  69     3.360  -11248408.830  17835997   0.00448  -0.00342
  70     3.430  -11248560.471  16725149  -0.00084   0.00147
  71     3.380  -11248434.394  17390926   0.00820   0.00054
  72     3.590  -11248342.261  17170728   0.00801   0.00322
  73     3.510  -11248353.809  17349140   0.00105  -0.00272
  74     3.360  -11248458.971  18170327   0.01210  -0.00429
  75     3.690  -11248310.572  16529709  -0.00827   0.00431
  76     3.410  -11248352.087  16418400   0.00303   0.00301
  77     3.590  -11248496.830  16170945  -0.00452   0.00268
  78     3.610  -11248559.408  16726111   0.00405   0.00090
  79     3.550  -11248582.801  15597587   0.00206   0.00552
  80     3.550  -11248456.673  16913390   0.00277   0.00192
  81     3.320  -11248639.990  16378830   0.00433   0.00383
  82     3.600  -11248125.552  16973416  -0.00851   0.00616
  83     3.560  -11248296.913  18776779  -0.00011  -0.00816
  84     3.530  -11248285.077  18729717  -0.00473  -0.00934
  85     3.700  -11248218.788  16926863  -0.00956   0.00065
  86     3.620  -11248351.818  16343738  -0.00246   0.00645
  87     3.670  -11248321.555  17919441  -0.00020  -0.00640
  88     3.550  -11248389.452  16214616  -0.00265   0.00415
  89     3.460  -11248221.023  19554951  -0.00437  -0.01268
  90     3.640  -11248390.599  15033931  -0.01379   0.01412
  91     3.390  -11248402.670  17907955   0.00692  -0.00575
  92     3.480  -11248378.834  18605001   0.00471  -0.00803
  93     3.720  -11248314.333  16788206  -0.00744  -0.00171
  94     3.350  -11248611.926  16366083   0.00147   0.00484
  95     3.450  -11248468.546  16701468   0.00144   0.00165
  96     3.570  -11248297.767  19267069   0.00635  -0.00994
  97     3.710  -11248270.603  16979241  -0.00618   0.00456
  98     3.570  -11248548.989  15323381   0.00078   0.00980
  99     3.710  -11248166.030  15986456  -0.01008   0.00928
 100     3.680  -11248330.374  16627426  -0.00163  -0.00066
 101     3.500  -11248234.400  18642982   0.00613  -0.00561
 102     3.500  -11248099.459  19176234   0.00237  -0.00977
 103     3.700  -11248476.058  16094440  -0.00284   0.00431
 104     3.590  -11248317.942  18346472  -0.00343  -0.00683
 105     3.460  -11248360.356  16331499  -0.00450   0.00067
 106     3.450  -11248264.215  18150436   0.00153  -0.00474
 107     3.540  -11248313.033  17234201  -0.00360   0.00436
 108     3.520  -11248546.231  16712412   0.00094  -0.00012
 109     3.460  -11248546.388  15583617  -0.00256   0.01001
 110     3.510  -11248259.448  17822290   0.00217  -0.00678
 111     3.540  -11248120.982  19400942   0.00214  -0.01034
 112     3.470  -11248230.945  16787856  -0.00259  -0.00041
 113     3.520  -11248536.145  14661021  -0.00279   0.01523
 114     3.590  -11248314.355  15562715  -0.01049   0.01088
 115     3.430  -11248442.873  15931418   0.00607   0.00888
 116     3.720  -11248350.985  16927678  -0.00705  -0.00068
 117     3.680  -11248383.488  17131029  -0.00672   0.00314
 118     3.310  -11248519.129  17763288   0.00692  -0.00292
 119     3.450  -11248606.377  17325950   0.00708  -0.00053
 120     3.440  -11248453.948  18613034   0.00586  -0.00925
 121     3.680  -11248161.028  18229928   0.00296  -0.01328
 122     3.430  -11248262.922  17493173  -0.00196  -0.00334
 123     3.430  -11248517.284  16579469   0.00359   0.00178
 124     3.580  -11248185.106  17048604  -0.00433   0.00236
 125     3.530  -11248343.992  18753060   0.00661  -0.01095
 126     3.410  -11248514.888  16369467   0.00405   0.00739
 127     3.480  -11248417.275  17920679   0.00582  -0.00116
 128     3.420  -11248520.714  16439386  -0.00150   0.00537
 129     3.680  -11248481.443  15594774  -0.00947   0.00715
 130     3.680  -11248311.707  17586498  -0.00343  -0.00395
 131     3.340  -11248678.241  16736300   0.00464   0.00212
 132     3.480  -11248469.128  17767924   0.00279  -0.00602
 133     3.530  -11248393.278  17319118  -0.00093  -0.00116
 134     3.760  -11248332.289  17906218  -0.00438  -0.00610
 135     3.610  -11248439.701  16829305  -0.00082   0.00179
 136     3.480  -11248400.310  19128434   0.00495  -0.01162
 137     3.580  -11248317.090  17601535  -0.00634  -0.00196
 138     3.540  -11248314.591  18225004  -0.00003  -0.01016
 139     3.520  -11248173.809  18152156  -0.00502  -0.00660
 140     3.390  -11248368.791  16704907  -0.00119   0.00140
 141     3.460  -11248306.706  17720869   0.00113  -0.00214
 142     3.410  -11248458.644  17318348   0.00349   0.00020
 143     3.350  -11248699.222  16237252   0.00662   0.00470
 144     3.250  -11248484.259  15846224   0.00363   0.00821
 145     3.580  -11248322.079  17477065  -0.00178  -0.00552
 146     3.520  -11248338.863  18284221   0.00679  -0.00504
 147     3.520  -11248212.539  18049210  -0.00285  -0.00297
 148     3.540  -11248337.604  17370938  -0.00445  -0.00087
 149     3.500  -11248198.826  18622777  -0.00529  -0.00614
 150     3.520  -11248566.631  15873773   0.00482   0.00430
 151     3.570  -11248680.066  15211795   0.00155   0.00952
 152     3.670  -11248002.812  18050782  -0.01177  -0.00183
 153     3.660  -11248374.964  16615968  -0.00450   0.00184
 154     3.430  -11248504.819  17609927   0.00813   0.00094
 155     3.380  -11248496.940  17315464   0.00429  -0.00155
 156     3.500  -11248291.027  16933764   0.00139   0.00188
 157     3.650  -11248316.566  16464039   0.00090   0.00201
 158     3.520  -11248416.378  17401784  -0.00114  -0.00004
 159     3.570  -11248482.500  16484218  -0.00140   0.00167
 160     3.260  -11248600.976  17688363   0.00466  -0.00409
 161     3.500  -11248359.964  17262341   0.00124   0.00078
 162     3.490  -11248339.109  15978705  -0.00167   0.00326
 163     3.450  -11248372.747  18671226   0.00575  -0.00253
 164     3.280  -11248516.054  18138732   0.01108  -0.00231
 165     3.440  -11248477.584  16237240   0.00842   0.00593
 166     3.530  -11248549.889  15734239   0.00360   0.00657
 167     3.560  -11248443.673  17950959   0.00722  -0.00548
 168     3.420  -11248265.754  17911240  -0.00564  -0.00539
 169     3.530  -11248420.751  18537191   0.00740  -0.00825
 170     3.580  -11248220.276  18383125   0.00244  -0.01000
 171     3.670  -11248316.777  16924396  -0.00475  -0.00132
 172     3.570  -11248485.078  14735112  -0.00186   0.01037
 173     3.520  -11248436.042  15355487   0.00041   0.00928
 174     3.520  -11248397.988  16871127  -0.00264   0.00316
 175     3.500  -11248392.224  17128608  -0.00416   0.00273
 176     3.550  -11248357.077  16287615  -0.01213   0.00446
 177     3.640  -11248134.902  17413642  -0.00664   0.00131
 178     3.650  -11248614.693  15147260   0.00093   0.01228
 179     3.590  -11248567.773  16195439  -0.00457   0.00161
 180     3.490  -11248341.176  17193606  -0.00014   0.00056
 181     3.450  -11248306.666  18159973   0.00258  -0.00352
 182     3.450  -11248527.287  15610165   0.00141   0.00865
 183     3.750  -11248414.443  16077443  -0.00547   0.00689
 184     3.380  -11248454.245  16940365   0.00720   0.00320
 185     3.590  -11248240.535  17734746  -0.00137  -0.00351
 186     3.410  -11248517.161  17970825   0.01084  -0.00527
 187     3.480  -11248471.378  16294662   0.00092   0.00822
 188     3.670  -11248367.987  16718770  -0.00313   0.00129
 189     3.600  -11248374.145  16162153  -0.00187   0.00394
 190     3.450  -11248613.394  16617355   0.00514   0.00287
 191     3.430  -11248437.614  17794097   0.00373  -0.00744
 192     3.610  -11248427.288  16579764  -0.00554   0.00108
 193     3.570  -11248416.730  15874344  -0.00053   0.00623
 194     3.500  -11248429.443  16372505  -0.01028   0.00219
 195     3.440  -11248139.688  16947815  -0.00709   0.00132
 196     3.430  -11248323.511  17465642   0.00126  -0.00197
 197     3.450  -11248279.377  17892212  -0.00283  -0.00205
 198     3.620  -11248254.400  16832807  -0.00190   0.00286
 199     3.530  -11248482.615  16611106   0.00541   0.00273
 200     3.410  -11248630.300  15602570   0.00283   0.00753
 201     3.630  -11248296.802  17757261  -0.00598  -0.00382
 202     3.500  -11248305.036  17507006  -0.00004   0.00009
 203     3.490  -11248186.265  18702321  -0.00810  -0.00731
 204     3.380  -11248648.371  14676566   0.00324   0.01397
 205     3.690  -11248434.557  18207230   0.00494  -0.00464
 206     3.570  -11248264.441  18405452   0.00100  -0.00379
 207     3.560  -11248283.075  16651256  -0.00432   0.00486
 208     3.640  -11248310.745  15657230  -0.00402   0.00658
 209     3.560  -11248342.147  17966522  -0.00133  -0.00334
 210     3.450  -11248590.447  15918866   0.00516   0.00799
 211     3.340  -11248696.555  16179838   0.00673   0.00648
 212     3.480  -11248495.847  17009667   0.00709  -0.00298
 213     3.430  -11248190.098  17798943  -0.00218  -0.00493
 214     3.500  -11248377.859  17766132   0.00349  -0.00648
 215     3.610  -11248326.790  17497613  -0.00141  -0.00630
 216     3.490  -11248451.443  15700891  -0.00466   0.00448
 217     3.520  -11248594.488  16190210   0.00061   0.00389
 218     3.530  -11248380.130  15831595   0.00389   0.00637
 219     3.570  -11248158.209  17917771  -0.00127  -0.00289
 220     3.660  -11248278.221  16424667  -0.00764   0.00377
 221     3.700  -11248257.659  17981943   0.00403  -0.00794
 222     3.460  -11248190.969  19496319   0.00282  -0.01396
 223     3.610  -11248417.209  16895929   0.00215  -0.00196
 224     3.470  -11248287.323  17450827   0.00295   0.00006
 225     3.610  -11248409.027  16656601  -0.00132   0.00378
 226     3.560  -11248303.359  17334505  -0.00169  -0.00099
 227     3.680  -11248207.226  17203499  -0.00663  -0.00191
 228     3.650  -11248555.038  16023249  -0.00362   0.00264
 229     3.600  -11248337.189  17562492  -0.00771  -0.00389
 230     3.460  -11248297.559  17119130  -0.00199  -0.00153
 231     3.390  -11248342.800  18163382   0.00162  -0.00264
 232     3.580  -11248343.755  17613385  -0.00611  -0.00620
 233     3.310  -11248576.731  16619082   0.00867   0.00246
 234     3.540  -11248457.733  17771241   0.00024  -0.00782
 235     3.370  -11248445.250  17681758   0.00237  -0.00656
 236     3.360  -11248229.559  17582127  -0.00078   0.00285
 237     3.560  -11248325.888  18748261  -0.00335  -0.01214
 238     3.460  -11248251.105  16620195  -0.00547   0.00052
 239     3.460  -11248576.407  16897193   0.00201  -0.00059
 240     3.580  -11248258.757  16225915   0.00374   0.00423
 241     3.420  -11248416.024  18757635   0.00693  -0.00699
 242     3.530  -11248244.366  16926970  -0.00148   0.00041
 243     3.610  -11248261.054  16673168  -0.00158   0.00271
 244     3.650  -11248172.206  19339172  -0.00519  -0.01235
 245     3.470  -11248312.915  18612859  -0.00177  -0.00825
 246     3.670  -11248528.061  16048643  -0.00039   0.00363
 247     3.360  -11248259.491  18241689   0.00197  -0.00624
 248     3.710  -11248316.357  16856452  -0.00301   0.00303
 249     3.650  -11248047.851  17521306  -0.00592   0.00047
 250     3.420  -11248459.580  17399771  -0.00018   0.00052
 251     3.500  -11248333.541  17438735   0.00223  -0.00207
 252     3.690  -11248114.091  17663741  -0.00614  -0.00487
 253     3.520  -11248083.943  18164667  -0.01080  -0.00917
 254     3.590  -11248341.077  16902353  -0.00389   0.00031
 255     3.470  -11248534.906  16931369   0.00218   0.00271
 256     3.420  -11248280.052  18603148   0.00332  -0.00448
 257     3.480  -11248570.078  15420743  -0.00044   0.00746
 258     3.680  -11248352.471  16054317  -0.00826   0.00461
 259     3.580  -11248421.502  17250397   0.00049  -0.00377
 260     3.600  -11248450.251  15741396   0.00215   0.00784
 261     3.520  -11248326.868  17245098   0.00032  -0.00202
 262     3.440  -11248456.813  16443347  -0.00042   0.00289
 263     3.580  -11248343.740  17581741  -0.00730  -0.00152
 264     3.610  -11248442.358  16411855  -0.00087   0.00697
 265     3.770  -11248227.345  16670242  -0.00611   0.00483
 266     3.920  -11248007.615  15563263  -0.01946   0.00965
 267     3.580  -11248485.916  17116541  -0.00705  -0.00241
 268     3.480  -11248383.766  16944650   0.00680   0.00124
 269     3.560  -11248675.741  16080676   0.00456   0.00704
 270     3.560  -11248307.584  16746482  -0.00759   0.00088
 271     3.600  -11248436.620  18279197  -0.00246  -0.00747
 272     3.480  -11248633.962  15779237  -0.00246   0.00478
 273     3.610  -11248297.517  17344213  -0.00484  -0.00370
 274     3.490  -11248733.967  15090812   0.00456   0.00958
 275     3.360  -11248636.461  17515877   0.00861   0.00017
 276     3.510  -11248526.875  15388932  -0.00666   0.00801
 277     3.440  -11248345.007  16825819   0.00100   0.00015
 278     3.440  -11248472.987  16449108  -0.00106   0.00437
 279     3.570  -11248521.548  16169817  -0.00102   0.00678
 280     3.620  -11248084.647  19942596  -0.00306  -0.01658
 281     3.380  -11248308.909  17853627   0.00322  -0.00462
 282     3.570  -11248502.089  16709371   0.00478   0.00464
 283     3.550  -11248308.973  17951868   0.00217  -0.00453
 284     3.520  -11248319.502  18126816  -0.00596  -0.00485
 285     3.570  -11248495.651  16449290   0.00118   0.00333
 286     3.520  -11248368.444  17125346  -0.00184   0.00001
 287     3.560  -11248194.071  17776444  -0.00439  -0.00467
 288     3.400  -11248563.209  17824247   0.00132  -0.00443
 289     3.600  -11248081.714  19377116  -0.00632  -0.01156
 290     3.390  -11248395.100  18491902   0.00364  -0.00911
 291     3.550  -11248561.397  15045778  -0.00259   0.01098
 292     3.630  -11248313.109  16176028  -0.00532   0.00621
 293     3.460  -11248474.494  15062115  -0.00621   0.01221
 294     3.460  -11248417.489  16633645   0.00421   0.00213
 295     3.590  -11248335.568  16613336  -0.00497   0.00158
 296     3.430  -11248398.983  17174187   0.00096  -0.00598
 297     3.600  -11248415.326  17663120   0.00341  -0.00095
 298     3.560  -11248323.466  17954469   0.00116  -0.00384
 299     3.500  -11248298.283  18039572   0.00230  -0.00169
 300     3.710  -11248351.155  15243139  -0.00635   0.00999
 301     3.440  -11248305.308  17939940   0.00096  -0.00422
 302     3.530  -11248400.039  17527252   0.00583  -0.00221
 303     3.450  -11248258.229  17353754  -0.00519  -0.00133
 304     3.350  -11248577.327  16345391   0.00370   0.00270
 305     3.430  -11248324.845  17413243   0.00413  -0.00281
 306     3.400  -11248434.217  17120144   0.00314   0.00214
 307     3.510  -11248389.749  16820483   0.00109   0.00133
 308     3.570  -11248329.516  17941204  -0.00555  -0.00321
 309     3.450  -11248194.217  18000767  -0.00579  -0.00432
 310     3.520  -11248233.564  17482845   0.00027   0.00028
 311     3.560  -11248338.956  18474429  -0.00222  -0.00698
 312     3.590  -11248519.414  16525930  -0.00062   0.00153
 313     3.500  -11248511.820  15544837   0.00357   0.00846
 314     3.770  -11248018.754  17232470  -0.01708  -0.00352
 315     3.480  -11248384.370  17613076  -0.00139  -0.00347
 316     3.520  -11248416.194  16662925   0.00396   0.00229
 317     3.420  -11248318.633  17235950   0.00133  -0.00223
 318     3.420  -11248241.340  17463990  -0.00830   0.00202
 319     3.460  -11248352.546  16885072   0.00135   0.00170
 320     3.410  -11248379.705  16534180  -0.00057   0.00021
 321     3.460  -11248348.623  18490986   0.00167  -0.01243
 322     3.370  -11248420.351  17599817   0.01041  -0.00100
 323     3.400  -11248208.617  18743678   0.00450  -0.00717
 324     3.440  -11248443.177  17136704   0.00250   0.00011
 325     3.400  -11248640.926  14801579  -0.00483   0.01221
 326     3.730  -11248139.272  18035052  -0.00621  -0.00215
 327     3.670  -11248291.814  17229413  -0.00577  -0.00109
 328     3.490  -11248394.604  17596226   0.00889  -0.00314
 329     3.470  -11248500.954  17071163   0.00061  -0.00105
 330     3.630  -11248321.146  17007890   0.00045  -0.00033
 331     3.560  -11248441.689  17217320   0.00072  -0.00042
 332     3.550  -11248340.339  17808037   0.00071  -0.00262
 333     3.550  -11248446.104  16426187  -0.00646   0.00173
 334     3.560  -11248335.933  17191133  -0.00039  -0.00162
 335     3.460  -11248405.864  18244688   0.00399  -0.00418
 336     3.570  -11248396.450  16424308  -0.00504   0.00106
 337     3.630  -11248374.875  15008002  -0.00986   0.00939
 338     3.460  -11248187.741  18160582   0.00050  -0.00141
 339     3.590  -11248502.546  16093145  -0.00241   0.00419
 340     3.600  -11248534.494  16505847   0.00528   0.00184
 341     3.660  -11248335.527  18216889   0.00327  -0.00792
 342     3.530  -11248477.752  17188565   0.00227   0.00230
 343     3.430  -11248595.860  14355260  -0.00086   0.01364
 344     3.370  -11248394.457  17058397   0.00370   0.00008
 345     3.480  -11248350.732  17507899  -0.00099  -0.00106
 346     3.560  -11248479.735  17595267   0.00336  -0.00162
 347     3.590  -11248375.149  17107829   0.00212  -0.00142
 348     3.620  -11248502.491  15870222  -0.00220   0.00655
 349     3.450  -11248552.788  16852496   0.00547   0.00137
 350     3.480  -11248427.992  17345040   0.00159  -0.00009
 351     3.620  -11248553.572  15322945  -0.00116   0.00996
 352     3.610  -11248326.286  16762139   0.00019   0.00342
 353     3.610  -11248329.655  17054037  -0.00595  -0.00082
 354     3.530  -11248462.678  17395413   0.00366  -0.00028
 355     3.490  -11248517.207  17552745   0.00903  -0.00365
 356     3.670  -11248110.456  17696792  -0.00709  -0.00318
 357     3.610  -11248067.186  18561405  -0.00521  -0.00240
 358     3.540  -11248449.824  18191527   0.00461  -0.00298
 359     3.540  -11248369.360  17668073  -0.00208  -0.00248
 360     3.550  -11248431.680  15889952  -0.00156   0.00797
 361     3.490  -11248486.058  18452850   0.00426  -0.00803
 362     3.400  -11248260.696  17496454   0.00219  -0.00195
 363     3.590  -11248498.956  16932188   0.00403   0.00387
 364     3.510  -11248467.405  17053383  -0.00340   0.00007
 365     3.600  -11248414.321  16438677  -0.00387   0.00445
 366     3.400  -11248412.167  17670280   0.00397  -0.00015
 367     3.490  -11248403.081  16891739  -0.00456  -0.00046
 368     3.370  -11248411.094  18579907   0.00481  -0.00732
 369     3.530  -11248177.642  17252066  -0.01051  -0.00011
 370     3.570  -11248373.126  17255689   0.00139  -0.00144
 371     3.650  -11248439.675  17386728  -0.00720   0.00118
 372     3.700  -11248183.315  15446576  -0.01150   0.00918
 373     3.570  -11248365.521  17350199  -0.00265  -0.00301
 374     3.410  -11248448.121  16633805   0.00290   0.00357
 375     3.460  -11248217.651  19372017  -0.00003  -0.01258
 376     3.520  -11248358.651  16290566  -0.00292   0.00268
 377     3.470  -11248344.852  16634705   0.00016   0.00129
 378     3.560  -11248621.815  14818263   0.00540   0.00921
 379     3.490  -11248268.017  20115224   0.00257  -0.01940
 380     3.480  -11248362.247  17994711  -0.00126  -0.00621
 381     3.410  -11248522.359  17659142   0.00901  -0.00342
 382     3.530  -11248626.197  16369332   0.00723   0.00519
 383     3.510  -11248430.763  17237151  -0.00179  -0.00051
 384     3.500  -11248407.053  17824275   0.00485  -0.00505
 385     3.540  -11248302.709  17326280  -0.00245  -0.00007
 386     3.510  -11248249.091  17106168  -0.00263  -0.00295
 387     3.500  -11248530.474  16322534   0.00184   0.00521
 388     3.510  -11248428.801  16812308   0.00174   0.00108
 389     3.290  -11248659.399  17983753   0.01075  -0.00240
 390     3.580  -11248395.675  16120269  -0.00426   0.00570
 391     3.410  -11248448.190  18144251   0.00992  -0.00566
 392     3.340  -11248469.349  18380070   0.00756  -0.00563
 393     3.410  -11248414.024  18521292   0.00130  -0.01006
 394     3.470  -11248337.145  18837963   0.00122  -0.00877
 395     3.540  -11248281.066  18621550  -0.00486  -0.01040
 396     3.540  -11248284.886  18971934   0.00064  -0.01177
 397     3.540  -11248495.621  17886776   0.00621  -0.00613
 398     3.550  -11248440.016  17808792   0.00543  -0.00563
 399     3.470  -11248325.986  17173755  -0.00237   0.00256
 400     3.550  -11248198.654  16615462  -0.00770   0.00332
 401     3.500  -11248531.967  16304161  -0.00138   0.00595
 402     3.740  -11248307.004  16182084  -0.00618   0.00866
 403     3.650  -11248276.293  17119992  -0.00578   0.00134
 404     3.550  -11248317.883  17760475  -0.00648  -0.00118
 405     3.330  -11248533.310  16187478   0.00488   0.00588
 406     3.450  -11248378.719  17071114  -0.00032  -0.00085
 407     3.610  -11248229.149  17687978  -0.00211  -0.00254
 408     3.560  -11248189.256  18967507   0.00204  -0.00867
 409     3.490  -11248324.517  16388068  -0.00333   0.00691
 410     3.520  -11248212.324  18959524  -0.00221  -0.01153
 411     3.580  -11248507.171  16998688   0.00039   0.00164
 412     3.560  -11248550.470  16017830  -0.00357   0.00439
 413     3.540  -11248279.876  16316448  -0.00048   0.00440
 414     3.360  -11248505.768  16171335   0.00938   0.00457
 415     3.430  -11248227.653  18006834  -0.00490  -0.00479
 416     3.420  -11248498.613  17419868   0.00608  -0.00444
 417     3.500  -11248440.077  16426697   0.00286  -0.00067
 418     3.470  -11248486.778  15369708  -0.00613   0.00829
 419     3.520  -11248628.215  16908351   0.00137   0.00164
 420     3.520  -11248475.501  17159812   0.01149  -0.00098
 421     3.480  -11248494.458  17107580   0.00144   0.00021
 422     3.480  -11248454.448  17024653   0.00327  -0.00215
 423     3.730  -11248193.721  16589991  -0.00761   0.00113
 424     3.300  -11248541.379  18177653   0.01029  -0.00565
 425     3.600  -11248180.743  17651926  -0.00581  -0.00135
 426     3.360  -11248359.951  19242475   0.00500  -0.00898
 427     3.550  -11248408.436  16427604   0.00258   0.00512
 428     3.700  -11248171.082  18841271  -0.00778  -0.01405
 429     3.480  -11248430.566  15993678  -0.00547   0.00505
 430     3.690  -11248340.931  16649824  -0.00411   0.00240
 431     3.520  -11248474.964  16756232   0.00708   0.00515
 432     3.490  -11248491.717  15920236   0.00259   0.00743
 433     3.710  -11248533.377  14779079  -0.00160   0.01184
 434     3.450  -11248395.124  17455365   0.00484  -0.00286
 435     3.430  -11248263.281  18456761  -0.00104  -0.00759
 436     3.530  -11248341.425  18537878  -0.00048  -0.00870
 437     3.660  -11248310.276  16691619  -0.00053   0.00349
 438     3.770  -11248229.079  16216492  -0.01188   0.00504
 439     3.580  -11248413.310  15959647   0.00174   0.00552
 440     3.460  -11248357.003  16954176   0.00323  -0.00116
 441     3.480  -11248544.502  16511550   0.00774   0.00658
 442     3.550  -11248414.589  17113106   0.00110  -0.00354
 443     3.620  -11248575.705  15732445  -0.00049   0.00689
 444     3.610  -11248402.362  15859401   0.00097   0.00496
 445     3.340  -11248651.848  17413495   0.00593  -0.00130
 446     3.570  -11248315.802  16994665   0.00092   0.00006
 447     3.600  -11248484.905  15739717  -0.00853   0.00441
 448     3.460  -11248567.047  17429229   0.00305  -0.00170
 449     3.600  -11248357.616  17589759  -0.00054  -0.00475
 450     3.870  -11247963.834  18329708  -0.00843  -0.00751
 451     3.780  -11247964.767  18351128  -0.00722  -0.00485
 452     3.760  -11248392.851  17211995  -0.00561  -0.00325
 453     3.420  -11248461.331  17354547   0.00056  -0.00299
 454     3.590  -11248388.891  17730908   0.00027  -0.00249
 455     3.570  -11248435.391  17362602   0.00375  -0.00122
 456     3.580  -11248352.092  18363914   0.00190  -0.00964
 457     3.560  -11248390.275  16749758  -0.00238  -0.00179
 458     3.510  -11248388.808  15415860   0.00169   0.00978
 459     3.480  -11248380.603  16950724  -0.00144   0.00011
 460     3.530  -11248455.750  17835624   0.00317  -0.00333
 461     3.490  -11248302.975  18111332  -0.00584  -0.00685
 462     3.470  -11248394.705  17649469   0.00331  -0.00471
 463     3.770  -11248230.880  17007681  -0.01157  -0.00282
 464     3.490  -11248315.079  17168254  -0.00228  -0.00143
 465     3.510  -11248313.559  16968216  -0.00355   0.00297
 466     3.660  -11248290.461  17769028  -0.00420  -0.00417
 467     3.590  -11248347.458  17762606  -0.00497  -0.00306
 468     3.570  -11248418.088  15978726   0.00129   0.00528
 469     3.740  -11248158.041  16741528  -0.00780  -0.00109
 470     3.410  -11248543.598  15781357   0.00427   0.00681
 471     3.420  -11248534.375  16161119   0.00526   0.00744
 472     3.530  -11248509.379  17300982   0.00615  -0.00172
 473     3.560  -11248411.457  16653873   0.00281   0.00385
 474     3.540  -11248368.678  16740492  -0.00123   0.00387
 475     3.430  -11248383.945  17696898   0.00260  -0.00143
 476     3.490  -11248275.675  16938850  -0.00119   0.00101
 477     3.540  -11248204.570  17787651  -0.00293  -0.00690
 478     3.500  -11248648.959  16075846   0.00404   0.00290
 479     3.620  -11248443.294  16150057   0.00301   0.00591
 480     3.440  -11248388.197  16669736  -0.00141   0.00241
 481     3.560  -11248333.835  15203166  -0.00392   0.00928
 482     3.570  -11248257.151  17431101  -0.00444  -0.00515
 483     3.380  -11248522.346  16399024   0.00732   0.00350
 484     3.430  -11248291.385  17532065   0.00394  -0.00264
 485     3.610  -11248434.820  15458497  -0.00639   0.00760
 486     3.310  -11248573.079  17552152   0.00572  -0.00246
 487     3.480  -11248580.106  15017676  -0.00377   0.01078
 488     3.570  -11248348.826  16671737  -0.00616   0.00373
 489     3.490  -11248516.974  16635446   0.00154   0.00506
 490     3.630  -11248183.728  17118682  -0.00043  -0.00131
 491     3.470  -11248351.582  17525267   0.00916  -0.00066
 492     3.470  -11248666.487  16833972   0.01253   0.00240
 493     3.490  -11248494.707  16932513   0.00017  -0.00028
 494     3.560  -11248459.520  14752316  -0.00050   0.01317
 495     3.420  -11248336.513  17496295  -0.00138  -0.00210
 496     3.490  -11248193.444  19348354  -0.00171  -0.01036
 497     3.500  -11248496.626  16414590  -0.00090   0.00088
 498     3.520  -11248461.829  15239223   0.00038   0.01239
 499     3.410  -11248300.358  19140380   0.00582  -0.00901
 500     3.390  -11248613.251  16754452   0.00962   0.00286
 501     3.570  -11248502.825  16215357  -0.00242   0.00570
 502     3.540  -11248285.403  17534372  -0.00356  -0.00408
 503     3.450  -11248397.457  16736688   0.00286   0.00129
 504     3.450  -11248371.954  18169183   0.00294  -0.00550
 505     3.620  -11248282.939  18054699  -0.00358  -0.00498
 506     3.380  -11248420.311  17730395   0.00264  -0.00552
 507     3.680  -11248427.001  14837029  -0.00701   0.01215
 508     3.590  -11248506.845  17287161   0.00414   0.00015
 509     3.640  -11248139.562  18536966  -0.00393  -0.01153
 510     3.610  -11248141.533  18568548  -0.00485  -0.00653
 511     3.480  -11248180.734  18260403  -0.00000  -0.00846
 512     3.580  -11248161.436  17572551  -0.00612  -0.00062
 513     3.450  -11248421.956  17141107   0.00483  -0.00088
 514     3.500  -11248183.974  16378669  -0.00216   0.00542
 515     3.380  -11248442.904  16745803   0.00185   0.00112
 516     3.380  -11248363.643  18743800   0.00440  -0.01264
 517     3.460  -11248388.915  16923459  -0.00545   0.00063
 518     3.550  -11248623.921  14752311  -0.00219   0.00936
 519     3.650  -11248412.110  16017602  -0.00397   0.00404
 520     3.620  -11248358.575  17190792   0.00241  -0.00177
 521     3.490  -11248362.964  16968128  -0.00113   0.00323
 522     3.530  -11248560.422  15996894   0.00710   0.00515
 523     3.580  -11248406.328  17527807  -0.00294  -0.00828
 524     3.530  -11248548.845  16766255  -0.00356   0.00055
 525     3.480  -11248365.048  18153194   0.00360  -0.00517
 526     3.390  -11248544.474  15998842  -0.00331   0.00685
 527     3.480  -11248369.147  17106873  -0.00365   0.00473
 528     3.480  -11248382.812  18016230  -0.00111  -0.00723
 529     3.510  -11248158.506  17946530  -0.00321  -0.00071
 530     3.460  -11248303.907  16883695  -0.00399  -0.00083
 531     3.440  -11248414.551  17409194   0.00328  -0.00220
 532     3.530  -11248419.308  16636637  -0.00282   0.00022
 533     3.520  -11248261.001  16479533   0.00329   0.00462
 534     3.410  -11248430.627  18496691   0.00810  -0.01019
 535     3.610  -11248287.728  17912235  -0.00682  -0.00377
 536     3.450  -11248477.563  17219241   0.00497  -0.00022
 537     3.620  -11248202.015  17682783  -0.00723  -0.00312
 538     3.590  -11248564.711  15939386  -0.00108   0.00686
 539     3.600  -11248425.137  17076755   0.00281   0.00003
 540     3.570  -11248327.631  18107670   0.00006  -0.00642
 541     3.470  -11248604.719  16292887   0.00313   0.00455
 542     3.540  -11248156.595  17534381  -0.00449   0.00057
 543     3.420  -11248637.302  17454831   0.00884  -0.00286
 544     3.670  -11248347.372  16501901  -0.00973   0.00361
 545     3.620  -11248298.190  16262087  -0.00372   0.00303
 546     3.460  -11248400.832  16530150  -0.00230   0.00288
 547     3.560  -11248439.016  17090058   0.00116   0.00219
 548     3.370  -11248448.015  16589919  -0.00447  -0.00047
 549     3.520  -11248452.718  16880481   0.00383   0.00270
 550     3.630  -11248344.739  16022757  -0.00785   0.00608
 551     3.460  -11248453.068  17295184   0.00445   0.00039
 552     3.560  -11248321.755  17621429  -0.00376   0.00068
 553     3.540  -11248388.993  17044317  -0.00566   0.00054
 554     3.580  -11248303.895  16500658  -0.00162   0.00327
 555     3.520  -11248213.794  17832572  -0.00288  -0.00582
 556     3.410  -11248713.987  16625334   0.00700   0.00149
 557     3.510  -11248284.312  17173857  -0.00450  -0.00024
 558     3.440  -11248397.779  17498912   0.00072  -0.00195
 559     3.720  -11248533.327  16964258  -0.00105  -0.00093
 560     3.400  -11248516.319  17754577   0.00899  -0.00328
 561     3.520  -11248465.912  15624330  -0.00235   0.00823
 562     3.490  -11248371.641  17959250   0.00117  -0.00699
 563     3.630  -11248198.694  18929439  -0.00004  -0.01196
 564     3.570  -11248444.506  15490781  -0.00423   0.00812
 565     3.470  -11248537.559  15582649   0.00044   0.00837
 566     3.420  -11248320.755  17280622  -0.00076  -0.00529
 567     3.550  -11248436.956  15566692  -0.00550   0.00788
 568     3.380  -11248403.860  17591278   0.00347   0.00196
 569     3.520  -11248217.247  17632641   0.00019  -0.00038
 570     3.550  -11248395.534  19197841   0.00489  -0.01397
 571     3.430  -11248429.920  16981779   0.00315   0.00080
 572     3.350  -11248595.629  18277387   0.00790  -0.00562
 573     3.520  -11248313.031  15990990  -0.00250   0.00688
 574     3.510  -11248138.475  18874067   0.00191  -0.00812
 575     3.560  -11248437.934  18001599   0.00228  -0.00598
 576     3.430  -11248515.749  15683239  -0.00074   0.00688
 577     3.530  -11248580.227  15681524  -0.00239   0.00626
 578     3.560  -11248581.138  16321603   0.00556   0.00045
 579     3.630  -11248414.143  16243989  -0.00098   0.00560
 580     3.580  -11248451.568  16050206  -0.00109   0.00381
 581     3.460  -11248418.234  18897502   0.00344  -0.00795
 582     3.530  -11248405.259  15683803  -0.00767   0.01017
 583     3.750  -11248317.423  17539778  -0.00323  -0.00290
 584     3.340  -11248418.399  17612331   0.00958  -0.00312
 585     3.600  -11248397.165  16200301  -0.00006   0.00410
 586     3.370  -11248332.049  16421680  -0.00129   0.00344
 587     3.530  -11248308.401  16763549  -0.00166   0.00087
 588     3.730  -11248267.471  16485845  -0.00897   0.00374
 589     3.600  -11248106.413  17772204  -0.00533  -0.00474
 590     3.410  -11248427.816  17277973   0.00087  -0.00368
 591     3.450  -11248356.137  17692792   0.00341  -0.00189
 592     3.520  -11248102.149  17789724   0.00255  -0.00154
 593     3.530  -11248347.058  16407100  -0.00033   0.00343
 594     3.580  -11248336.634  19107854  -0.00002  -0.01749
 595     3.380  -11248588.122  17990840   0.00866  -0.00397
 596     3.590  -11248326.312  17519458  -0.00563  -0.00508
 597     3.400  -11248518.378  16487372   0.00898   0.00527
 598     3.520  -11248343.127  16594239  -0.00204   0.00183
 599     3.520  -11248492.434  17663966   0.00146  -0.00156
 600     3.610  -11248447.493  17046592  -0.00033   0.00121
 601     3.440  -11248403.406  16126349  -0.00044   0.00367
 602     3.530  -11248563.066  16563194   0.00139   0.00101
 603     3.500  -11248424.685  18113664   0.00527  -0.00290
 604     3.600  -11248251.333  18692737   0.00199  -0.00770
 605     3.580  -11248489.317  16340524  -0.00694   0.00406
 606     3.380  -11248101.111  18072472   0.00557  -0.00285
 607     3.580  -11248458.495  15765937  -0.00565   0.01032
 608     3.720  -11248231.496  18071255  -0.00172  -0.00789
 609     3.560  -11248442.801  16675693  -0.00187   0.00132
 610     3.630  -11248179.914  17145123  -0.00948  -0.00455
 611     3.570  -11248334.366  16940756  -0.00241   0.00149
 612     3.530  -11248444.945  16851785   0.00336   0.00009
 613     3.450  -11248508.230  17476856   0.00679   0.00140
 614     3.550  -11248375.342  18590522  -0.00161  -0.01076
 615     3.630  -11248190.012  17973297  -0.00493  -0.00748
 616     3.610  -11248492.792  15974190   0.00833   0.00741
 617     3.490  -11248364.316  17981922   0.00538  -0.00357
 618     3.540  -11248346.922  18530093   0.00451  -0.00589
 619     3.650  -11248072.057  19377138  -0.00224  -0.00876
 620     3.510  -11248275.664  18624270   0.00437  -0.01228
 621     3.440  -11248402.208  17351869   0.00219  -0.00060
 622     3.520  -11248578.089  16269777   0.00533   0.00434
 623     3.500  -11248669.188  15208866   0.00145   0.01200
 624     3.530  -11248298.985  16864734  -0.00081   0.00336
 625     3.520  -11248409.990  17120833   0.00313  -0.00216
 626     3.610  -11248484.760  15778600   0.00213   0.00681
 627     3.490  -11248592.490  15872556  -0.00318   0.00879
 628     3.420  -11248515.132  17137339   0.00162  -0.00118
 629     3.540  -11248294.151  18350716   0.00432  -0.00162
 630     3.560  -11248448.715  16636705   0.00219   0.00131
 631     3.660  -11248543.573  17051153  -0.00156   0.00173
 632     3.500  -11248275.093  18619543  -0.00225  -0.00412
 633     3.510  -11248218.249  17139919  -0.00192  -0.00379
 634     3.420  -11248684.256  15875618   0.00305   0.00887
 635     3.420  -11248405.211  15970567  -0.00143   0.00826
 636     3.440  -11248352.207  17125395   0.00068   0.00268
 637     3.520  -11248332.162  16743058  -0.00159   0.00192
 638     3.520  -11248224.708  17164123  -0.00261   0.00147
 639     3.590  -11248306.037  16602304  -0.00351   0.00051
 640     3.290  -11248381.599  18285954   0.00924  -0.00680
 641     3.440  -11248537.240  16995189   0.00447  -0.00019
 642     3.440  -11248569.458  15190778   0.01002   0.01046
 643     3.550  -11248254.685  17074039  -0.00193   0.00369
 644     3.520  -11248254.513  17386403   0.00103  -0.00052
 645     3.540  -11248157.935  17689298   0.00084  -0.00413
 646     3.550  -11248388.037  16387814  -0.00328   0.00423
 647     3.540  -11248413.731  17630057  -0.00423  -0.00212
 648     3.520  -11248426.317  17577892   0.00254  -0.00302
 649     3.730  -11248436.590  15265812  -0.00937   0.01115
 650     3.640  -11248309.607  18279060  -0.00071  -0.00602
 651     3.510  -11248539.543  16082768  -0.00101   0.00667
 652     3.630  -11248288.092  17454518  -0.00964  -0.00275
 653     3.520  -11248422.346  17739936  -0.00104  -0.00382
 654     3.570  -11248470.658  16581869  -0.00028   0.00064
 655     3.460  -11248578.046  15027294  -0.00054   0.01151
 656     3.460  -11248298.873  17125995   0.00155  -0.00023
 657     3.560  -11248390.016  17484061   0.00032  -0.00400
 658     3.300  -11248367.973  18872394   0.00693  -0.00888
 659     3.520  -11248495.774  14637762  -0.00293   0.01469
 660     3.410  -11248311.326  17718975   0.00110  -0.00510
 661     3.580  -11248240.352  17118734   0.00419   0.00230
 662     3.530  -11248193.842  18062485   0.00002  -0.00267
 663     3.560  -11248350.560  18352645   0.00192  -0.00606
 664     3.580  -11248400.993  16382100  -0.00655   0.00220
 665     3.430  -11248394.173  16727445  -0.00216   0.00207
 666     3.420  -11248324.847  19119051   0.00606  -0.01133
 667     3.690  -11248206.382  17387995  -0.00777  -0.00347
 668     3.480  -11248593.387  15697679   0.00284   0.00865
 669     3.510  -11248508.106  15379715   0.00005   0.00965
 670     3.770  -11248099.681  18410519  -0.00959  -0.00835
 671     3.580  -11248497.136  14802464   0.00826   0.00993
 672     3.470  -11248455.201  18146728   0.01078  -0.00644
 673     3.660  -11248313.027  17246523  -0.00269  -0.00083
 674     3.510  -11248468.052  17843960   0.00831  -0.00504
 675     3.560  -11248270.180  17089550  -0.00144  -0.00186
 676     3.640  -11248430.752  15523392   0.00091   0.01085
 677     3.520  -11248289.109  17751335   0.00364  -0.00157
 678     3.530  -11248555.935  16814109   0.00199   0.00077
 679     3.570  -11248289.279  17865983   0.00224  -0.00677
 680     3.550  -11248276.505  17046629  -0.00454   0.00643
 681     3.480  -11248202.459  17692118  -0.00412  -0.00418
 682     3.460  -11248422.607  18734182   0.00399  -0.00957
 683     3.590  -11248382.647  16655713  -0.00227   0.00353
 684     3.620  -11248232.005  16814428  -0.00447   0.00144
 685     3.530  -11248269.521  17488546  -0.00197  -0.00035
 686     3.590  -11248301.478  17790317   0.00197  -0.00319
 687     3.530  -11248432.275  18055980   0.00617  -0.00202
 688     3.490  -11248336.824  17887359   0.00297  -0.00157
 689     3.430  -11248560.951  16428732   0.00383   0.00408
 690     3.630  -11248232.068  17892328   0.00027  -0.00483
 691     3.600  -11248273.791  17239617  -0.00491  -0.00123
 692     3.610  -11248028.911  18707467  -0.00486  -0.01001
 693     3.640  -11248238.861  17963057  -0.00185  -0.00710
 694     3.550  -11248100.399  18538602  -0.00624  -0.01199
 695     3.390  -11248430.126  17423638   0.00615  -0.00083
 696     3.610  -11248310.721  15680758  -0.00245   0.00858
 697     3.660  -11248083.737  17620988  -0.01680  -0.00751
 698     3.370  -11248618.467  17516773   0.00652  -0.00192
 699     3.610  -11248598.251  17040846   0.00741  -0.00046
 700     3.630  -11248357.811  16574952   0.00285   0.00273
 701     3.480  -11248451.611  17331342   0.00756  -0.00507
 702     3.390  -11248397.683  16208627  -0.00038   0.00609
 703     3.510  -11248126.409  17129407  -0.00439  -0.00205
 704     3.690  -11248223.290  16064813  -0.00928   0.00284
 705     3.580  -11248404.861  16707050  -0.00225   0.00175
 706     3.510  -11248573.152  15092408  -0.00202   0.01038
 707     3.520  -11248509.802  17746684   0.00482  -0.00522
 708     3.480  -11248385.641  15773369   0.00034   0.00906
 709     3.860  -11248353.002  15769782  -0.00321   0.01185
 710     3.460  -11248203.548  18034675  -0.00036  -0.00555
 711     3.560  -11248518.743  16904488   0.00427   0.00390
 712     3.480  -11248418.904  17382824  -0.00295  -0.00048
 713     3.580  -11248377.024  17270930  -0.00326  -0.00135
 714     3.610  -11248516.640  17038331   0.00365  -0.00107
 715     3.640  -11248456.207  16757378   0.00055   0.00033
 716     3.570  -11248277.584  17019247  -0.00042  -0.00089
 717     3.440  -11248465.129  17105922   0.00793  -0.00089
 718     3.470  -11248535.052  15270510  -0.00105   0.00997
 719     3.530  -11248152.526  17850215   0.00029  -0.00313
 720     3.480  -11248351.249  16433387   0.00210   0.00487
 721     3.540  -11248300.462  15894369   0.00233   0.00938
 722     3.320  -11248444.649  18414667   0.00753  -0.00795
 723     3.740  -11248322.103  16619270  -0.01612  -0.00223
 724     3.520  -11248581.941  15203946   0.00130   0.01284
 725     3.500  -11248224.465  18993350   0.00219  -0.01020
 726     3.460  -11248391.262  16940802  -0.00355   0.00066
 727     3.640  -11248323.510  17150665  -0.00010  -0.00192
 728     3.670  -11248258.582  18009821  -0.00306  -0.00567
 729     3.410  -11248452.371  16965130  -0.00410   0.00105
 730     3.720  -11248331.192  17120758  -0.00264   0.00114
 731     3.420  -11248589.520  17792861   0.00285  -0.00325
 732     3.480  -11248495.086  17322697   0.00646  -0.00299
 733     3.590  -11248302.957  17078497   0.00042   0.00215
 734     3.530  -11248532.681  15791689  -0.00642   0.00581
 735     3.430  -11248407.590  17673172   0.00258  -0.00137
 736     3.590  -11248499.715  17181180  -0.00440   0.00110
 737     3.750  -11248153.127  17528113  -0.01004  -0.00339
 738     3.580  -11248213.573  17748104  -0.00219  -0.00440
 739     3.480  -11248267.609  19172763   0.00594  -0.01156
 740     3.580  -11248389.722  15924001  -0.00359   0.00653
 741     3.430  -11248386.765  17292106   0.00242   0.00145
 742     3.520  -11248460.116  16960223   0.00375  -0.00060
 743     3.580  -11248087.319  18133734  -0.00264  -0.00779
 744     3.580  -11248456.998  16194558   0.00260   0.00906
 745     3.580  -11248274.686  16357859  -0.00726   0.00306
 746     3.510  -11248447.815  17291180   0.00352   0.00077
 747     3.710  -11248442.184  14944205  -0.00748   0.01523
 748     3.460  -11248422.834  17132482   0.00082  -0.00074
 749     3.560  -11248298.778  16225488  -0.00727   0.00416
 750     3.800  -11248257.038  16942689  -0.01367   0.00138
 751     3.490  -11248337.073  17990682   0.00228  -0.00471
 752     3.630  -11248146.940  15814522  -0.00439   0.00626
 753     3.470  -11248182.727  20332746   0.00203  -0.01706
 754     3.340  -11248528.580  17682515   0.00722  -0.00468
 755     3.570  -11248323.567  17170385  -0.00182   0.00215
 756     3.510  -11248364.590  18430743   0.00328  -0.00888
 757     3.590  -11248381.319  16891474  -0.00115   0.00104
 758     3.460  -11248099.781  18982716  -0.00218  -0.00817
 759     3.550  -11248425.932  16332215  -0.00322   0.00686
 760     3.510  -11248435.229  16981550   0.00485   0.00113
 761     3.510  -11248350.161  16560715  -0.00764   0.00283
 762     3.520  -11248272.792  18331439   0.00102  -0.00624
 763     3.440  -11248300.461  19071505   0.00353  -0.01407
 764     3.590  -11248190.033  17512662  -0.00441  -0.00467
 765     3.630  -11248325.544  16633685  -0.00340   0.00375
 766     3.490  -11248483.038  16723145  -0.00334  -0.00037
 767     3.480  -11248445.324  16469297   0.00170   0.00576
 768     3.480  -11248453.797  16600810   0.00460   0.00649
 769     3.800  -11248077.726  17941883  -0.00899  -0.00450
 770     3.360  -11248288.481  18549843   0.00911  -0.00558
 771     3.660  -11248374.565  16582069  -0.00617   0.00491
 772     3.540  -11248299.083  17416719  -0.00196  -0.00238
 773     3.480  -11248327.411  18196051  -0.00100  -0.00912
 774     3.600  -11248567.996  15642950  -0.00155   0.00647
 775     3.510  -11248561.635  17052036   0.01183   0.00283
 776     3.620  -11248322.354  16324667   0.00036   0.00111
 777     3.450  -11248481.021  16706079  -0.00253  -0.00050
 778     3.620  -11248327.258  18395411  -0.00243  -0.00575
 779     3.530  -11248444.018  17317070   0.00133  -0.00068
 780     3.320  -11248393.324  19120200   0.00472  -0.00815
 781     3.410  -11248387.975  18852201   0.00903  -0.00998
 782     3.580  -11248096.006  18962301  -0.00034  -0.00619
 783     3.580  -11248308.626  17285970  -0.00115  -0.00118
 784     3.690  -11248385.552  14901676  -0.00439   0.01223
 785     3.750  -11248155.150  17428136  -0.00376  -0.00660
 786     3.470  -11248464.065  16080785  -0.00223   0.00574
 787     3.460  -11248454.384  17566509   0.00067  -0.00202
 788     3.440  -11248526.556  17149456   0.00862  -0.00059
 789     3.540  -11248329.811  16489272   0.00425   0.00939
 790     3.690  -11248268.004  17511150  -0.00455  -0.00370
 791     3.570  -11248299.074  16863236  -0.00272   0.00054
 792     3.570  -11248324.035  18501297   0.00164  -0.00686
 793     3.530  -11248546.596  17477432   0.00345  -0.00215
 794     3.340  -11248506.412  18473736   0.00320  -0.00804
 795     3.670  -11248331.738  17374846  -0.00324  -0.00347
 796     3.480  -11248558.506  16170131   0.00408   0.00350
 797     3.480  -11248339.007  16773973  -0.00399   0.00161
 798     3.470  -11248656.856  18134086   0.00675  -0.00446
 799     3.480  -11248300.644  16750350  -0.00300  -0.00050
 800     3.550  -11248430.506  15815868  -0.00207   0.00848
 801     3.540  -11248446.100  15324877  -0.00776   0.00881
 802     3.340  -11248402.857  16530795   0.00511   0.00341
 803     3.570  -11248405.554  16593205   0.00281   0.00222
 804     3.540  -11248245.545  17923896  -0.00141  -0.00497
 805     3.590  -11248310.349  16182275  -0.00224   0.00091
 806     3.430  -11248484.584  17058207   0.00854  -0.00148
 807     3.540  -11248205.525  19357530  -0.00598  -0.00875
 808     3.500  -11248321.323  16760050   0.00497   0.00198
 809     3.570  -11248417.101  17112495  -0.00276   0.00045
 810     3.380  -11248380.757  17872963   0.00609  -0.00666
 811     3.690  -11248271.325  17609902  -0.00599  -0.00501
 812     3.370  -11248513.677  17825278   0.00499  -0.00542
 813     3.420  -11248516.032  16823918   0.00048   0.00340
 814     3.460  -11248619.726  17282358   0.00624  -0.00368
 815     3.370  -11248449.281  17962670   0.00650  -0.00338
 816     3.440  -11248440.797  16181852  -0.00033   0.00433
 817     3.490  -11248407.147  16431574   0.00426   0.00133
 818     3.460  -11248318.495  16882182   0.00013  -0.00092
 819     3.460  -11248428.226  15908171   0.00170   0.00786
 820     3.390  -11248479.385  17823651   0.00207  -0.00377
 821     3.500  -11248358.840  16882520  -0.00224   0.00001
 822     3.520  -11248424.896  16563592  -0.00607   0.00146
 823     3.390  -11248428.515  16212571  -0.00555   0.00261
 824     3.620  -11248292.681  17018616   0.00019  -0.00050
 825     3.500  -11248422.047  16217650   0.00014   0.00610
 826     3.590  -11248435.499  16463393  -0.00339   0.00129
 827     3.660  -11248231.759  17082478  -0.00696  -0.00145
 828     3.490  -11248336.269  17673468   0.00153  -0.00081
 829     3.450  -11248500.636  17201011   0.00282   0.00058
 830     3.720  -11248479.448  14468425   0.00024   0.01555
 831     3.460  -11248266.555  17448051  -0.00191  -0.00261
 832     3.610  -11248397.747  16093165  -0.00187   0.00572
 833     3.430  -11248499.629  15305636   0.00062   0.01024
 834     3.410  -11248532.153  16256014   0.00336   0.00575
 835     3.490  -11248003.574  19628593   0.00203  -0.01700
 836     3.460  -11248477.651  15679263   0.00139   0.00875
 837     3.650  -11248369.265  15095555   0.00303   0.00966
 838     3.640  -11248247.217  16504099  -0.00360   0.00161
 839     3.570  -11248475.291  15315881  -0.00855   0.00927
 840     3.440  -11248350.927  16787303  -0.00888  -0.00001
 841     3.430  -11248364.926  18282361  -0.00029  -0.00707
 842     3.410  -11248622.908  16088993   0.00497   0.00658
 843     3.540  -11248514.552  16921748   0.00604   0.00148
 844     3.570  -11248432.562  16273516   0.00025   0.00536
 845     3.550  -11248421.165  16154209  -0.00325   0.00704
 846     3.480  -11248468.929  15993083  -0.00019   0.00387
 847     3.570  -11248337.636  17770437   0.00212  -0.00550
 848     3.610  -11248385.629  16051614   0.00504   0.00554
 849     3.620  -11248187.558  18739664  -0.00443  -0.00998
 850     3.590  -11248232.971  17868659  -0.00291  -0.00375
 851     3.540  -11248271.953  18846480  -0.00238  -0.01198
 852     3.660  -11248259.413  15656445  -0.00478   0.00692
 853     3.510  -11248493.641  16880543  -0.00113   0.00007
 854     3.550  -11248231.406  18737686   0.00125  -0.00945
 855     3.480  -11248319.158  18559066   0.00221  -0.00936
 856     3.720  -11248444.786  16770406  -0.00373  -0.00029
 857     3.380  -11248578.358  16631634   0.00692   0.00031
 858     3.520  -11248469.725  15947001   0.00243   0.00696
 859     3.400  -11248484.292  17092218   0.00505  -0.00049
 860     3.440  -11248588.443  17077239   0.00667   0.00312
 861     3.560  -11248229.166  18477433  -0.00723  -0.00556
 862     3.430  -11248366.106  16903318   0.00213   0.00097
 863     3.600  -11248176.906  18215805  -0.00213  -0.00466
 864     3.560  -11248247.808  17148851  -0.00131   0.00361
 865     3.580  -11248150.829  18379168   0.00049  -0.00861
 866     3.530  -11248514.406  16102224   0.00406   0.00606
 867     3.520  -11248608.705  16277452   0.00438   0.00480
 868     3.550  -11248213.574  17400681  -0.00407  -0.00245
 869     3.520  -11248442.897  16254353   0.00244   0.00251
 870     3.400  -11248475.251  17500574   0.00176  -0.00125
 871     3.520  -11248402.311  18042972   0.00095  -0.00414
 872     3.430  -11248548.282  16741324   0.00630   0.00234
 873     3.610  -11248248.186  17152045  -0.00314   0.00044
 874     3.480  -11248318.577  16695975  -0.00138   0.00084
 875     3.710  -11248270.715  17475567  -0.00288  -0.00270
 876     3.620  -11248298.366  17628108   0.00007  -0.00283
 877     3.450  -11248406.986  16656469  -0.00457   0.00115
 878     3.350  -11248456.678  17588003   0.00258  -0.00300
 879     3.650  -11248299.007  17314976   0.00091   0.00011
 880     3.570  -11248589.349  15140806   0.00808   0.01098
 881     3.450  -11248740.306  14975432   0.00463   0.01208
 882     3.490  -11248487.759  16440693   0.00550   0.00560
 883     3.600  -11248444.824  18023424  -0.00300  -0.00602
 884     3.600  -11248290.636  16952845  -0.00079   0.00102
 885     3.410  -11248585.331  16281208   0.00096   0.00637
 886     3.440  -11248220.985  17629087   0.00225   0.00023
 887     3.740  -11248290.548  17503293  -0.00015  -0.00383
 888     3.400  -11248346.016  18105188   0.00620  -0.00776
 889     3.400  -11248469.875  16171611   0.00233   0.00475
 890     3.430  -11248513.304  17747344   0.00766  -0.00706
 891     3.680  -11248420.625  16631482   0.00153   0.00373
 892     3.460  -11248520.267  16223023   0.00134   0.00452
 893     3.540  -11248039.463  19896701   0.00105  -0.01306
 894     3.660  -11248332.648  16965235  -0.00269  -0.00110
 895     3.630  -11248142.524  18053445  -0.01438  -0.00382
 896     3.480  -11248315.627  16665353  -0.00085   0.00371
 897     3.480  -11248395.027  18702265   0.00883  -0.00705
 898     3.540  -11248520.636  15811428  -0.00710   0.00754
 899     3.550  -11248344.029  16281209  -0.00169   0.00204
 900     3.460  -11248455.585  17453023   0.01241  -0.00180
 901     3.580  -11248197.675  18101872  -0.00619  -0.00655
 902     3.550  -11248454.042  16614869  -0.00181   0.00296
 903     3.360  -11248541.531  16586465   0.00544   0.00223
 904     3.560  -11248415.127  14667745  -0.00604   0.01066
 905     3.470  -11248456.402  17081911   0.00056  -0.00267
 906     3.420  -11248517.332  17074231   0.00051  -0.00041
 907     3.440  -11248441.190  17521878   0.00679   0.00016
 908     3.510  -11248445.122  16027473  -0.00050   0.00564
 909     3.500  -11248403.132  17811682   0.00426  -0.00224
 910     3.450  -11248639.355  16136248   0.00403   0.00536
 911     3.610  -11248505.778  14927419  -0.00281   0.01093
 912     3.520  -11248532.238  18328501   0.00677  -0.00703
 913     3.540  -11248326.809  16187817  -0.00594   0.00544
 914     3.480  -11248518.303  16468869   0.00302   0.00421
 915     3.380  -11248539.952  17177774   0.00581  -0.00025
 916     3.620  -11248332.821  15645107  -0.00952   0.00778
 917     3.490  -11248473.476  17215350  -0.00137  -0.00161
 918     3.660  -11248043.664  17383481  -0.00488  -0.00199
 919     3.540  -11248387.982  17634066   0.00500  -0.00155
 920     3.560  -11248304.744  18542088  -0.00024  -0.00638
 921     3.580  -11248355.712  16674704  -0.00847  -0.00225
 922     3.590  -11248447.609  16187365   0.00792   0.00280
 923     3.500  -11248228.374  17363967  -0.00270  -0.00248
 924     3.570  -11248274.682  17670246   0.00066  -0.00159
 925     3.340  -11248366.503  18712173   0.00686  -0.00813
 926     3.540  -11248536.194  16337863  -0.00297   0.00395
 927     3.380  -11248464.257  16723391   0.00210   0.00234
 928     3.440  -11248409.295  17187812   0.00398   0.00195
 929     3.520  -11248295.787  18084863   0.00743  -0.00689
 930     3.510  -11248283.284  17410847  -0.00418   0.00053
 931     3.500  -11248492.141  17314805  -0.00272  -0.00036
 932     3.460  -11248299.940  17956058   0.00535  -0.00518
 933     3.400  -11248406.940  17242092   0.00379   0.00010
 934     3.400  -11248265.622  18093833  -0.00174  -0.00675
 935     3.470  -11248668.975  16680287   0.00925   0.00097
 936     3.600  -11248143.285  16831011  -0.02048   0.00114
 937     3.280  -11248666.522  17187134   0.00804   0.00264
 938     3.590  -11248195.914  18220597   0.00216  -0.00611
 939     3.560  -11248429.998  17328532   0.00438  -0.00299
 940     3.530  -11248386.352  15747988  -0.00542   0.00612
 941     3.670  -11248491.433  16808109   0.00314  -0.00242
 942     3.640  -11248426.583  17089012  -0.00167   0.00239
 943     3.540  -11248310.203  16863726  -0.00332  -0.00001
 944     3.570  -11248340.126  16299724  -0.00531   0.00297
 945     3.500  -11248588.412  16733116   0.00754   0.00451
 946     3.640  -11248287.472  16410262  -0.01283   0.00469
 947     3.510  -11248331.666  18778830   0.00001  -0.00970
 948     3.620  -11248395.018  17355080  -0.00220  -0.00166
 949     3.550  -11248367.885  15442145  -0.00248   0.00847
 950     3.460  -11248389.440  16550080   0.00048   0.00039
 951     3.720  -11248214.541  16807916  -0.01301   0.00293
 952     3.560  -11248621.910  16543072   0.00173   0.00511
 953     3.440  -11248141.543  19236411   0.00656  -0.00948
 954     3.590  -11248286.172  17091706   0.00287   0.00185
 955     3.440  -11248469.222  17051567   0.00500   0.00068
 956     3.630  -11248361.931  16149305  -0.00591   0.00447
 957     3.540  -11248493.006  17807597   0.00095  -0.00263
 958     3.460  -11248374.112  18157347   0.00293  -0.00488
 959     3.490  -11248588.344  15796358  -0.00340   0.00933
 960     3.650  -11248433.445  16033397  -0.00226   0.00294
 961     3.490  -11248428.435  16339562  -0.00415   0.00386
 962     3.440  -11248536.354  16365211   0.00350   0.00475
 963     3.460  -11248375.145  18749091   0.00309  -0.01032
 964     3.470  -11248595.616  16445181   0.00117   0.00280
 965     3.380  -11248446.548  16991660   0.00630   0.00233
 966     3.530  -11248308.697  17640150  -0.00137  -0.00235
 967     3.380  -11248342.760  18259130   0.00860  -0.00410
 968     3.600  -11248412.662  15409110  -0.00971   0.00804
 969     3.520  -11248223.144  17223073  -0.00210  -0.00092
 970     3.510  -11248354.551  16383467  -0.00181   0.00594
 971     3.420  -11248201.124  17661717  -0.00614  -0.00468
 972     3.550  -11248239.278  18619048  -0.00515  -0.01237
 973     3.570  -11248407.639  17665779  -0.00084  -0.00340
 974     3.730  -11248068.450  18292675  -0.00961  -0.00519
 975     3.590  -11248329.985  16753218  -0.00578   0.00207
 976     3.580  -11248493.346  16549688   0.00188   0.00164
 977     3.510  -11248629.253  16079690  -0.00106   0.00812
 978     3.470  -11248416.604  18085516   0.00290  -0.00640
 979     3.330  -11248650.859  15755708   0.00901   0.00892
 980     3.330  -11248543.382  16183485   0.00391   0.00624
 981     3.540  -11248403.176  16434672   0.00243   0.00315
 982     3.500  -11248568.210  16945817   0.00346   0.00176
 983     3.530  -11248356.679  17138785   0.00356   0.00150
 984     3.450  -11248483.818  17325388   0.00261   0.00079
 985     3.540  -11248215.811  19115970  -0.00320  -0.01051
 986     3.520  -11248477.424  18273350   0.00396  -0.00466
 987     3.540  -11248369.785  17783441  -0.00329  -0.00411
 988     3.440  -11248558.049  15445321  -0.00176   0.00770
 989     3.450  -11248445.288  16503826   0.00303   0.00370
 990     3.590  -11248143.624  18316860  -0.00157  -0.00902
 991     3.510  -11248503.140  16571852  -0.00322   0.00469
 992     3.740  -11248136.632  17530274  -0.00596  -0.00175
 993     3.330  -11248124.750  19133781   0.00376  -0.00759
 994     3.480  -11248243.078  18346315  -0.00302  -0.00514
 995     3.490  -11248394.323  16906040   0.00266   0.00183
 996     3.350  -11248341.621  18807269   0.00918  -0.00532
 997     3.580  -11248350.698  18517005  -0.00732  -0.00570
 998     3.530  -11248299.859  17870129  -0.00016  -0.00319
 999     3.480  -11248391.327  17530447  -0.00123  -0.00269
1000     3.600  -11248341.306  16293585   0.00283   0.00393
