781 30000.000 L
38.000
50.000
137.000
177.000
274.000
316.000
349.000
462.000
471.000
474.000
485.000
531.000
617.000
646.000
704.000
735.000
770.000
821.000
1020.000
1096.000
1098.000
1350.000
1358.000
1435.000
1473.000
1567.000
1573.000
1633.000
1750.000
1768.000
1773.000
1864.000
1885.000
1887.000
1900.000
1909.000
1963.000
1969.000
2008.000
2078.000
2135.000
2161.000
2212.000
2233.000
2356.000
2526.000
2535.000
2615.000
2631.000
2764.000
2791.000
2811.000
2813.000
2830.000
3001.000
3025.000
3368.000
3381.000
3386.000
3436.000
3440.000
3622.000
3642.000
3664.000
3803.000
3859.000
3936.000
3955.000
4002.000
4104.000
4124.000
4154.000
4174.000
4184.000
4189.000
4240.000
4333.000
4340.000
4429.000
4459.000
4477.000
4485.000
4603.000
4962.000
4987.000
4999.000
5029.000
5039.000
5052.000
5066.000
5077.000
5099.000
5197.000
5303.000
5321.000
5324.000
5329.000
5563.000
5572.000
5606.000
5643.000
5663.000
5666.000
5753.000
5793.000
5834.000
5949.000
5966.000
5996.000
6064.000
6085.000
6186.000
6285.000
6326.000
6406.000
6585.000
6688.000
6708.000
6977.000
7070.000
7284.000
7378.000
7634.000
7683.000
7688.000
7733.000
7740.000
7764.000
7839.000
7926.000
8106.000
8176.000
8208.000
8400.000
8411.000
8486.000
8570.000
8645.000
8715.000
8764.000
8765.000
8783.000
8836.000
8885.000
8905.000
8915.000
8988.000
9080.000
9166.000
9290.000
9362.000
9467.000
9473.000
9478.000
9489.000
9527.000
9607.000
9623.000
9633.000
9726.000
9786.000
9898.000
9910.000
9924.000
9954.000
9998.000
10024.000
10025.000
10092.000
10127.000
10167.000
10199.000
10234.000
10330.000
10340.000
10362.000
10395.000
10526.000
10690.000
10727.000
10791.000
10844.000
10990.000
11127.000
11134.000
11218.000
11292.000
11305.000
11311.000
11416.000
11518.000
11544.000
11577.000
11709.000
11732.000
11736.000
11841.000
11875.000
11978.000
12061.000
12108.000
12166.000
12174.000
12216.000
12288.000
12350.000
12360.000
12362.000
12385.000
12387.000
12418.000
12432.000
12558.000
12594.000
12638.000
12654.000
12657.000
12668.000
12838.000
12874.000
12967.000
13047.000
13051.000
13126.000
13161.000
13325.000
13388.000
13440.000
13512.000
13609.000
13635.000
13666.000
13670.000
13867.000
13921.000
13961.000
14015.000
14021.000
14066.000
14136.000
14141.000
14221.000
14245.000
14301.000
14494.000
14637.000
14664.000
14667.000
14777.000
14795.000
14806.000
14848.000
14863.000
14931.000
14942.000
14948.000
15010.000
15094.000
15170.000
15248.000
15489.000
15504.000
15594.000
15731.000
15804.000
15937.000
15995.000
16001.000
16050.000
16138.000
16177.000
16214.000
16257.000
16268.000
16412.000
16438.000
16439.000
16602.000
16621.000
16642.000
16674.000
16795.000
16798.000
16937.000
16958.000
16961.000
16991.000
17026.000
17028.000
17075.000
17083.000
17132.000
17160.000
17179.000
17254.000
17334.000
17397.000
17408.000
17539.000
17567.000
17587.000
17595.000
17820.000
17833.000
17890.000
17899.000
17930.000
18012.000
18096.000
18151.000
18222.000
18282.000
18285.000
18289.000
18342.000
18355.000
18394.000
18396.000
18472.000
18591.000
18596.000
18602.000
18633.000
18635.000
18663.000
18669.000
18749.000
18777.000
18830.000
18899.000
18981.000
18995.000
19048.000
19249.000
19259.000
19379.000
19408.000
19431.000
19480.000
19562.000
19701.000
19724.000
19750.000
19919.000
19951.000
19967.000
20021.000
20024.000
20050.000
20122.000
20152.000
20162.000
20201.000
20243.000
20281.000
20302.000
20310.000
20316.000
20347.000
20354.000
20428.000
20429.000
20479.000
20514.000
20519.000
20546.000
20568.000
20624.000
20709.000
20711.000
20719.000
20723.000
20734.000
20745.000
20757.000
20852.000
20891.000
20907.000
20908.000
20910.000
20913.000
20921.000
20922.000
20924.000
20950.000
20969.000
21030.000
21036.000
21065.000
21093.000
21126.000
21127.000
21153.000
21193.000
21217.000
21251.000
21269.000
21285.000
21303.000
21350.000
21355.000
21406.000
21418.000
21435.000
21450.000
21478.000
21498.000
21529.000
21532.000
21545.000
21564.000
21580.000
21582.000
21593.000
21631.000
21640.000
21651.000
21680.000
21704.000
21749.000
21774.000
21783.000
21789.000
21828.000
21865.000
21872.000
21967.000
21977.000
21982.000
21987.000
22001.000
22011.000
22020.000
22032.000
22043.000
22050.000
22107.000
22123.000
22156.000
22193.000
22202.000
22204.000
22280.000
22356.000
22361.000
22370.000
22413.000
22416.000
22418.000
22456.000
22478.000
22531.000
22566.000
22568.000
22572.000
22575.000
22576.000
22615.000
22646.000
22672.000
22685.000
22690.000
22731.000
22745.000
22753.000
22755.000
22756.000
22780.000
22802.000
22819.000
22826.000
22837.000
22905.000
22917.000
22927.000
22958.000
22966.000
22981.000
22984.000
22987.000
22988.000
23030.000
23046.000
23057.000
23062.000
23087.000
23119.000
23132.000
23138.000
23173.000
23190.000
23224.000
23305.000
23319.000
23342.000
23380.000
23402.000
23441.000
23452.000
23468.000
23497.000
23531.000
23544.000
23567.000
23571.000
23578.000
23585.000
23659.000
23686.000
23740.000
23779.000
23783.000
23788.000
23790.000
23797.000
23799.000
23804.000
23819.000
23835.000
23844.000
23852.000
23879.000
23897.000
23951.000
23984.000
23993.000
23997.000
24025.000
24026.000
24038.000
24053.000
24070.000
24075.000
24088.000
24091.000
24116.000
24145.000
24153.000
24192.000
24194.000
24196.000
24213.000
24276.000
24286.000
24308.000
24310.000
24339.000
24355.000
24371.000
24372.000
24393.000
24410.000
24431.000
24464.000
24523.000
24533.000
24576.000
24578.000
24585.000
24601.000
24612.000
24705.000
24746.000
24793.000
24797.000
24821.000
24840.000
24884.000
24898.000
24937.000
24940.000
24991.000
24992.000
25023.000
25025.000
25027.000
25045.000
25075.000
25147.000
25176.000
25185.000
25200.000
25244.000
25286.000
25342.000
25350.000
25375.000
25377.000
25378.000
25405.000
25411.000
25421.000
25448.000
25463.000
25466.000
25482.000
25484.000
25490.000
25497.000
25511.000
25531.000
25559.000
25603.000
25624.000
25645.000
25657.000
25660.000
25665.000
25667.000
25679.000
25682.000
25696.000
25708.000
25756.000
25760.000
25761.000
25785.000
25817.000
25860.000
26001.000
26048.000
26054.000
26103.000
26131.000
26136.000
26169.000
26172.000
26201.000
26203.000
26215.000
26219.000
26230.000
26249.000
26260.000
26265.000
26286.000
26296.000
26306.000
26322.000
26362.000
26377.000
26392.000
26393.000
26429.000
26431.000
26432.000
26468.000
26567.000
26618.000
26684.000
26686.000
26687.000
26807.000
26814.000
26844.000
26908.000
26945.000
26996.000
27015.000
27018.000
27023.000
27037.000
27061.000
27066.000
27129.000
27137.000
27151.000
27169.000
27199.000
27205.000
27215.000
27249.000
27250.000
27291.000
27335.000
27351.000
27372.000
27432.000
27546.000
27599.000
27638.000
27666.000
27675.000
27705.000
27716.000
27723.000
27728.000
27732.000
27760.000
27786.000
27835.000
27863.000
27874.000
27896.000
27898.000
27908.000
27920.000
27923.000
27948.000
27952.000
28041.000
28045.000
28053.000
28115.000
28116.000
28157.000
28221.000
28222.000
28229.000
28247.000
28264.000
28279.000
28289.000
28318.000
28349.000
28382.000
28432.000
28438.000
28444.000
28459.000
28467.000
28471.000
28490.000
28491.000
28518.000
28524.000
28628.000
28632.000
28646.000
28648.000
28658.000
28665.000
28686.000
28700.000
28709.000
28718.000
28798.000
28865.000
28868.000
28891.000
28930.000
28938.000
28953.000
28958.000
28997.000
29007.000
29089.000
29095.000
29126.000
29156.000
29200.000
29322.000
29323.000
29335.000
29346.000
29402.000
29440.000
29450.000
29454.000
29465.000
29508.000
29525.000
29541.000
29600.000
29607.000
29629.000
29684.000
29691.000
29710.000
29723.000
29761.000
29785.000
29823.000
29826.000
29842.000
29887.000
29925.000
29928.000
29940.000
29956.000
29988.000