767 30000.000 L
43.000
120.000
130.000
136.000
164.000
240.000
281.000
316.000
396.000
403.000
412.000
451.000
467.000
533.000
537.000
567.000
708.000
908.000
944.000
959.000
987.000
1127.000
1174.000
1208.000
1420.000
1421.000
1428.000
1471.000
1474.000
1507.000
1508.000
1511.000
1555.000
1800.000
1862.000
1971.000
1983.000
2106.000
2126.000
2256.000
2296.000
2300.000
2341.000
2343.000
2358.000
2501.000
2505.000
2525.000
2530.000
2592.000
2619.000
2703.000
2727.000
2735.000
2781.000
2877.000
2917.000
2931.000
2953.000
3021.000
3073.000
3139.000
3169.000
3278.000
3322.000
3328.000
3415.000
3469.000
3492.000
3513.000
3524.000
3550.000
3552.000
3622.000
3624.000
3650.000
3667.000
3676.000
3709.000
3818.000
3848.000
3855.000
3866.000
3877.000
3884.000
3923.000
3930.000
3961.000
3998.000
4010.000
4063.000
4087.000
4203.000
4286.000
4326.000
4413.000
4515.000
4542.000
4554.000
4604.000
4611.000
4625.000
4721.000
4749.000
4770.000
4786.000
4787.000
4791.000
4827.000
4838.000
4952.000
5009.000
5018.000
5115.000
5148.000
5159.000
5160.000
5176.000
5203.000
5214.000
5246.000
5260.000
5302.000
5315.000
5320.000
5384.000
5416.000
5513.000
5536.000
5550.000
5579.000
5638.000
5756.000
5810.000
5875.000
5908.000
5923.000
5931.000
5945.000
5971.000
6031.000
6033.000
6098.000
6138.000
6172.000
6191.000
6278.000
6369.000
6408.000
6410.000
6551.000
6562.000
6633.000
6747.000
6882.000
6954.000
7000.000
7059.000
7069.000
7080.000
7119.000
7120.000
7206.000
7288.000
7307.000
7375.000
7382.000
7411.000
7535.000
7538.000
7588.000
7667.000
7680.000
7695.000
7725.000
7783.000
7790.000
7831.000
7847.000
7852.000
7854.000
7933.000
7959.000
8001.000
8047.000
8058.000
8063.000
8065.000
8067.000
8110.000
8139.000
8198.000
8287.000
8326.000
8348.000
8405.000
8410.000
8449.000
8461.000
8500.000
8502.000
8581.000
8650.000
8710.000
8753.000
8815.000
8816.000
8929.000
8985.000
9009.000
9014.000
9016.000
9019.000
9156.000
9197.000
9306.000
9337.000
9365.000
9372.000
9389.000
9406.000
9476.000
9520.000
9546.000
9637.000
9647.000
9685.000
9791.000
9807.000
9861.000
9910.000
9922.000
9978.000
10000.000
10007.000
10009.000
10030.000
10114.000
10131.000
10167.000
10286.000
10288.000
10326.000
10367.000
10397.000
10406.000
10511.000
10562.000
10566.000
10575.000
10642.000
10650.000
10657.000
10659.000
10811.000
10886.000
10983.000
11050.000
11066.000
11212.000
11215.000
11313.000
11319.000
11340.000
11343.000
11371.000
11389.000
11432.000
11456.000
11586.000
11603.000
11659.000
11755.000
11794.000
11796.000
11835.000
11859.000
11860.000
11964.000
12041.000
12048.000
12121.000
12252.000
12370.000
12374.000
12395.000
12497.000
12506.000
12579.000
12588.000
12597.000
12606.000
12616.000
12618.000
12621.000
12705.000
12814.000
12817.000
12823.000
12825.000
12860.000
12915.000
12925.000
12979.000
13000.000
13003.000
13033.000
13037.000
13085.000
13095.000
13278.000
13428.000
13472.000
13498.000
13506.000
13565.000
13585.000
13595.000
13633.000
13690.000
13696.000
13700.000
13702.000
13727.000
13777.000
13793.000
13831.000
13841.000
13856.000
13929.000
13951.000
14083.000
14164.000
14214.000
14227.000
14255.000
14287.000
14295.000
14332.000
14456.000
14586.000
14671.000
14733.000
14760.000
14840.000
14953.000
14988.000
15032.000
15038.000
15062.000
15065.000
15182.000
15236.000
15364.000
15464.000
15470.000
15561.000
15666.000
15692.000
15764.000
15867.000
16084.000
16106.000
16288.000
16291.000
16292.000
16363.000
16421.000
16441.000
16471.000
16531.000
16532.000
16539.000
16544.000
16576.000
16712.000
16715.000
16749.000
16834.000
16885.000
16953.000
16977.000
17065.000
17108.000
17129.000
17134.000
17151.000
17156.000
17176.000
17296.000
17397.000
17400.000
17408.000
17480.000
17514.000
17544.000
17550.000
17598.000
17611.000
17760.000
17796.000
17868.000
17894.000
17945.000
17960.000
18002.000
18072.000
18120.000
18218.000
18220.000
18238.000
18327.000
18343.000
18376.000
18457.000
18487.000
18557.000
18576.000
18656.000
18701.000
18727.000
18734.000
18803.000
18811.000
18827.000
18853.000
18873.000
18875.000
18888.000
18914.000
18920.000
18977.000
19023.000
19026.000
19081.000
19177.000
19185.000
19220.000
19332.000
19341.000
19350.000
19356.000
19459.000
19489.000
19510.000
19590.000
19605.000
19673.000
19681.000
19728.000
19760.000
19817.000
19836.000
19850.000
19876.000
19956.000
19998.000
20035.000
20045.000
20051.000
20112.000
20138.000
20180.000
20227.000
20263.000
20274.000
20356.000
20439.000
20444.000
20477.000
20481.000
20524.000
20556.000
20559.000
20563.000
20611.000
20615.000
20653.000
20657.000
20683.000
20691.000
20751.000
20760.000
20799.000
20879.000
20920.000
20961.000
20978.000
21053.000
21132.000
21177.000
21183.000
21214.000
21216.000
21270.000
21272.000
21335.000
21347.000
21367.000
21397.000
21459.000
21541.000
21626.000
21632.000
21659.000
21726.000
21749.000
21765.000
21766.000
21784.000
21807.000
21821.000
21843.000
21864.000
21901.000
21919.000
21990.000
21997.000
22003.000
22107.000
22131.000
22172.000
22196.000
22198.000
22205.000
22208.000
22287.000
22296.000
22348.000
22394.000
22410.000
22446.000
22491.000
22520.000
22533.000
22538.000
22545.000
22577.000
22589.000
22604.000
22737.000
22850.000
22933.000
23023.000
23069.000
23083.000
23084.000
23121.000
23212.000
23267.000
23319.000
23331.000
23344.000
23345.000
23353.000
23411.000
23424.000
23485.000
23506.000
23560.000
23594.000
23622.000
23625.000
23641.000
23669.000
23710.000
23786.000
23790.000
23797.000
23832.000
23839.000
23862.000
23925.000
23930.000
24016.000
24042.000
24082.000
24104.000
24118.000
24122.000
24143.000
24148.000
24235.000
24237.000
24278.000
24303.000
24370.000
24380.000
24392.000
24436.000
24456.000
24486.000
24565.000
24573.000
24581.000
24686.000
24701.000
24730.000
24764.000
24803.000
24815.000
24822.000
24867.000
24869.000
24972.000
25032.000
25034.000
25062.000
25085.000
25088.000
25094.000
25139.000
25204.000
25254.000
25307.000
25318.000
25375.000
25384.000
25519.000
25539.000
25542.000
25601.000
25626.000
25644.000
25646.000
25648.000
25776.000
25777.000
25788.000
25790.000
25830.000
25835.000
25846.000
25896.000
25903.000
25907.000
25939.000
26033.000
26035.000
26063.000
26099.000
26121.000
26143.000
26154.000
26161.000
26169.000
26193.000
26222.000
26229.000
26257.000
26293.000
26459.000
26481.000
26517.000
26524.000
26535.000
26556.000
26582.000
26607.000
26608.000
26613.000
26621.000
26642.000
26695.000
26712.000
26722.000
26752.000
26883.000
26925.000
27000.000
27008.000
27011.000
27044.000
27056.000
27068.000
27115.000
27141.000
27169.000
27170.000
27179.000
27185.000
27190.000
27232.000
27323.000
27330.000
27348.000
27364.000
27369.000
27398.000
27446.000
27491.000
27513.000
27544.000
27575.000
27662.000
27680.000
27702.000
27730.000
27794.000
27827.000
27831.000
27849.000
27921.000
27945.000
28137.000
28173.000
28175.000
28196.000
28198.000
28214.000
28275.000
28319.000
28394.000
28484.000
28485.000
28489.000
28493.000
28586.000
28627.000
28633.000
28634.000
28699.000
28715.000
28742.000
28777.000
28828.000
28900.000
29020.000
29030.000
29098.000
29132.000
29180.000
29185.000
29203.000
29249.000
29327.000
29329.000
29330.000
29341.000
29342.000
29394.000
29434.000
29447.000
29453.000
29471.000
29478.000
29499.000
29581.000
29590.000
29641.000
29650.000
29658.000
29664.000
29710.000
29725.000
29729.000
29740.000
29742.000
29777.000
29802.000
29808.000
29814.000
29888.000
29894.000
29925.000
29971.000
29987.000