Distribution of estimated Rho values

Shuffle   Rho    Lkmax      G4     corr(r2,d)   corr(D',d)

   1     0.200  -41399746.387  10626848  -0.00627  -0.00718
   2     0.200  -41400204.474  10538005  -0.00948  -0.00956
   3     0.200  -41400382.017  8306315   0.02179   0.00607
   4     0.200  -41400133.646  9497631   0.00655   0.00128
   5     0.200  -41400084.590  11211930  -0.01498  -0.00579
   6     0.200  -41400022.681  12777907  -0.01451  -0.01280
   7     0.200  -41400142.387  8809061   0.00286   0.00509
   8     0.200  -41400281.641  11871695   0.00493  -0.00869
   9     0.200  -41400228.119  9770466   0.01890   0.00479
  10     0.200  -41400215.622  7991164   0.00314   0.00782
  11     0.200  -41400034.707  11638780  -0.00890  -0.00872
  12     0.200  -41400297.021  9257692   0.00749   0.00450
  13     0.200  -41400002.480  11229047  -0.01390  -0.00686
  14     0.200  -41400206.136  8132319  -0.00715   0.00826
  15     0.200  -41400034.388  10628573  -0.00202  -0.00560
  16     0.200  -41399907.228  8834935  -0.01598   0.00087
  17     0.200  -41399851.647  8855554   0.01347   0.00246
  18     0.200  -41400032.694  10131422  -0.00232  -0.00540
  19     0.200  -41399699.360  11833290   0.00822  -0.00957
  20     0.200  -41400000.890  9678612   0.00876  -0.00088
  21     0.200  -41400259.700  7969102   0.00442   0.00670
  22     0.200  -41400082.531  9111752  -0.01129  -0.00029
  23     0.200  -41400081.129  8136875  -0.00291   0.00853
  24     0.200  -41400058.645  11001636  -0.00986  -0.00630
  25     0.200  -41400021.756  8694710  -0.00723   0.00298
  26     0.200  -41400522.933  8181008  -0.00519   0.00362
  27     0.200  -41400127.273  9781232   0.01208   0.00485
  28     0.200  -41399937.018  10073974  -0.00073   0.00492
  29     0.200  -41400181.226  8299781   0.00122   0.00598
  30     0.200  -41399985.491  9227228  -0.00599   0.00086
  31     0.200  -41400096.620  9076341  -0.00134   0.00448
  32     0.200  -41400082.820  10340803  -0.00394  -0.00661
  33     0.200  -41400500.981  7943805  -0.00206   0.00870
  34     0.200  -41400124.086  9710499   0.00304  -0.00026
  35     0.200  -41400164.421  9827646   0.00132  -0.00135
  36     0.200  -41400008.096  10413938  -0.00785   0.00095
  37     0.200  -41400387.694  8386591  -0.00351   0.00321
  38     0.200  -41400226.515  8080070  -0.00707   0.00578
  39     0.200  -41400165.741  9631146   0.00630  -0.00302
  40     0.200  -41400067.753  9882176  -0.00298   0.00026
  41     0.200  -41399895.933  7857995  -0.00702   0.00732
  42     0.200  -41400219.643  8498854  -0.01581   0.00633
  43     0.200  -41399945.157  11255653  -0.00189  -0.00597
  44     0.200  -41400100.843  10611780   0.01076  -0.00018
  45     0.200  -41400231.578  9161119  -0.00296  -0.00176
  46     0.200  -41400391.396  9043646   0.00031   0.00546
  47     0.200  -41399548.070  8891280  -0.01868   0.00120
  48     0.200  -41400313.680  8250892   0.00104   0.00416
  49     0.200  -41400106.782  10459068   0.01231  -0.00213
  50     0.200  -41399871.927  11047850  -0.01323  -0.00682
  51     0.200  -41400057.623  9672009   0.02083   0.00137
  52     0.200  -41400361.368  8104304   0.00369   0.00822
  53     0.200  -41399846.344  9678002  -0.01093  -0.00388
  54     0.200  -41400115.054  8803405  -0.00524  -0.00061
  55     0.200  -41400412.613  9285205  -0.00785   0.00028
  56     0.200  -41400054.431  10852107  -0.00214   0.00003
  57     0.200  -41400082.350  10969272  -0.01075  -0.00957
  58     0.200  -41399557.060  11573511  -0.01919  -0.00401
  59     0.200  -41400463.717  8291302   0.01011   0.00822
  60     0.200  -41400214.940  11363006   0.00390  -0.01023
  61     0.200  -41399931.255  10726943  -0.00933  -0.00813
  62     0.200  -41399916.921  10942402  -0.00285  -0.00590
  63     0.200  -41400007.754  9488833   0.00036  -0.00225
  64     0.200  -41400224.811  8812197   0.00005   0.00371
  65     0.200  -41400146.237  8812627   0.01009   0.00654
  66     0.200  -41399979.828  11126429   0.00656  -0.00125
  67     0.200  -41399852.528  10089271   0.00000  -0.00086
  68     0.200  -41400178.911  10313506   0.00780  -0.00188
  69     0.200  -41400128.139  8743900   0.01661   0.00381
  70     0.200  -41400089.352  7442744   0.00418   0.00997
  71     0.200  -41400114.499  10836361   0.00963  -0.00195
  72     0.200  -41399800.537  12216081   0.01094  -0.00987
  73     0.200  -41400170.172  10318772   0.00447   0.00229
  74     0.200  -41400271.250  8989453   0.00019   0.00049
  75     0.200  -41400355.354  8824179   0.00870   0.00380
  76     0.200  -41400569.008  9437865  -0.00363   0.00257
  77     0.200  -41400145.269  11001094   0.00892  -0.00952
  78     0.200  -41399985.662  10052890  -0.01060  -0.00120
  79     0.200  -41400081.115  10179826   0.00467   0.00052
  80     0.200  -41400007.593  10727404  -0.00900  -0.01003
  81     0.200  -41400145.767  8789681  -0.00574   0.00509
  82     0.200  -41400035.153  10658195   0.02184  -0.00166
  83     0.200  -41400098.046  9242009  -0.00152  -0.00043
  84     0.200  -41400118.947  9201203   0.00340   0.00219
  85     0.200  -41399874.919  10887230  -0.00464  -0.00029
  86     0.200  -41400407.541  9778956   0.00188  -0.00232
  87     0.200  -41400262.089  10097519  -0.00028  -0.00313
  88     0.200  -41399809.538  11411103   0.00205  -0.00523
  89     0.200  -41400221.073  8634441  -0.01448   0.00591
  90     0.200  -41400177.952  10342809  -0.00281   0.00153
  91     0.200  -41399938.633  10810653   0.01188   0.00050
  92     0.200  -41400208.386  8571795   0.00194   0.00397
  93     0.200  -41400109.038  10353491  -0.01162  -0.00473
  94     0.200  -41400316.377  11213946  -0.00932  -0.00869
  95     0.200  -41400208.779  10651782   0.00201  -0.00876
  96     0.200  -41400251.721  9204235   0.00295   0.00795
  97     0.200  -41399831.599  10292462   0.00302  -0.00590
  98     0.200  -41400033.443  8509765   0.00478   0.00420
  99     0.200  -41400146.972  9757451  -0.00693  -0.00104
 100     0.200  -41400245.088  12335547  -0.00477  -0.01607
 101     0.200  -41400294.679  8273074   0.01734   0.00755
 102     0.200  -41399856.928  10449745  -0.00569  -0.00678
 103     0.200  -41400036.805  11776810   0.00965  -0.00956
 104     0.200  -41400172.402  10597997   0.00564  -0.00717
 105     0.200  -41400061.700  9894088  -0.00696   0.00713
 106     0.200  -41399978.254  8061066  -0.00218   0.00603
 107     0.200  -41400184.277  9881444  -0.00049   0.00422
 108     0.200  -41400255.652  8459952   0.00803   0.00320
 109     0.200  -41400149.502  8122493   0.00647   0.00671
 110     0.200  -41399990.596  12728600   0.00410  -0.01167
 111     0.200  -41400162.238  11887958   0.01940  -0.00729
 112     0.200  -41400254.495  8396592  -0.01292   0.00499
 113     0.200  -41399954.085  9879719  -0.00818   0.00400
 114     0.200  -41400065.466  8281940   0.00040   0.00480
 115     0.200  -41400225.071  8463616   0.00327   0.00336
 116     0.200  -41400210.041  8639631   0.02182   0.00726
 117     0.200  -41400264.578  9953830   0.01049  -0.00373
 118     0.200  -41399985.854  10451521   0.00972  -0.00832
 119     0.200  -41399971.173  9949049  -0.00029   0.00004
 120     0.200  -41400049.251  9716012  -0.01127   0.00367
 121     0.200  -41400398.973  8029500  -0.00642   0.00602
 122     0.200  -41400089.913  11697820   0.00489  -0.01065
 123     0.200  -41400052.635  9374882  -0.00934   0.00404
 124     0.200  -41399952.651  12022575   0.01659  -0.00916
 125     0.200  -41400102.143  12719263   0.00380  -0.01040
 126     0.200  -41399927.498  11503124   0.00192  -0.01379
 127     0.200  -41400455.417  8394895   0.00786   0.00579
 128     0.200  -41400110.729  9230264  -0.00979  -0.00039
 129     0.200  -41399967.529  10586994  -0.00109  -0.00333
 130     0.200  -41400125.008  9861673  -0.01752  -0.00417
 131     0.200  -41400269.006  8736355   0.00718   0.00206
 132     0.200  -41400114.303  7997098  -0.00196   0.00942
 133     0.200  -41399990.315  9577316  -0.01408  -0.00131
 134     0.200  -41399911.360  8816591  -0.01595   0.00458
 135     0.200  -41400093.365  8649449   0.00637   0.00391
 136     0.200  -41400121.553  8910526   0.00013   0.00089
 137     0.200  -41399964.834  9411782   0.00452   0.00239
 138     0.200  -41400159.334  9913959   0.00200  -0.00620
 139     0.200  -41400034.101  9570283   0.00038   0.00089
 140     0.200  -41400031.304  9480161  -0.00998   0.00264
 141     0.200  -41400236.086  7353673  -0.01262   0.01006
 142     0.200  -41400281.698  8696756  -0.00145   0.00723
 143     0.200  -41400039.780  10386045   0.00426   0.00218
 144     0.200  -41400181.832  9371606   0.01347  -0.00192
 145     0.200  -41400287.698  10508598   0.01346  -0.00383
 146     0.200  -41400274.098  9411252   0.00141   0.00303
 147     0.200  -41400051.917  10840060  -0.00153  -0.00838
 148     0.200  -41400077.872  10721462   0.00459   0.00036
 149     0.200  -41400074.542  10769897   0.00982   0.00020
 150     0.200  -41399732.785  10194572  -0.00909  -0.00068
 151     0.200  -41400267.731  9511311   0.01651   0.00057
 152     0.200  -41399983.138  9555278  -0.02784  -0.00097
 153     0.200  -41399919.731  9565024  -0.00479   0.00145
 154     0.200  -41399774.657  10313965   0.00085  -0.00195
 155     0.200  -41400194.797  10355916   0.00044  -0.00444
 156     0.200  -41400040.483  8911497  -0.00447   0.00482
 157     0.200  -41400306.180  9255937   0.01550   0.00336
 158     0.200  -41400401.142  7976510   0.00981   0.00633
 159     0.200  -41400013.157  7957262  -0.00571   0.00632
 160     0.200  -41399973.622  10437201   0.00721   0.00219
 161     0.200  -41400244.005  9977583   0.00585  -0.00240
 162     0.200  -41399710.094  10398676  -0.00483   0.00227
 163     0.200  -41400119.308  9881733  -0.00280   0.00516
 164     0.200  -41399987.281  10057085   0.01183  -0.00029
 165     0.200  -41400039.270  9988547  -0.01253   0.00371
 166     0.200  -41399809.819  9599836  -0.01407  -0.00439
 167     0.200  -41400258.873  10294403   0.00093  -0.00589
 168     0.200  -41400100.854  9688361   0.00525   0.00627
 169     0.200  -41399783.338  10464400   0.00114   0.00133
 170     0.200  -41399830.606  10758132  -0.00518  -0.00094
 171     0.200  -41400429.055  8834970   0.00638   0.00280
 172     0.200  -41400098.868  11289193   0.01235  -0.00462
 173     0.200  -41399924.012  9425129  -0.00314   0.00015
 174     0.200  -41400477.235  8622140   0.00714   0.00625
 175     0.200  -41400267.846  9020251  -0.00150   0.00193
 176     0.200  -41400232.322  9354241   0.01120  -0.00029
 177     0.200  -41400238.039  8047658   0.00718   0.00575
 178     0.200  -41400173.757  8561347   0.01142   0.00704
 179     0.200  -41400365.679  7526547  -0.00461   0.00981
 180     0.200  -41400181.833  9134878   0.00268   0.00196
 181     0.200  -41400224.443  8193586  -0.00180   0.00901
 182     0.200  -41400366.284  9184758   0.00241   0.00385
 183     0.200  -41400297.459  9547742  -0.00380  -0.00279
 184     0.200  -41400002.785  10861270   0.00557  -0.00033
 185     0.200  -41400207.227  9322670  -0.00545  -0.00054
 186     0.200  -41399894.526  10474604   0.01665   0.00177
 187     0.200  -41400385.643  8676413  -0.01242   0.00294
 188     0.200  -41400052.194  8055343  -0.00598   0.00531
 189     0.200  -41400092.858  8564252   0.00213   0.00109
 190     0.200  -41400132.894  9916860   0.00320   0.00509
 191     0.200  -41399852.224  10164356  -0.00167   0.00156
 192     0.200  -41400416.738  7875159  -0.00911   0.00672
 193     0.200  -41400293.318  8713031  -0.00719   0.00891
 194     0.200  -41400234.724  8896036   0.00553   0.00167
 195     0.200  -41399625.769  10441289  -0.00408   0.00121
 196     0.200  -41400114.118  9362332  -0.01185  -0.00317
 197     0.200  -41400192.461  9903900   0.01082  -0.00003
 198     0.200  -41399963.641  11290084   0.00567  -0.00123
 199     0.200  -41400148.281  8577281  -0.00580   0.00632
 200     0.200  -41400060.604  10973564   0.00596  -0.00778
 201     0.200  -41400329.763  8260057   0.00199   0.00862
 202     0.200  -41400105.462  9311119  -0.00063  -0.00228
 203     0.200  -41400509.215  8807033  -0.00809   0.00121
 204     0.200  -41399992.672  9030665  -0.00527  -0.00013
 205     0.200  -41400082.549  9030342  -0.00039   0.00396
 206     0.200  -41399937.602  8637326   0.01679   0.00169
 207     0.200  -41400115.278  9541605  -0.00836  -0.00337
 208     0.200  -41400199.627  9455253   0.00774  -0.00177
 209     0.200  -41399876.675  12995950   0.01265  -0.01263
 210     0.200  -41400247.800  8267936  -0.00144   0.00520
 211     0.200  -41400125.051  9343800  -0.01407   0.00020
 212     0.200  -41399958.193  9756641  -0.01242   0.00307
 213     0.200  -41400102.788  8066010  -0.00853   0.00704
 214     0.200  -41400040.874  8398340   0.00313   0.00698
 215     0.200  -41400232.297  9544971  -0.00197  -0.00249
 216     0.200  -41400066.316  8804954  -0.00903   0.00266
 217     0.200  -41400137.812  9325387   0.01273   0.00532
 218     0.200  -41400554.044  7957919   0.00745   0.00637
 219     0.200  -41399979.486  10808532  -0.00630  -0.00706
 220     0.200  -41399757.889  12619057  -0.01390  -0.00912
 221     0.200  -41400277.300  8664070   0.00314   0.00227
 222     0.200  -41400029.613  10141175   0.00106   0.00046
 223     0.200  -41400226.415  10248582  -0.00410  -0.00639
 224     0.200  -41400095.460  9705511  -0.00437   0.00118
 225     0.200  -41399837.969  11368511   0.00545  -0.00690
 226     0.200  -41400007.027  8967048   0.00450   0.00152
 227     0.200  -41399980.253  8460617   0.00129   0.00379
 228     0.200  -41400208.973  9136276   0.00069   0.00121
 229     0.200  -41399649.086  10875879  -0.00934  -0.00374
 230     0.200  -41400350.339  8219244   0.00704   0.00727
 231     0.200  -41400118.691  11970513  -0.00498  -0.00488
 232     0.200  -41400362.065  9690798   0.01376   0.00862
 233     0.200  -41400222.686  11129534   0.00764  -0.00183
 234     0.200  -41400278.532  9388168   0.00000   0.00042
 235     0.200  -41400125.860  8608844   0.00853   0.00818
 236     0.200  -41399982.140  11868000  -0.01232  -0.00923
 237     0.200  -41400131.315  10952977  -0.00584  -0.01073
 238     0.200  -41400245.733  9315117   0.00120   0.00436
 239     0.200  -41400084.699  9184708   0.00244   0.00493
 240     0.200  -41400138.692  11145879  -0.00390  -0.00952
 241     0.200  -41400368.879  10544703   0.00842  -0.00771
 242     0.200  -41400095.963  7997067  -0.00283   0.00746
 243     0.200  -41400189.658  10196615  -0.00209  -0.00207
 244     0.200  -41400051.507  10131657   0.00572  -0.00447
 245     0.200  -41400261.201  9802370  -0.00260   0.00261
 246     0.200  -41400041.707  11423845  -0.00473  -0.00835
 247     0.200  -41400123.335  8346334  -0.01234   0.00608
 248     0.200  -41400393.068  7880760  -0.00194   0.00839
 249     0.200  -41400116.177  9939317   0.00265  -0.00252
 250     0.200  -41400208.907  10862940  -0.00997  -0.00505
 251     0.200  -41400388.699  10570850  -0.00153  -0.00408
 252     0.200  -41400040.655  11718967   0.01805  -0.01110
 253     0.200  -41400152.159  10797690   0.00173   0.00283
 254     0.200  -41400122.256  10416946  -0.00401  -0.00519
 255     0.200  -41400256.732  8172117   0.00227   0.00730
 256     0.200  -41399916.831  8339166  -0.00670   0.00266
 257     0.200  -41400022.393  10637765   0.00263  -0.00113
 258     0.200  -41400159.262  10490839   0.00077   0.00161
 259     0.200  -41400135.199  9321738  -0.00170  -0.00100
 260     0.200  -41400330.209  10122406   0.00801   0.00115
 261     0.200  -41400325.056  9192459  -0.00422   0.00116
 262     0.200  -41400107.832  9784949   0.02245  -0.00051
 263     0.200  -41399960.973  8645801  -0.00673   0.00505
 264     0.200  -41400077.727  9581807  -0.00137   0.00149
 265     0.200  -41399929.412  10574689  -0.00287   0.00044
 266     0.200  -41400008.287  9297111  -0.00415   0.00664
 267     0.200  -41400081.522  9284960  -0.01026  -0.00162
 268     0.200  -41400278.486  9472863   0.01360   0.00175
 269     0.200  -41400106.916  10230032   0.01215  -0.00267
 270     0.200  -41400227.027  7971064   0.00390   0.00811
 271     0.200  -41400048.285  8614055  -0.00417   0.00712
 272     0.200  -41400233.302  8298197   0.00648   0.00745
 273     0.200  -41400269.204  11416529  -0.01117  -0.00711
 274     0.200  -41399973.075  8354532   0.00937   0.00473
 275     0.200  -41400091.252  7658477  -0.00073   0.00933
 276     0.200  -41399990.655  10425499  -0.00316  -0.00400
 277     0.200  -41400280.513  8537319  -0.02147   0.00445
 278     0.200  -41400412.096  9268845   0.00756  -0.00062
 279     0.200  -41400011.389  10921589  -0.01229  -0.01108
 280     0.200  -41400119.030  9730948  -0.00859  -0.00349
 281     0.200  -41399998.508  9465298  -0.00019   0.00519
 282     0.200  -41399849.347  11032417   0.00850  -0.00571
 283     0.200  -41400002.099  10465320  -0.00316  -0.00633
 284     0.200  -41400009.217  8355872  -0.00384   0.00426
 285     0.200  -41399889.905  12477536   0.00196  -0.00738
 286     0.200  -41399940.328  10816376   0.00226   0.00364
 287     0.200  -41400053.331  9990584   0.00659   0.00465
 288     0.200  -41399965.227  10049250  -0.00582   0.00223
 289     0.200  -41399638.505  10391755  -0.00616  -0.00228
 290     0.200  -41400088.871  9388749   0.00014  -0.00122
 291     0.200  -41400031.978  10251400   0.00398   0.00164
 292     0.200  -41399987.107  8485150   0.00265   0.00228
 293     0.200  -41400169.171  9377847   0.00869   0.00193
 294     0.200  -41400357.520  8336949  -0.01902   0.00468
 295     0.200  -41400270.840  8475255   0.00527   0.00535
 296     0.200  -41400126.928  9955568   0.01006   0.00223
 297     0.200  -41400194.367  10054857   0.01593   0.00235
 298     0.200  -41400183.849  10779863   0.00894  -0.00799
 299     0.200  -41399882.087  11152288   0.00621  -0.00379
 300     0.200  -41399983.915  10458615  -0.00538  -0.00211
 301     0.200  -41400109.097  10558649   0.00069  -0.00537
 302     0.200  -41400131.196  10200504   0.01428   0.00350
 303     0.200  -41400123.218  9518323   0.00611   0.00262
 304     0.200  -41400212.649  7733108  -0.01079   0.00719
 305     0.200  -41399878.940  9893978   0.00391   0.00455
 306     0.200  -41400367.514  8685388   0.00148   0.00188
 307     0.200  -41400254.494  10179856   0.01377   0.00305
 308     0.200  -41399816.990  10819077  -0.00766  -0.00678
 309     0.200  -41400212.961  9418658  -0.01842  -0.00254
 310     0.200  -41400078.043  9133140  -0.00353   0.00163
 311     0.200  -41400103.919  10264596   0.01032   0.00265
 312     0.200  -41400362.854  8241550  -0.00614   0.00532
 313     0.200  -41400308.821  8028395   0.00160   0.00668
 314     0.200  -41400136.396  10341156   0.00691  -0.00352
 315     0.200  -41400361.183  8869769   0.00829   0.00402
 316     0.200  -41400192.161  12217427  -0.00457  -0.01039
 317     0.200  -41399913.130  12040548   0.00049  -0.00685
 318     0.200  -41400114.853  8112964   0.00248   0.00650
 319     0.200  -41400348.061  8741584   0.01420   0.00510
 320     0.200  -41400089.422  9869436   0.00604   0.00379
 321     0.200  -41399819.316  10078606   0.00364  -0.00087
 322     0.200  -41400057.282  9611549  -0.00081   0.00199
 323     0.200  -41399942.627  8560067  -0.00476   0.00473
 324     0.200  -41399937.305  10790130  -0.00072  -0.00970
 325     0.200  -41400011.661  10580151   0.01010  -0.00154
 326     0.200  -41399873.740  9694649  -0.01079   0.00302
 327     0.200  -41399775.178  11499224  -0.00966  -0.00645
 328     0.200  -41399875.755  9360403  -0.00528   0.00419
 329     0.200  -41400078.655  9384700   0.01604  -0.00172
 330     0.200  -41400214.779  10117828  -0.00907   0.00432
 331     0.200  -41399959.387  9637087  -0.01334   0.00068
 332     0.200  -41400141.863  12296241  -0.00797  -0.01261
 333     0.200  -41400091.696  9315677   0.00797   0.00821
 334     0.200  -41400159.347  9867758   0.00036  -0.00097
 335     0.200  -41400248.469  8713233   0.00047   0.00315
 336     0.200  -41400134.247  9064020  -0.01041   0.00022
 337     0.200  -41400145.288  9482568  -0.00830   0.00497
 338     0.200  -41400066.979  10901686  -0.00715  -0.00099
 339     0.200  -41399782.148  11124641  -0.00209  -0.00560
 340     0.200  -41400239.326  9183543   0.00319   0.00174
 341     0.200  -41399796.800  10963021   0.00084  -0.00544
 342     0.200  -41399861.445  12531415   0.01663  -0.00824
 343     0.200  -41400255.806  8780044  -0.00163   0.00581
 344     0.200  -41399789.380  10811793  -0.00983   0.00037
 345     0.200  -41400212.218  8564167   0.00581   0.00492
 346     0.200  -41399938.779  11290828  -0.00584  -0.00013
 347     0.200  -41400123.451  9447047  -0.00586   0.00374
 348     0.200  -41400166.284  8731083   0.02277   0.00443
 349     0.200  -41400381.337  9748162  -0.01634  -0.00263
 350     0.200  -41399976.553  10148828  -0.00831   0.00034
 351     0.200  -41400256.154  8041462  -0.00343   0.00511
 352     0.200  -41400189.206  8457088   0.00311   0.00435
 353     0.200  -41400380.674  8998901   0.00050   0.00639
 354     0.200  -41399848.915  9482485  -0.00768  -0.00157
 355     0.200  -41400131.869  10765487   0.00644  -0.00831
 356     0.200  -41400275.155  9265832   0.00274  -0.00160
 357     0.200  -41400180.258  10060075  -0.00209  -0.00093
 358     0.200  -41399877.130  10450233  -0.00649  -0.00776
 359     0.200  -41399895.737  11173014   0.00652  -0.00808
 360     0.200  -41399912.029  9853575  -0.00159   0.00037
 361     0.200  -41399918.403  10998485   0.00153  -0.00457
 362     0.200  -41400336.355  8528475  -0.00253   0.00534
 363     0.200  -41400142.317  9529792  -0.01480  -0.00339
 364     0.200  -41400107.636  8931521   0.00715   0.00362
 365     0.200  -41399938.633  11269771   0.00536  -0.00950
 366     0.200  -41400013.082  10967664   0.00467  -0.00661
 367     0.200  -41399963.037  9569453  -0.00453  -0.00153
 368     0.200  -41400056.405  8895166  -0.00275   0.00078
 369     0.200  -41400031.081  8597865  -0.01624   0.00357
 370     0.200  -41399850.512  11685931  -0.00816  -0.00661
 371     0.200  -41400132.949  8832608   0.00171   0.00529
 372     0.200  -41400325.177  8645381   0.00363   0.00367
 373     0.200  -41399750.835  11406461  -0.01601  -0.00772
 374     0.200  -41400195.661  9663639   0.01514   0.00462
 375     0.200  -41400288.093  8062784   0.01006   0.00587
 376     0.200  -41400014.640  8352973  -0.01168   0.00521
 377     0.200  -41400217.237  11687479   0.00490  -0.00896
 378     0.200  -41399972.899  11846499  -0.00644  -0.01172
 379     0.200  -41400030.018  9353709  -0.01352   0.00295
 380     0.200  -41400088.399  8901795   0.00024   0.00089
 381     0.200  -41400091.762  8307808  -0.01064   0.00758
 382     0.200  -41400522.719  7874747   0.00247   0.00585
 383     0.200  -41399836.602  10815817  -0.00260  -0.00750
 384     0.200  -41400033.594  11515530   0.00042  -0.01424
 385     0.200  -41400561.676  8916281   0.00158   0.00050
 386     0.200  -41400117.726  11259485  -0.00780  -0.01001
 387     0.200  -41399988.586  10283813  -0.00362   0.00212
 388     0.200  -41400085.839  8049839  -0.00097   0.00672
 389     0.200  -41400044.011  10794285  -0.00138  -0.00950
 390     0.200  -41399784.703  11064338   0.00152  -0.00199
 391     0.200  -41400260.167  8687764   0.00256   0.00693
 392     0.200  -41400345.640  9108140  -0.01660   0.00574
 393     0.200  -41400228.346  8204584  -0.00190   0.00506
 394     0.200  -41399895.585  11132499   0.00382  -0.01086
 395     0.200  -41400213.541  9541756   0.00377   0.00233
 396     0.200  -41400139.203  10708988   0.00255  -0.00441
 397     0.200  -41399828.435  9952572   0.00185  -0.00557
 398     0.200  -41400265.021  9771626  -0.00269  -0.00478
 399     0.200  -41400384.277  7928687  -0.01100   0.00760
 400     0.200  -41400084.138  10084191  -0.00847   0.00300
 401     0.200  -41399806.422  12690861  -0.00230  -0.01346
 402     0.200  -41399955.860  10905955  -0.00605  -0.00045
 403     0.200  -41400155.134  11351403  -0.00260  -0.00249
 404     0.200  -41400199.315  9657642   0.00717  -0.00370
 405     0.200  -41400076.011  8916812   0.00706   0.00167
 406     0.200  -41400250.465  9266202   0.00591   0.00203
 407     0.200  -41400295.767  7987303  -0.00594   0.00398
 408     0.200  -41399990.080  9354533  -0.00497  -0.00029
 409     0.200  -41399999.929  10222289   0.01111  -0.00389
 410     0.200  -41399889.903  10750867  -0.00405  -0.00788
 411     0.200  -41400099.839  9309914  -0.00079   0.00304
 412     0.200  -41400415.129  8283073   0.00171   0.00516
 413     0.200  -41400385.725  9229503   0.00816   0.00519
 414     0.200  -41399815.473  10632166   0.00040   0.00104
 415     0.200  -41400125.202  9535915   0.01392  -0.00181
 416     0.200  -41399935.417  9136391   0.00294   0.00508
 417     0.200  -41400393.598  9097540   0.00264   0.00354
 418     0.200  -41400122.716  11185151   0.01186  -0.01124
 419     0.200  -41400056.855  10261592  -0.00008  -0.00081
 420     0.200  -41400168.352  12379930   0.00402  -0.00784
 421     0.200  -41400212.609  10818689  -0.00086  -0.00082
 422     0.200  -41400166.794  8393239  -0.01215   0.00540
 423     0.200  -41400188.030  9618052  -0.01073  -0.00061
 424     0.200  -41400282.242  8478704  -0.01719   0.00485
 425     0.200  -41400206.508  9610151   0.00805   0.00478
 426     0.200  -41400038.742  9809746  -0.01194  -0.00282
 427     0.200  -41399974.693  10663815  -0.01012  -0.00497
 428     0.200  -41400300.943  8253589  -0.00753   0.00718
 429     0.200  -41399755.386  13499802   0.00124  -0.01606
 430     0.200  -41400150.090  10340334   0.01353  -0.00046
 431     0.200  -41400114.731  12012237   0.00153  -0.01023
 432     0.200  -41400177.211  8020578   0.00401   0.00794
 433     0.200  -41400114.482  9966373   0.00044   0.00417
 434     0.200  -41400081.163  8618553   0.00423   0.00414
 435     0.200  -41400168.811  9335756   0.01207   0.00452
 436     0.200  -41400082.819  9810058   0.00457  -0.00250
 437     0.200  -41400065.026  9912961   0.00553  -0.00285
 438     0.200  -41400253.562  9452459  -0.00379   0.00188
 439     0.200  -41400077.428  10256386  -0.00254   0.00267
 440     0.200  -41400306.113  9911514  -0.00675  -0.00568
 441     0.200  -41400218.808  11089072   0.00431  -0.00853
 442     0.200  -41399896.249  12771203   0.00717  -0.01170
 443     0.200  -41400539.721  8087481  -0.00523   0.00598
 444     0.200  -41399958.154  11658240   0.01186  -0.00764
 445     0.200  -41400211.742  8901716   0.01274   0.00185
 446     0.200  -41400107.433  9206611   0.00467   0.00439
 447     0.200  -41399973.870  8229592  -0.01696   0.00550
 448     0.200  -41399918.204  10405973   0.01223   0.00070
 449     0.200  -41399970.329  11388774   0.00366  -0.00404
 450     0.200  -41400179.255  7660827  -0.00187   0.00801
 451     0.200  -41400146.507  8065379  -0.00493   0.00549
 452     0.200  -41400302.231  8530678   0.00707   0.00547
 453     0.200  -41399864.371  9868334  -0.00670  -0.00264
 454     0.200  -41399892.990  10731308  -0.01433  -0.00442
 455     0.200  -41400189.288  10498174   0.00656   0.00017
 456     0.200  -41400119.683  8904895  -0.00812   0.00472
 457     0.200  -41400376.577  8330372  -0.00511   0.00679
 458     0.200  -41400130.600  10716706  -0.00468  -0.00702
 459     0.200  -41399964.418  10816643   0.01669  -0.00320
 460     0.200  -41399990.569  8789547  -0.01560   0.00406
 461     0.200  -41400098.985  10148383  -0.00083   0.00250
 462     0.200  -41400018.165  8818791  -0.00094   0.00063
 463     0.200  -41400294.938  8458837  -0.00291   0.00502
 464     0.200  -41400417.911  8925207   0.00780   0.00607
 465     0.200  -41400463.326  9414697   0.01510  -0.00032
 466     0.200  -41400375.729  10230357   0.00473   0.00267
 467     0.200  -41400101.089  10898260  -0.00519  -0.00417
 468     0.200  -41399863.829  11903623   0.00231  -0.01088
 469     0.200  -41400380.249  8559195   0.00723   0.00740
 470     0.200  -41400087.106  10258618   0.00374   0.00425
 471     0.200  -41399999.271  8691050  -0.01291   0.00484
 472     0.200  -41399968.263  10680637  -0.00403   0.00133
 473     0.200  -41400054.656  9610304   0.00446  -0.00226
 474     0.200  -41400221.071  8401166   0.00373   0.00389
 475     0.200  -41400327.655  9756836   0.01822   0.00117
 476     0.200  -41400189.950  10577212   0.00732  -0.00195
 477     0.200  -41400158.319  10463312   0.01386   0.00133
 478     0.200  -41400452.277  8334074   0.00211   0.00615
 479     0.200  -41400341.222  10331989   0.00238  -0.00168
 480     0.200  -41400471.281  8914878   0.01065   0.00061
 481     0.200  -41400157.634  10916595   0.00689  -0.00832
 482     0.200  -41400007.091  11470081  -0.00554  -0.00730
 483     0.200  -41400208.180  9088784   0.00914  -0.00003
 484     0.200  -41400263.556  8561779   0.00629   0.00445
 485     0.200  -41400223.549  8581452   0.00967   0.00274
 486     0.200  -41400196.810  8754773   0.00508   0.00450
 487     0.200  -41400082.553  9868701   0.01365   0.00289
 488     0.200  -41400228.059  8496049  -0.00032   0.00454
 489     0.200  -41400265.364  9859546   0.01002   0.00716
 490     0.200  -41400302.318  9075011  -0.01325   0.00596
 491     0.200  -41399894.985  9047872  -0.01493   0.00381
 492     0.200  -41400189.958  10104746   0.01371  -0.00433
 493     0.200  -41400264.008  9832652  -0.00461  -0.00147
 494     0.200  -41399940.414  9834953  -0.03013   0.00247
 495     0.200  -41400234.248  8014371  -0.00973   0.00615
 496     0.200  -41400116.508  8605404  -0.00802   0.00747
 497     0.200  -41400132.819  10681324   0.01030  -0.00268
 498     0.200  -41400041.044  9548231  -0.01328   0.00052
 499     0.200  -41399905.762  9722970   0.00265  -0.00241
 500     0.200  -41400286.356  9997432  -0.01152  -0.00524
 501     0.200  -41400232.999  8939019  -0.00942   0.00392
 502     0.200  -41400145.547  8872038  -0.01372   0.00222
 503     0.200  -41400103.902  9786656   0.00199   0.00693
 504     0.200  -41400040.931  9999055  -0.01800  -0.00588
 505     0.200  -41400036.031  8805299  -0.01114   0.00437
 506     0.200  -41400165.303  8831693  -0.02129   0.00069
 507     0.200  -41400260.913  8381516   0.00561   0.00455
 508     0.200  -41400023.864  10566965   0.00950  -0.00713
 509     0.200  -41400145.515  10127801  -0.01420  -0.00552
 510     0.200  -41400331.821  9983263   0.00974  -0.00386
 511     0.200  -41399960.674  9518039  -0.01124   0.00657
 512     0.200  -41400012.779  8452982  -0.01237   0.00512
 513     0.200  -41400018.087  10611648  -0.00264   0.00317
 514     0.200  -41399933.677  8680199  -0.00257   0.00462
 515     0.200  -41400006.953  9683958  -0.00276   0.00360
 516     0.200  -41399792.175  11299215   0.01184  -0.00394
 517     0.200  -41399948.774  8588252   0.00441   0.00659
 518     0.200  -41400095.170  9296697  -0.00839  -0.00272
 519     0.200  -41399934.245  12047529   0.00025  -0.00730
 520     0.200  -41400280.074  7747191   0.00170   0.00885
 521     0.200  -41399998.621  9932590  -0.00070   0.00300
 522     0.200  -41400220.765  8354330  -0.00382   0.00439
 523     0.200  -41400207.168  10472625   0.01001  -0.00235
 524     0.200  -41400253.702  10304433   0.01427   0.00104
 525     0.200  -41400128.205  8258021  -0.00256   0.00323
 526     0.200  -41400095.173  9124542   0.00687   0.00318
 527     0.200  -41399757.279  9292714  -0.00262   0.00302
 528     0.200  -41400250.507  10587964   0.01167  -0.00578
 529     0.200  -41400292.399  9868766   0.01484  -0.00358
 530     0.200  -41400385.680  8331389   0.01872   0.00722
 531     0.200  -41400049.586  11704995   0.00438  -0.00700
 532     0.200  -41400370.930  8056166   0.00236   0.00641
 533     0.200  -41400068.681  10666627   0.01193  -0.00662
 534     0.200  -41400013.896  9675285   0.01471  -0.00096
 535     0.200  -41400048.327  10492262  -0.01309   0.00242
 536     0.200  -41400164.577  10335490  -0.00195  -0.00290
 537     0.200  -41400179.490  10196157   0.00043  -0.00288
 538     0.200  -41400470.481  8427648  -0.00307   0.00617
 539     0.200  -41400342.663  8674156   0.00545   0.00433
 540     0.200  -41400122.162  10249914  -0.00918   0.00222
 541     0.200  -41400144.544  11830526  -0.00701  -0.00663
 542     0.200  -41400244.554  8006344  -0.00085   0.00892
 543     0.200  -41400003.229  9995313   0.01298  -0.00190
 544     0.200  -41399797.114  9942469   0.00439   0.00163
 545     0.200  -41399973.994  11310525   0.00815  -0.00431
 546     0.200  -41399894.890  10342392   0.00032   0.00113
 547     0.200  -41400025.343  9971204  -0.00505   0.00405
 548     0.200  -41400351.279  9766613   0.01015   0.00096
 549     0.200  -41400430.120  8728149   0.00082   0.00494
 550     0.200  -41400059.209  8191168  -0.02695   0.00656
 551     0.200  -41400028.525  11054211   0.00239  -0.00260
 552     0.200  -41400497.987  9634621   0.01630  -0.00000
 553     0.200  -41400188.581  9730504   0.01173  -0.00098
 554     0.200  -41400007.529  10936288  -0.01058   0.00075
 555     0.200  -41400132.220  11839403  -0.00448  -0.01181
 556     0.200  -41399958.397  10414081   0.01082   0.00254
 557     0.200  -41400219.889  8788541   0.00534   0.00188
 558     0.200  -41400494.158  8809461   0.00121   0.00340
 559     0.200  -41400354.370  8636697  -0.01517   0.00743
 560     0.200  -41400096.404  11289260   0.00536  -0.00512
 561     0.200  -41399886.934  10784744   0.00805  -0.00758
 562     0.200  -41400087.712  10703911  -0.00995  -0.00244
 563     0.200  -41400259.288  10447287   0.00936  -0.00797
 564     0.200  -41399965.601  9044849   0.00308   0.00261
 565     0.200  -41400045.856  8734750  -0.01441   0.00133
 566     0.200  -41399991.429  9004265  -0.01268   0.00135
 567     0.200  -41400123.790  9382462   0.01005  -0.00142
 568     0.200  -41400155.301  8394738  -0.00380   0.00937
 569     0.200  -41400298.688  8623533   0.00728   0.00700
 570     0.200  -41400290.425  12653851   0.02459  -0.01367
 571     0.200  -41400107.148  9485919  -0.00753   0.00484
 572     0.200  -41400235.714  7864102  -0.00447   0.00661
 573     0.200  -41399935.210  10412086  -0.01320  -0.00077
 574     0.200  -41400336.372  8018121  -0.02436   0.00636
 575     0.200  -41400237.165  11449321  -0.00480  -0.00958
 576     0.200  -41400292.040  8446723  -0.00761   0.00241
 577     0.200  -41399984.809  10614847  -0.00551  -0.00982
 578     0.200  -41399911.546  9111550   0.00000   0.00426
 579     0.200  -41400234.710  10152900  -0.00813   0.00209
 580     0.200  -41400353.534  9863322  -0.00297   0.00443
 581     0.200  -41399736.949  10955920  -0.02167  -0.00797
 582     0.200  -41400136.798  9084495  -0.00245   0.00310
 583     0.200  -41400288.437  8162408   0.00062   0.00591
 584     0.200  -41400079.892  8460984   0.00829   0.00523
 585     0.200  -41400259.736  9995139   0.01219  -0.00280
 586     0.200  -41400353.749  9707771   0.02407  -0.00082
 587     0.200  -41399881.788  10575282  -0.00207  -0.00414
 588     0.200  -41399867.140  11898646  -0.00417  -0.00726
 589     0.200  -41399975.033  10839404   0.00208  -0.00576
 590     0.200  -41400223.200  9940223   0.00545  -0.00222
 591     0.200  -41400278.676  8395146   0.01533   0.00501
 592     0.200  -41400103.294  9586143   0.01747   0.00371
 593     0.200  -41400069.357  10418767   0.01743  -0.00500
 594     0.200  -41400136.094  11069058   0.00399  -0.00831
 595     0.200  -41400127.536  10220207  -0.00244  -0.00163
 596     0.200  -41400142.214  10529516  -0.00833  -0.00216
 597     0.200  -41400069.158  11451269   0.00457  -0.00603
 598     0.200  -41400028.577  9642535   0.00979  -0.00116
 599     0.200  -41399755.463  8749481  -0.00409   0.00488
 600     0.200  -41400310.089  9424054   0.00264   0.00420
 601     0.200  -41400091.035  10164399   0.00504  -0.00252
 602     0.200  -41399771.903  11496512  -0.00749  -0.00408
 603     0.200  -41400377.453  7601839  -0.00162   0.00876
 604     0.200  -41400195.364  8398810  -0.00180   0.00757
 605     0.200  -41400080.733  11046964   0.01965  -0.01179
 606     0.200  -41400213.805  7963464   0.00758   0.00706
 607     0.200  -41400213.035  9638713  -0.00499   0.00410
 608     0.200  -41400037.490  9720967   0.00467   0.00602
 609     0.200  -41399925.645  10725985  -0.00392   0.00010
 610     0.200  -41400034.473  9431932   0.00241   0.00501
 611     0.200  -41400056.375  10340968   0.00171   0.00437
 612     0.200  -41399756.014  10969635  -0.00417  -0.00029
 613     0.200  -41400018.455  11344673  -0.00506  -0.01087
 614     0.200  -41400250.157  9148400  -0.00498  -0.00003
 615     0.200  -41400112.216  10731461   0.01265   0.00365
 616     0.200  -41400070.641  9074536   0.00688   0.00088
 617     0.200  -41400206.297  9325930  -0.00788   0.00176
 618     0.200  -41400170.189  9360848   0.02211  -0.00075
 619     0.200  -41399867.247  10725276  -0.00060   0.00259
 620     0.200  -41400255.791  11366257  -0.00203  -0.00671
 621     0.200  -41400395.256  10073116  -0.00617  -0.00448
 622     0.200  -41400054.443  10468839   0.00111  -0.00241
 623     0.200  -41399820.197  10820379  -0.00172  -0.01060
 624     0.200  -41400021.443  8884951  -0.01471   0.00462
 625     0.200  -41400312.910  8920375   0.00478   0.00292
 626     0.200  -41400433.415  9206306   0.00168   0.00630
 627     0.200  -41400317.134  9583522   0.00512  -0.00206
 628     0.200  -41400048.272  10074730  -0.00774   0.00245
 629     0.200  -41400370.457  9401371  -0.00377   0.00070
 630     0.200  -41399865.325  11639388   0.01459  -0.00484
 631     0.200  -41399945.811  9091007  -0.00517   0.00192
 632     0.200  -41399696.288  10942361  -0.01279  -0.01140
 633     0.200  -41399721.732  10759229  -0.00949  -0.00321
 634     0.200  -41400418.046  8310980  -0.00504   0.00486
 635     0.200  -41399897.251  11266242   0.00107  -0.00918
 636     0.200  -41400199.967  9277750   0.00279  -0.00210
 637     0.200  -41400296.436  10171185   0.01001  -0.00612
 638     0.200  -41400325.351  9372441   0.00249  -0.00073
 639     0.200  -41400173.403  10109040  -0.00315   0.00313
 640     0.200  -41400186.928  8391972  -0.00066   0.00793
 641     0.200  -41400174.880  9737616  -0.00892  -0.00494
 642     0.200  -41400250.021  10040779   0.00205  -0.00439
 643     0.200  -41400206.161  10621636  -0.01320  -0.00935
 644     0.200  -41400136.555  9320614   0.00517   0.00250
 645     0.200  -41400227.371  8687733   0.00435   0.00558
 646     0.200  -41400043.601  9302836   0.00748   0.00007
 647     0.200  -41400094.530  9542621   0.00354  -0.00025
 648     0.200  -41400252.256  8794660  -0.01420   0.00505
 649     0.200  -41400326.921  9770561   0.00131  -0.00104
 650     0.200  -41400214.103  8370403  -0.00145   0.00513
 651     0.200  -41400121.229  10418566  -0.00439  -0.00038
 652     0.200  -41400115.103  10170590  -0.00818   0.00306
 653     0.200  -41399715.753  12744817  -0.00880  -0.01149
 654     0.200  -41400126.978  9017510   0.00500   0.00347
 655     0.200  -41400107.375  11280771   0.01196  -0.00579
 656     0.200  -41400475.699  8512544   0.00965   0.00582
 657     0.200  -41399972.895  9054248  -0.00467   0.00508
 658     0.200  -41400236.990  8420289   0.00572   0.00774
 659     0.200  -41400168.874  8567447  -0.00502   0.00333
 660     0.200  -41399844.380  11467073  -0.00513  -0.00930
 661     0.200  -41399699.999  9960891  -0.02101   0.00361
 662     0.200  -41399945.524  9134737  -0.00639   0.00466
 663     0.200  -41400162.799  9155083   0.00594   0.00510
 664     0.200  -41400140.436  9008866   0.00252   0.00088
 665     0.200  -41400241.743  9435579  -0.01389   0.00262
 666     0.200  -41399851.799  10957854  -0.00764  -0.01139
 667     0.200  -41399844.145  10003546   0.00332  -0.00119
 668     0.200  -41399813.150  9637869  -0.01116  -0.00206
 669     0.200  -41400244.314  9156311   0.01835   0.00091
 670     0.200  -41400157.098  9192335  -0.00307   0.00443
 671     0.200  -41399742.376  10928723  -0.00838  -0.01174
 672     0.200  -41400024.424  10804611   0.00699  -0.00175
 673     0.200  -41400141.277  9653820   0.00954   0.00355
 674     0.200  -41400104.945  12182748  -0.00528  -0.00731
 675     0.200  -41400206.533  8500437  -0.00502   0.00550
 676     0.200  -41400043.715  8337762   0.00175   0.00422
 677     0.200  -41400266.063  9607322  -0.01469  -0.00340
 678     0.200  -41399985.450  9496000  -0.00742   0.00382
 679     0.200  -41400138.981  9889390  -0.00740  -0.00133
 680     0.200  -41400077.258  8259233   0.00122   0.00699
 681     0.200  -41400002.960  9410516  -0.00597  -0.00176
 682     0.200  -41400213.879  9687060   0.00571   0.00093
 683     0.200  -41400189.560  9352039   0.01393   0.00144
 684     0.200  -41400013.861  9807228  -0.00915  -0.00126
 685     0.200  -41399913.970  10833949   0.00477   0.00291
 686     0.200  -41400127.824  9651537  -0.00342   0.00056
 687     0.200  -41400196.870  10458862   0.00495  -0.00579
 688     0.200  -41400206.546  10609835  -0.00662  -0.00643
 689     0.200  -41400147.879  11444307   0.00858  -0.01133
 690     0.200  -41400223.401  7840572  -0.01833   0.00752
 691     0.200  -41399805.475  11408604  -0.00039  -0.00746
 692     0.200  -41399993.260  10523028  -0.02578   0.00073
 693     0.200  -41400182.888  9852959   0.01846   0.00365
 694     0.200  -41399955.073  9961443  -0.01377   0.00293
 695     0.200  -41399981.089  9037863   0.01123   0.00142
 696     0.200  -41399961.081  9557461  -0.01368   0.00194
 697     0.200  -41400097.631  11165715   0.00573  -0.00342
 698     0.200  -41400377.917  7954860   0.00363   0.00894
 699     0.200  -41400245.495  8450393  -0.00890   0.00537
 700     0.200  -41400105.782  9987034  -0.00750  -0.00230
 701     0.200  -41400040.657  10886409   0.00820  -0.00631
 702     0.200  -41399921.261  10419903  -0.00276  -0.00078
 703     0.200  -41399915.439  10199704   0.00434   0.00139
 704     0.200  -41399970.336  10717446  -0.00450  -0.00712
 705     0.200  -41400287.554  8916576   0.00455   0.00184
 706     0.200  -41400067.215  9124008   0.00156   0.00681
 707     0.200  -41400093.531  10359286  -0.00164   0.00256
 708     0.200  -41400143.202  8652499  -0.00645   0.00618
 709     0.200  -41400414.043  8476367   0.00031   0.00402
 710     0.200  -41399811.185  10671969  -0.01222   0.00262
 711     0.200  -41400257.030  9059565   0.00385   0.00027
 712     0.200  -41400245.294  9960016   0.00716  -0.00251
 713     0.200  -41399851.778  10150500  -0.01225   0.00510
 714     0.200  -41399605.287  8344687  -0.00755   0.00501
 715     0.200  -41400379.030  8455418   0.01428   0.00473
 716     0.200  -41400433.748  11035171   0.01307  -0.00816
 717     0.200  -41400063.617  9814072   0.00016  -0.00143
 718     0.200  -41400176.799  10141159   0.00703  -0.00127
 719     0.200  -41400228.528  10275219  -0.00207  -0.00300
 720     0.200  -41400171.445  9109199   0.00878   0.00132
 721     0.200  -41399952.719  11103316   0.00992   0.00208
 722     0.200  -41400493.423  8900383   0.00594   0.00518
 723     0.200  -41400104.911  8907497  -0.00218   0.00590
 724     0.200  -41400002.562  9140841  -0.01795  -0.00053
 725     0.200  -41399862.061  10663406  -0.00022  -0.00581
 726     0.200  -41399923.219  11898483  -0.01358  -0.00620
 727     0.200  -41399932.413  9802101  -0.00687   0.00640
 728     0.200  -41400219.416  8529887   0.00816   0.00260
 729     0.200  -41399984.309  10892573   0.01844  -0.00931
 730     0.200  -41399989.018  8038386  -0.00061   0.00642
 731     0.200  -41400386.272  13067656   0.00411  -0.01412
 732     0.200  -41400313.171  10231237  -0.00564   0.00309
 733     0.200  -41400186.556  9312678   0.00598   0.00289
 734     0.200  -41399936.492  11509499   0.00772  -0.00302
 735     0.200  -41400335.324  9080352   0.01011   0.00396
 736     0.200  -41400000.570  10776319   0.00022   0.00044
 737     0.200  -41399808.060  11026648  -0.01243  -0.00969
 738     0.200  -41400220.722  9023714  -0.00609   0.00685
 739     0.200  -41400401.410  7876969  -0.00127   0.00707
 740     0.200  -41399930.329  12507219  -0.01254  -0.01352
 741     0.200  -41400261.515  10452144   0.00629  -0.00121
 742     0.200  -41400010.656  11399708   0.01030  -0.01038
 743     0.200  -41399947.982  11199333  -0.00643  -0.00209
 744     0.200  -41399995.688  9640596   0.00884  -0.00136
 745     0.200  -41400009.424  9464847   0.00123  -0.00074
 746     0.200  -41399959.659  10274634  -0.01030  -0.00012
 747     0.200  -41400171.645  8916994   0.01278   0.00350
 748     0.200  -41400233.971  9950334  -0.01905  -0.00542
 749     0.200  -41400086.783  10015910  -0.01477  -0.00536
 750     0.200  -41399934.305  10323898  -0.01754  -0.00747
 751     0.200  -41400150.532  9290134  -0.01106   0.00767
 752     0.200  -41400135.359  12296926  -0.00374  -0.00875
 753     0.200  -41400136.581  11111833  -0.00224  -0.00411
 754     0.200  -41400185.717  9240204  -0.00548   0.00002
 755     0.200  -41400289.751  8674750   0.00940   0.00580
 756     0.200  -41400087.810  10304333  -0.02026  -0.00374
 757     0.200  -41400563.412  7418029  -0.01857   0.00902
 758     0.200  -41400036.316  10787010  -0.00125  -0.00077
 759     0.200  -41400346.063  8403619   0.00344   0.00491
 760     0.200  -41400016.030  10221222  -0.00343  -0.00779
 761     0.200  -41400209.868  8128951   0.00183   0.00651
 762     0.200  -41400198.906  9438967  -0.00120   0.00057
 763     0.200  -41399874.455  9862173  -0.00978  -0.00146
 764     0.200  -41400077.850  9770702  -0.00030   0.00017
 765     0.200  -41400142.881  8554799   0.01410   0.00415
 766     0.200  -41400343.871  8062672  -0.00909   0.00607
 767     0.200  -41399874.550  10236425  -0.00082   0.00211
 768     0.200  -41400297.405  10637987   0.01644  -0.00583
 769     0.200  -41400018.746  9689237  -0.00189   0.00022
 770     0.200  -41400292.898  8745451  -0.01001   0.00369
 771     0.200  -41400139.151  10519636   0.00797  -0.00301
 772     0.200  -41400426.894  8404004  -0.00124   0.00681
 773     0.200  -41400126.797  8465703   0.00865   0.00406
 774     0.200  -41400008.627  10490923   0.00975  -0.00354
 775     0.200  -41400155.712  10425849  -0.00437  -0.00480
 776     0.200  -41399931.485  11759519  -0.00763  -0.00534
 777     0.200  -41400166.489  9081151   0.00275   0.00419
 778     0.200  -41399925.574  10431523   0.00204   0.00243
 779     0.200  -41400513.177  8882266   0.01318   0.00391
 780     0.200  -41400213.806  8727025   0.00790   0.00054
 781     0.200  -41399754.645  12603163  -0.00309  -0.00949
 782     0.200  -41400106.232  9597195  -0.00707  -0.00087
 783     0.200  -41399954.503  8292078  -0.01466   0.00808
 784     0.200  -41400388.636  8684992   0.00403   0.00480
 785     0.200  -41399683.475  11443492  -0.01016  -0.00576
 786     0.200  -41400026.929  10391259   0.00859  -0.00415
 787     0.200  -41400209.430  8020555  -0.00509   0.00680
 788     0.200  -41400240.147  8537672  -0.01071   0.00651
 789     0.200  -41399979.516  11996423  -0.00885  -0.00635
 790     0.200  -41400312.487  9061566  -0.00505   0.00318
 791     0.200  -41400125.101  10399204  -0.00577  -0.00467
 792     0.200  -41400386.271  8697715  -0.01030   0.00362
 793     0.200  -41399828.070  8787137   0.00931   0.00576
 794     0.200  -41400319.121  8886559  -0.01093  -0.00024
 795     0.200  -41400359.205  8252644  -0.00252   0.00500
 796     0.200  -41400140.934  10690951   0.00196  -0.00564
 797     0.200  -41400236.009  8969905  -0.00734   0.00247
 798     0.200  -41400492.526  9453617   0.00562   0.00202
 799     0.200  -41400375.611  9975555  -0.00018  -0.00550
 800     0.200  -41400189.383  10331807   0.01635   0.00459
 801     0.200  -41400301.899  8504911   0.00096   0.00483
 802     0.200  -41400037.530  10460052  -0.01874  -0.00878
 803     0.200  -41399932.533  8901924  -0.00169   0.00048
 804     0.200  -41400329.553  8855376   0.01586   0.00357
 805     0.200  -41400161.032  10683851  -0.01317  -0.00652
 806     0.200  -41400115.860  10334902  -0.00131   0.00182
 807     0.200  -41400149.218  8377359  -0.00088   0.00472
 808     0.200  -41400068.803  9440121  -0.00920   0.00543
 809     0.200  -41399643.353  12656098  -0.01029  -0.01376
 810     0.200  -41400114.281  9025392   0.00454   0.00044
 811     0.200  -41400032.205  8774533  -0.00851   0.00454
 812     0.200  -41400151.672  10283573   0.00343  -0.00276
 813     0.200  -41400109.830  11102659  -0.00633  -0.00327
 814     0.200  -41400181.164  8787298  -0.00711   0.00071
 815     0.200  -41400153.117  10240866   0.00207  -0.00278
 816     0.200  -41400001.349  9908326   0.01598   0.00223
 817     0.200  -41400312.386  10243075  -0.00410   0.00336
 818     0.200  -41400224.316  9370296  -0.00160   0.00004
 819     0.200  -41399828.731  11374336  -0.00284  -0.00770
 820     0.200  -41400189.467  11417773  -0.00774  -0.00925
 821     0.200  -41400027.842  9695533  -0.00786  -0.00229
 822     0.200  -41399941.804  11322143   0.00698  -0.00642
 823     0.200  -41400105.229  10405317   0.00077   0.00090
 824     0.200  -41400347.940  7894227  -0.01712   0.00624
 825     0.200  -41400139.061  8683979   0.00478   0.00364
 826     0.200  -41399602.331  10533995  -0.00709  -0.00808
 827     0.200  -41400027.774  9946786   0.00170   0.00424
 828     0.200  -41400095.498  12867764   0.01608  -0.01113
 829     0.200  -41399807.910  11841021   0.00837  -0.00432
 830     0.200  -41400050.913  9624285  -0.00770   0.00134
 831     0.200  -41400102.413  10703010  -0.00396  -0.00895
 832     0.200  -41400165.886  8615058  -0.00038   0.00246
 833     0.200  -41400042.700  10928255  -0.00028  -0.00961
 834     0.200  -41400154.423  9617874  -0.01129  -0.00258
 835     0.200  -41400115.343  10235833   0.01045  -0.00353
 836     0.200  -41400224.612  11243657  -0.01048  -0.00393
 837     0.200  -41400018.146  9149310   0.00827   0.00449
 838     0.200  -41400136.723  9450138  -0.00703  -0.00202
 839     0.200  -41400067.260  9967632   0.01448   0.00587
 840     0.200  -41400420.339  8368612   0.00412   0.00345
 841     0.200  -41399952.936  13065040   0.00132  -0.01150
 842     0.200  -41399929.697  8867612  -0.00085   0.00248
 843     0.200  -41399953.351  9054305  -0.00180   0.00011
 844     0.200  -41400053.917  9589641   0.01181   0.00265
 845     0.200  -41400080.761  8988239  -0.00172   0.00324
 846     0.200  -41400022.184  11134714   0.00861  -0.00306
 847     0.200  -41399952.550  11751714   0.00369  -0.01025
 848     0.200  -41400258.154  8912434   0.00289   0.00374
 849     0.200  -41400000.620  10719698  -0.00169   0.00125
 850     0.200  -41399745.765  11982162   0.01784  -0.00376
 851     0.200  -41400303.600  9803935   0.00987  -0.00162
 852     0.200  -41400109.790  11461416   0.00938  -0.00333
 853     0.200  -41399988.771  10004209  -0.00666  -0.00115
 854     0.200  -41400234.789  8480497  -0.00323   0.00345
 855     0.200  -41400099.508  10500948   0.01453   0.00201
 856     0.200  -41400125.402  9917031   0.00270   0.00388
 857     0.200  -41400229.733  9261370  -0.01146   0.00119
 858     0.200  -41400015.477  9327216   0.00604  -0.00255
 859     0.200  -41400093.486  11923804   0.00413  -0.00566
 860     0.200  -41399863.284  10311461  -0.00640  -0.00100
 861     0.200  -41399991.854  8554335  -0.00862   0.00624
 862     0.200  -41400151.017  10915643  -0.00134  -0.00998
 863     0.200  -41399899.771  12087821   0.00479  -0.00687
 864     0.200  -41400217.926  8781210   0.00491   0.00436
 865     0.200  -41400112.290  9163796  -0.00063   0.00136
 866     0.200  -41400235.405  9177738   0.01330   0.00341
 867     0.200  -41400224.345  8130888  -0.00464   0.00661
 868     0.200  -41399884.721  10717607   0.01346  -0.00369
 869     0.200  -41400135.952  9473521   0.00151   0.00522
 870     0.200  -41400261.768  9040023  -0.00084   0.00220
 871     0.200  -41399976.379  11300487   0.00177  -0.00221
 872     0.200  -41400089.168  10054387   0.01691   0.00116
 873     0.200  -41400469.660  9043045   0.00914   0.00516
 874     0.200  -41400184.153  9435253   0.00112   0.00551
 875     0.200  -41399798.732  8847454   0.00005   0.00227
 876     0.200  -41399998.657  10197046  -0.00753  -0.00202
 877     0.200  -41400435.514  8526343   0.01490   0.00576
 878     0.200  -41399873.719  10184213  -0.02113  -0.00685
 879     0.200  -41400221.838  10038522   0.00111  -0.00186
 880     0.200  -41400356.181  9586725   0.00500  -0.00294
 881     0.200  -41400162.651  8145550  -0.01182   0.00549
 882     0.200  -41399933.382  8913295  -0.00392   0.00302
 883     0.200  -41399914.750  9199930   0.00071  -0.00006
 884     0.200  -41400252.774  8716944   0.00336   0.00186
 885     0.200  -41400049.969  10366669   0.00747   0.00023
 886     0.200  -41400118.857  9996507   0.00066   0.00345
 887     0.200  -41399903.330  9925364  -0.01249   0.00229
 888     0.200  -41400085.982  10423231   0.02235  -0.00228
 889     0.200  -41399971.910  11208224  -0.00100  -0.00323
 890     0.200  -41400158.637  9259623  -0.01198   0.00389
 891     0.200  -41399654.389  10640372  -0.02918   0.00398
 892     0.200  -41400071.919  10015773  -0.00955   0.00537
 893     0.200  -41400029.415  8155912   0.00320   0.00655
 894     0.200  -41400230.328  9177080   0.00498  -0.00102
 895     0.200  -41400033.014  8365009  -0.00456   0.00485
 896     0.200  -41400191.710  10590667   0.00411   0.00231
 897     0.200  -41400085.528  10268258  -0.00448  -0.00219
 898     0.200  -41400064.868  10676049  -0.00353  -0.00566
 899     0.200  -41399952.322  9861753  -0.00643  -0.00012
 900     0.200  -41400129.180  9621869  -0.00426   0.00280
 901     0.200  -41400117.992  9283389  -0.01600   0.00049
 902     0.200  -41399972.829  9120279  -0.00651   0.00091
 903     0.200  -41400452.883  8705439  -0.00809   0.00796
 904     0.200  -41400155.602  9181417   0.00920   0.00264
 905     0.200  -41399907.612  9720273  -0.00755   0.00192
 906     0.200  -41399882.229  8891803  -0.00427   0.00278
 907     0.200  -41400017.506  10968253   0.00587  -0.00773
 908     0.200  -41400427.153  8951012   0.00280   0.00274
 909     0.200  -41400196.843  9458729  -0.00258   0.00145
 910     0.200  -41400165.595  11604339   0.00231  -0.01160
 911     0.200  -41399914.090  10131700  -0.02036   0.00359
 912     0.200  -41400062.261  13043898  -0.00685  -0.01261
 913     0.200  -41400202.665  9067468  -0.01208   0.00209
 914     0.200  -41400222.833  9270311  -0.00045   0.00347
 915     0.200  -41400383.625  8244606   0.01114   0.00833
 916     0.200  -41400095.643  9766886  -0.00524  -0.00207
 917     0.200  -41400088.420  8424998   0.01709   0.00435
 918     0.200  -41400117.766  8982932  -0.00380   0.00068
 919     0.200  -41400179.922  10946205   0.01501  -0.00823
 920     0.200  -41400104.078  10071821  -0.00550   0.00175
 921     0.200  -41399869.411  11614366  -0.00126  -0.01108
 922     0.200  -41400104.248  7973735  -0.00875   0.00940
 923     0.200  -41400190.667  8492413   0.00433   0.00619
 924     0.200  -41400247.293  9326467   0.00448  -0.00054
 925     0.200  -41400250.636  8652940   0.01095   0.00538
 926     0.200  -41400186.697  8947815   0.00983   0.00245
 927     0.200  -41400162.187  8810252  -0.01205   0.00714
 928     0.200  -41400023.210  8657730   0.00129   0.00323
 929     0.200  -41400173.579  11666917   0.00864  -0.00378
 930     0.200  -41400240.126  10439470  -0.00243   0.00041
 931     0.200  -41400072.862  10487247  -0.00414   0.00424
 932     0.200  -41399758.521  11951139   0.00423  -0.01214
 933     0.200  -41399980.786  11357329   0.00174  -0.01098
 934     0.200  -41400082.367  9024991  -0.01299   0.00041
 935     0.200  -41400257.469  8769918   0.00866   0.00576
 936     0.200  -41399688.820  12465324  -0.01103  -0.00930
 937     0.200  -41399978.796  8199515  -0.00403   0.00630
 938     0.200  -41400218.807  9341822   0.01536   0.00178
 939     0.200  -41400180.572  9139615   0.00013   0.00418
 940     0.200  -41400281.559  8735068  -0.00126   0.00466
 941     0.200  -41400206.651  10354452  -0.00849  -0.00102
 942     0.200  -41399841.651  10516851  -0.02016   0.00429
 943     0.200  -41400094.033  10164107   0.00138   0.00487
 944     0.200  -41400309.765  11502918   0.00073  -0.00675
 945     0.200  -41400121.184  9159909   0.01501   0.00472
 946     0.200  -41399991.790  12181142   0.00064  -0.01007
 947     0.200  -41400211.225  8624690   0.00738   0.00739
 948     0.200  -41400301.565  9227257  -0.00228   0.00440
 949     0.200  -41400045.046  10995491   0.02803  -0.00527
 950     0.200  -41399914.811  10842576  -0.00849  -0.00376
 951     0.200  -41400194.721  8326980  -0.00477   0.00237
 952     0.200  -41400089.830  10477484  -0.00251   0.00151
 953     0.200  -41399694.803  8179246   0.00318   0.00603
 954     0.200  -41399948.592  11282321   0.01288  -0.01407
 955     0.200  -41399897.625  8764879   0.00135   0.00209
 956     0.200  -41400320.786  9328681   0.00858   0.00358
 957     0.200  -41400076.091  10821092   0.00508  -0.00137
 958     0.200  -41399974.858  10598833   0.00936  -0.00382
 959     0.200  -41399955.970  9474655   0.01563  -0.00171
 960     0.200  -41399899.977  11878514   0.00229  -0.01003
 961     0.200  -41399800.010  10799753  -0.02270  -0.00812
 962     0.200  -41399967.266  9579133  -0.02123  -0.00529
 963     0.200  -41399888.818  10123346   0.00759  -0.00347
 964     0.200  -41400442.854  8562833  -0.00480   0.00471
 965     0.200  -41399972.988  10930305  -0.00954  -0.01064
 966     0.200  -41399825.223  10862732  -0.00760  -0.01055
 967     0.200  -41400263.407  8796155   0.02173   0.00430
 968     0.200  -41400210.557  9340803  -0.00040   0.00662
 969     0.200  -41400280.972  8329049   0.00725   0.00611
 970     0.200  -41400022.657  8932277  -0.00712   0.00078
 971     0.200  -41400049.866  10386248   0.00115  -0.00710
 972     0.200  -41399894.651  10801529   0.00889  -0.00019
 973     0.200  -41399979.526  8827310   0.00613  -0.00002
 974     0.200  -41400194.660  11735938   0.00916  -0.00398
 975     0.200  -41400277.209  8513601  -0.00750   0.00300
 976     0.200  -41400148.466  10141837   0.00580   0.00550
 977     0.200  -41400030.115  8376988   0.00321   0.00579
 978     0.200  -41400278.356  10280816   0.00786   0.00209
 979     0.200  -41399969.500  10569096   0.00282  -0.00447
 980     0.200  -41399876.597  11759453   0.00096  -0.01044
 981     0.200  -41399785.497  9796911  -0.00299  -0.00167
 982     0.200  -41400324.539  9437467  -0.00182   0.00079
 983     0.200  -41400151.147  9980859  -0.00791  -0.00657
 984     0.200  -41399873.042  10729843  -0.00234  -0.00093
 985     0.200  -41399813.838  10717398   0.01299   0.00073
 986     0.200  -41400306.691  10273584  -0.01063   0.00029
 987     0.200  -41399758.593  11505179  -0.00905  -0.01159
 988     0.200  -41399928.092  10679535   0.00103  -0.00770
 989     0.200  -41400162.885  12068079   0.01170  -0.00817
 990     0.200  -41399772.103  10345383   0.00862   0.00282
 991     0.200  -41400247.377  10319562  -0.00981   0.00143
 992     0.200  -41400039.683  11385172   0.00581  -0.00811
 993     0.200  -41400070.524  9864271   0.00407  -0.00051
 994     0.200  -41399957.612  10840156  -0.01900  -0.00246
 995     0.200  -41399888.380  10107948   0.00638   0.00013
 996     0.200  -41399938.886  8776554  -0.00306   0.00496
 997     0.200  -41400349.734  8720865  -0.00748   0.00420
 998     0.200  -41400131.949  9388735   0.00576   0.00101
 999     0.200  -41400100.325  8641146  -0.00182   0.00374
1000     0.200  -41399813.162  10945556  -0.00005  -0.00177
