
Sliding windows analysis - rho for total gene = 0.00001 per bp/kb

SNP_L	 SNP_R	 #SNPs	4Ner/bp/kb	 CLR	  Tajima's D

     27.00	    273.00	   9	   0.00000	    312.08	     2.060
    330.00	    595.00	  10	   0.00000	    350.00	    -0.245
    595.00	    871.00	   7	   0.00000	    436.34	     1.858
    899.00	   1186.00	  16	   0.00000	    616.49	     1.518
   1234.00	   1435.00	  11	   0.00000	    653.14	    -1.028
   1498.00	   1772.00	   6	   0.00000	    782.11	     0.661
   1835.00	   2040.00	   7	   0.00000	    858.36	    -0.170
   2142.00	   2365.00	  20	   0.00000	    974.73	    -0.644
   2396.00	   2621.00	  13	   0.00000	   1047.38	     0.353
   2686.00	   2970.00	  11	   0.00000	   1407.13	     2.211
   2970.00	   3246.00	  13	   0.00000	   1277.75	     0.830
   3277.00	   3566.00	  14	   0.00000	   1498.43	     0.424
   3564.00	   3806.00	  12	   0.00000	   1486.37	    -0.054
   3872.00	   4158.00	  12	   0.00000	   1726.92	     0.654
   4158.00	   4440.00	   8	   0.00000	   1849.31	    -1.783
   4468.00	   4745.00	   9	   0.00000	   1813.15	    -1.332
   4756.00	   4936.00	   7	   0.00000	   1931.16	     1.684
   5055.00	   5290.00	  10	   0.00000	   2075.64	    -0.517
   5434.00	   5553.00	   5	   0.00000	   2059.84	     1.259
   5669.00	   5942.00	  10	   0.00000	   2091.07	     0.440
   5940.00	   6223.00	  16	   0.00000	   2147.59	    -0.923
   6297.00	   6533.00	  11	   0.00000	   2100.51	     0.206
   6599.00	   6811.00	  11	   0.00000	   2224.17	     1.146
   6835.00	   7108.00	  15	   0.00000	   2244.10	    -0.827
   7131.00	   7347.00	  15	   0.00000	   2321.19	    -0.785
   7453.00	   7723.00	  13	   0.00000	   2348.81	    -0.534
   7723.00	   7966.00	   9	   0.00000	   2335.81	     0.392
   8026.00	   8293.00	  11	   0.00000	   2333.04	    -0.189
   8373.00	   8584.00	   8	   0.00000	   2436.97	     0.044
   8669.00	   8901.00	   7	   0.00000	   2485.59	     0.623
   8947.00	   9182.00	  14	   0.00000	   2480.38	    -0.338
   9240.00	   9439.00	   9	   0.00000	   2606.75	     0.890
   9518.00	   9778.00	   7	   0.00000	   2663.58	    -0.859
   9878.00	  10084.00	  10	   0.00000	   2696.82	     0.445
  10153.00	  10378.00	  11	   0.00000	   2748.60	    -0.315
  10411.00	  10663.00	  16	   0.00000	   2809.80	     0.758
  10714.00	  10941.00	   7	   0.00000	   2906.01	     1.346
  11017.00	  11281.00	  16	   0.00000	   2949.64	     0.806
  11298.00	  11576.00	  13	   0.00000	   3017.69	     0.257
  11608.00	  11881.00	   5	   0.00000	   3063.51	     0.072
  11881.00	  12165.00	  14	   0.00000	   3074.40	    -1.068
  12205.00	  12442.00	  12	   0.00000	   3119.34	     1.311
  12579.00	  12772.00	   5	   0.00000	   3177.00	     1.478
  12772.00	  13015.00	  13	   0.00000	   3121.88	     1.210
  13085.00	  13284.00	   9	   0.00000	   3214.45	    -0.391
  13371.00	  13642.00	  14	   0.00000	   3188.63	    -0.448
  13681.00	  13880.00	  13	   0.00000	   3194.01	    -0.084
  13980.00	  14242.00	  15	   0.00000	   3191.87	    -1.451
  14280.00	  14528.00	  10	   0.00000	   3178.61	     0.307
  14602.00	  14818.00	  12	   0.00000	   3178.91	     0.871
  14879.00	  15097.00	   3	   0.00000	   3199.99	    -1.277
  15205.00	  15421.00	   7	   0.00000	   3194.18	     0.016
  15465.00	  15727.00	   9	   0.00000	   3147.85	     0.019
  15769.00	  16010.00	   9	   0.00000	   3172.10	    -0.876
  16125.00	  16323.00	  10	   0.00000	   3159.34	     0.878
  16363.00	  16623.00	   8	   0.00000	   3135.96	     0.355
  16652.00	  16929.00	  12	   0.00000	   3124.40	    -0.681
  16929.00	  17210.00	  13	   0.00000	   3122.62	    -0.172
  17267.00	  17363.00	   6	   0.00000	   3138.43	    -1.066
  17546.00	  17797.00	  11	   0.00000	   3081.39	    -0.110
  17880.00	  18091.00	   9	   0.00000	   3056.33	     0.081
  18146.00	  18364.00	  11	   0.00000	   3025.50	    -0.366
  18451.00	  18698.00	  11	   0.00000	   2927.46	     1.323
  18731.00	  19006.00	   8	   0.00000	   2837.75	    -0.907
  19062.00	  19268.00	   6	   0.00000	   2796.51	     0.721
  19384.00	  19584.00	  11	   0.00000	   2695.19	     0.643
  19618.00	  19854.00	  11	   0.00000	   2631.65	     0.112
  19904.00	  20167.00	  12	   0.00000	   2578.54	     1.321
  20201.00	  20465.00	  18	   0.00000	   2327.22	    -0.077
  20497.00	  20780.00	  16	   0.00000	   2181.21	     0.597
  20795.00	  21088.00	  13	   0.00000	   1948.65	    -0.828
  21088.00	  21348.00	   8	   0.00000	   1940.71	     1.188
  21415.00	  21662.00	  18	   0.00000	   1900.60	     0.158
  21710.00	  21974.00	  17	   0.00000	   1845.45	    -0.837
  21988.00	  22261.00	   9	   0.00000	   1708.83	     0.891
  22323.00	  22560.00	  15	   0.00000	   1579.14	     0.196
  22581.00	  22867.00	  12	   0.00000	   1443.42	     0.663
  22890.00	  23168.00	  19	   0.00000	   1190.28	     0.258
  23168.00	  23465.00	  15	   0.00000	   1151.89	     0.109
  23465.00	  23757.00	  11	   0.00000	   1119.19	    -0.674
  23791.00	  24014.00	  14	   0.00000	   1006.40	     0.914
  24086.00	  24330.00	  12	   0.00041	    866.24	     0.525
  24368.00	  24640.00	  10	   0.00037	    737.84	     1.143
  24662.00	  24946.00	  10	   0.00035	    665.67	     0.235
  24951.00	  25237.00	   8	   0.00035	    652.10	    -0.029
  25271.00	  25527.00	   9	   0.00039	    720.86	     1.343
  25545.00	  25668.00	   3	   0.00081	    663.22	     0.230
  25856.00	  26121.00	   7	   0.00038	    624.40	    -0.372
  26186.00	  26418.00	  11	   0.00043	    536.14	    -0.030
  26463.00	  26691.00	  11	   0.00044	    439.38	     0.096
  26735.00	  27025.00	   9	   0.00034	    418.76	    -0.680
  27051.00	  27315.00	   8	   0.00000	    566.21	     1.013
  27343.00	  27594.00	  11	   0.00000	    472.56	     0.822
  27626.00	  27899.00	  11	   0.00000	    461.24	    -0.370
  27933.00	  28167.00	   6	   0.00043	    362.56	     1.914
  28230.00	  28498.00	  12	   0.00037	    233.30	     2.146
  28524.00	  28742.00	   8	   0.00000	    339.62	    -0.058
  28812.00	  29089.00	  16	   0.00000	    193.08	    -0.038
  29133.00	  29397.00	   9	   0.00000	    118.88	    -0.160
  29407.00	  29684.00	  16	   0.00000	    157.25	    -1.440
  29705.00	  29976.00	   9	   0.00000	     96.28	    -0.101
