1085 30000.000 L
27.000
28.000
30.000
113.000
119.000
124.000
141.000
222.000
273.000
330.000
352.000
381.000
419.000
432.000
460.000
462.000
552.000
590.000
595.000
633.000
678.000
709.000
759.000
806.000
871.000
899.000
907.000
924.000
936.000
949.000
951.000
952.000
970.000
1022.000
1058.000
1075.000
1080.000
1106.000
1110.000
1176.000
1186.000
1234.000
1282.000
1300.000
1332.000
1344.000
1345.000
1403.000
1408.000
1410.000
1429.000
1435.000
1498.000
1509.000
1543.000
1752.000
1755.000
1772.000
1835.000
1903.000
1905.000
1934.000
1947.000
1978.000
2040.000
2142.000
2161.000
2181.000
2182.000
2198.000
2199.000
2200.000
2202.000
2236.000
2237.000
2238.000
2248.000
2259.000
2287.000
2289.000
2305.000
2316.000
2352.000
2358.000
2365.000
2396.000
2403.000
2416.000
2454.000
2486.000
2494.000
2496.000
2532.000
2535.000
2577.000
2596.000
2604.000
2621.000
2686.000
2689.000
2691.000
2699.000
2751.000
2863.000
2864.000
2955.000
2957.000
2968.000
2970.000
2981.000
2985.000
2990.000
2995.000
3009.000
3042.000
3116.000
3125.000
3200.000
3207.000
3219.000
3246.000
3277.000
3278.000
3280.000
3284.000
3294.000
3314.000
3373.000
3423.000
3445.000
3454.000
3517.000
3552.000
3564.000
3566.000
3631.000
3635.000
3643.000
3653.000
3671.000
3716.000
3730.000
3777.000
3801.000
3806.000
3872.000
3883.000
3899.000
3921.000
3926.000
3958.000
3963.000
4077.000
4102.000
4111.000
4139.000
4158.000
4167.000
4182.000
4194.000
4215.000
4289.000
4320.000
4440.000
4468.000
4472.000
4473.000
4487.000
4538.000
4595.000
4644.000
4658.000
4745.000
4756.000
4813.000
4843.000
4872.000
4901.000
4912.000
4936.000
5055.000
5108.000
5111.000
5139.000
5166.000
5183.000
5193.000
5234.000
5281.000
5290.000
5434.000
5452.000
5468.000
5549.000
5553.000
5669.000
5713.000
5720.000
5756.000
5778.000
5833.000
5834.000
5860.000
5940.000
5942.000
5950.000
5978.000
5988.000
6040.000
6063.000
6071.000
6102.000
6104.000
6123.000
6145.000
6171.000
6208.000
6219.000
6223.000
6297.000
6299.000
6325.000
6334.000
6401.000
6402.000
6429.000
6439.000
6486.000
6511.000
6533.000
6599.000
6639.000
6651.000
6667.000
6681.000
6686.000
6687.000
6752.000
6758.000
6776.000
6811.000
6835.000
6837.000
6862.000
6923.000
6952.000
6967.000
6987.000
6992.000
6994.000
7008.000
7025.000
7065.000
7075.000
7098.000
7108.000
7131.000
7159.000
7196.000
7211.000
7224.000
7230.000
7238.000
7259.000
7266.000
7279.000
7291.000
7299.000
7309.000
7341.000
7347.000
7453.000
7499.000
7504.000
7523.000
7536.000
7539.000
7541.000
7575.000
7582.000
7588.000
7621.000
7713.000
7723.000
7773.000
7826.000
7831.000
7835.000
7844.000
7846.000
7859.000
7966.000
8026.000
8060.000
8078.000
8101.000
8116.000
8128.000
8185.000
8199.000
8202.000
8276.000
8293.000
8373.000
8419.000
8428.000
8476.000
8480.000
8519.000
8538.000
8584.000
8669.000
8682.000
8709.000
8775.000
8782.000
8880.000
8901.000
8947.000
8959.000
8961.000
8995.000
9002.000
9030.000
9031.000
9097.000
9107.000
9118.000
9140.000
9160.000
9179.000
9182.000
9240.000
9244.000
9270.000
9299.000
9331.000
9344.000
9379.000
9438.000
9439.000
9518.000
9520.000
9545.000
9555.000
9600.000
9616.000
9778.000
9878.000
9881.000
9885.000
9917.000
9962.000
10014.000
10024.000
10031.000
10035.000
10084.000
10153.000
10245.000
10247.000
10277.000
10283.000
10299.000
10309.000
10314.000
10326.000
10330.000
10378.000
10411.000
10413.000
10418.000
10451.000
10452.000
10456.000
10470.000
10475.000
10506.000
10511.000
10555.000
10575.000
10607.000
10617.000
10644.000
10663.000
10714.000
10715.000
10805.000
10867.000
10887.000
10915.000
10941.000
11017.000
11077.000
11104.000
11118.000
11129.000
11137.000
11172.000
11183.000
11185.000
11223.000
11244.000
11259.000
11263.000
11269.000
11280.000
11281.000
11298.000
11337.000
11338.000
11339.000
11381.000
11401.000
11488.000
11514.000
11520.000
11537.000
11549.000
11573.000
11576.000
11608.000
11611.000
11633.000
11684.000
11881.000
11905.000
11906.000
11964.000
11966.000
11969.000
11981.000
12003.000
12023.000
12047.000
12069.000
12131.000
12159.000
12165.000
12205.000
12207.000
12242.000
12278.000
12287.000
12292.000
12312.000
12369.000
12405.000
12410.000
12429.000
12442.000
12579.000
12634.000
12639.000
12690.000
12772.000
12785.000
12816.000
12821.000
12825.000
12856.000
12864.000
12865.000
12866.000
12892.000
12894.000
12940.000
13015.000
13085.000
13094.000
13108.000
13118.000
13125.000
13162.000
13201.000
13270.000
13284.000
13371.000
13376.000
13377.000
13393.000
13402.000
13407.000
13437.000
13441.000
13446.000
13463.000
13530.000
13539.000
13560.000
13642.000
13681.000
13696.000
13715.000
13737.000
13751.000
13754.000
13768.000
13789.000
13796.000
13831.000
13867.000
13873.000
13880.000
13980.000
13990.000
13993.000
14016.000
14062.000
14067.000
14087.000
14103.000
14113.000
14142.000
14145.000
14177.000
14189.000
14231.000
14242.000
14280.000
14298.000
14313.000
14323.000
14332.000
14355.000
14440.000
14483.000
14489.000
14528.000
14602.000
14605.000
14612.000
14624.000
14634.000
14652.000
14663.000
14668.000
14739.000
14765.000
14795.000
14818.000
14879.000
15088.000
15097.000
15205.000
15239.000
15295.000
15378.000
15412.000
15419.000
15421.000
15465.000
15472.000
15486.000
15574.000
15618.000
15637.000
15689.000
15706.000
15727.000
15769.000
15853.000
15906.000
15911.000
15923.000
15941.000
16004.000
16006.000
16010.000
16125.000
16148.000
16154.000
16193.000
16197.000
16200.000
16214.000
16268.000
16305.000
16323.000
16363.000
16419.000
16544.000
16557.000
16564.000
16568.000
16573.000
16623.000
16652.000
16654.000
16719.000
16722.000
16725.000
16741.000
16748.000
16769.000
16776.000
16873.000
16894.000
16929.000
16991.000
17007.000
17011.000
17072.000
17117.000
17119.000
17129.000
17131.000
17141.000
17168.000
17175.000
17210.000
17267.000
17294.000
17296.000
17334.000
17348.000
17363.000
17546.000
17567.000
17584.000
17609.000
17619.000
17646.000
17666.000
17703.000
17719.000
17727.000
17797.000
17880.000
17921.000
17946.000
18008.000
18024.000
18061.000
18067.000
18090.000
18091.000
18146.000
18180.000
18249.000
18254.000
18311.000
18313.000
18323.000
18332.000
18344.000
18351.000
18364.000
18451.000
18513.000
18514.000
18576.000
18600.000
18622.000
18652.000
18680.000
18683.000
18687.000
18698.000
18731.000
18801.000
18803.000
18844.000
18926.000
18950.000
18988.000
19006.000
19062.000
19107.000
19188.000
19199.000
19259.000
19268.000
19384.000
19429.000
19433.000
19442.000
19460.000
19461.000
19475.000
19484.000
19552.000
19581.000
19584.000
19618.000
19627.000
19653.000
19655.000
19660.000
19746.000
19776.000
19796.000
19803.000
19828.000
19854.000
19904.000
19941.000
19953.000
19984.000
19994.000
20042.000
20044.000
20125.000
20126.000
20127.000
20152.000
20167.000
20201.000
20208.000
20233.000
20235.000
20246.000
20269.000
20286.000
20307.000
20310.000
20323.000
20347.000
20357.000
20381.000
20390.000
20402.000
20434.000
20451.000
20465.000
20497.000
20507.000
20508.000
20509.000
20530.000
20533.000
20570.000
20630.000
20714.000
20724.000
20734.000
20738.000
20752.000
20754.000
20760.000
20780.000
20795.000
20798.000
20881.000
20895.000
20939.000
20953.000
20991.000
20993.000
21001.000
21005.000
21018.000
21044.000
21088.000
21160.000
21195.000
21218.000
21239.000
21280.000
21313.000
21348.000
21415.000
21419.000
21424.000
21447.000
21467.000
21482.000
21493.000
21497.000
21520.000
21556.000
21571.000
21584.000
21588.000
21600.000
21610.000
21620.000
21631.000
21662.000
21710.000
21733.000
21765.000
21770.000
21788.000
21813.000
21834.000
21845.000
21877.000
21902.000
21903.000
21913.000
21914.000
21947.000
21950.000
21955.000
21974.000
21988.000
22035.000
22086.000
22109.000
22120.000
22153.000
22182.000
22210.000
22261.000
22323.000
22364.000
22410.000
22415.000
22438.000
22441.000
22458.000
22471.000
22475.000
22517.000
22519.000
22532.000
22542.000
22543.000
22560.000
22581.000
22642.000
22648.000
22649.000
22656.000
22735.000
22761.000
22762.000
22821.000
22830.000
22848.000
22867.000
22890.000
22895.000
22913.000
22992.000
22997.000
23001.000
23003.000
23020.000
23031.000
23038.000
23041.000
23043.000
23045.000
23052.000
23095.000
23132.000
23151.000
23162.000
23168.000
23169.000
23240.000
23248.000
23254.000
23277.000
23299.000
23328.000
23358.000
23371.000
23405.000
23411.000
23429.000
23447.000
23465.000
23481.000
23523.000
23527.000
23534.000
23565.000
23605.000
23626.000
23732.000
23735.000
23757.000
23791.000
23845.000
23872.000
23885.000
23887.000
23893.000
23914.000
23927.000
23933.000
23960.000
23961.000
23970.000
23995.000
24014.000
24086.000
24095.000
24096.000
24153.000
24154.000
24178.000
24182.000
24206.000
24239.000
24295.000
24308.000
24330.000
24368.000
24372.000
24396.000
24399.000
24422.000
24430.000
24520.000
24526.000
24537.000
24640.000
24662.000
24674.000
24747.000
24776.000
24797.000
24850.000
24855.000
24864.000
24883.000
24946.000
24951.000
24972.000
25039.000
25054.000
25105.000
25174.000
25216.000
25237.000
25271.000
25286.000
25322.000
25350.000
25388.000
25463.000
25513.000
25519.000
25527.000
25545.000
25641.000
25668.000
25856.000
25880.000
25920.000
25937.000
26107.000
26116.000
26121.000
26186.000
26209.000
26213.000
26236.000
26261.000
26309.000
26312.000
26371.000
26400.000
26411.000
26418.000
26463.000
26488.000
26503.000
26521.000
26557.000
26570.000
26586.000
26615.000
26635.000
26639.000
26691.000
26735.000
26739.000
26800.000
26819.000
26945.000
26956.000
26971.000
26984.000
27025.000
27051.000
27052.000
27103.000
27108.000
27140.000
27205.000
27249.000
27315.000
27343.000
27344.000
27369.000
27373.000
27387.000
27434.000
27469.000
27476.000
27543.000
27549.000
27594.000
27626.000
27639.000
27677.000
27681.000
27691.000
27692.000
27735.000
27758.000
27786.000
27898.000
27899.000
27933.000
27936.000
27951.000
27976.000
28042.000
28167.000
28230.000
28252.000
28300.000
28328.000
28379.000
28380.000
28395.000
28433.000
28435.000
28447.000
28496.000
28498.000
28524.000
28617.000
28636.000
28677.000
28711.000
28717.000
28731.000
28742.000
28812.000
28814.000
28821.000
28824.000
28871.000
28894.000
28897.000
28923.000
28928.000
28935.000
28967.000
28970.000
28983.000
29073.000
29081.000
29089.000
29133.000
29153.000
29226.000
29263.000
29282.000
29283.000
29285.000
29321.000
29397.000
29407.000
29427.000
29431.000
29447.000
29451.000
29457.000
29472.000
29490.000
29496.000
29563.000
29629.000
29636.000
29639.000
29647.000
29659.000
29684.000
29705.000
29783.000
29798.000
29805.000
29823.000
29835.000
29878.000
29920.000
29976.000
29989.000
