1087 30000.000 L
131.000
223.000
237.000
247.000
252.000
316.000
318.000
506.000
598.000
621.000
684.000
689.000
729.000
764.000
765.000
781.000
812.000
814.000
828.000
833.000
855.000
917.000
944.000
1012.000
1018.000
1021.000
1054.000
1061.000
1064.000
1176.000
1186.000
1266.000
1269.000
1319.000
1320.000
1359.000
1443.000
1508.000
1536.000
1537.000
1551.000
1560.000
1569.000
1590.000
1626.000
1635.000
1675.000
1693.000
1733.000
1766.000
1786.000
1787.000
1810.000
1831.000
1902.000
1917.000
1926.000
1944.000
1955.000
1979.000
1984.000
2045.000
2116.000
2165.000
2185.000
2228.000
2234.000
2311.000
2314.000
2317.000
2379.000
2419.000
2423.000
2440.000
2443.000
2452.000
2464.000
2514.000
2541.000
2579.000
2589.000
2591.000
2634.000
2666.000
2668.000
2700.000
2753.000
2756.000
2846.000
2852.000
2882.000
2891.000
2985.000
2999.000
3017.000
3054.000
3060.000
3064.000
3084.000
3092.000
3093.000
3113.000
3168.000
3203.000
3242.000
3270.000
3304.000
3305.000
3361.000
3397.000
3406.000
3469.000
3493.000
3505.000
3516.000
3600.000
3686.000
3693.000
3703.000
3736.000
3873.000
3883.000
3940.000
4019.000
4025.000
4046.000
4053.000
4054.000
4057.000
4132.000
4155.000
4217.000
4271.000
4381.000
4387.000
4390.000
4392.000
4484.000
4522.000
4556.000
4574.000
4606.000
4648.000
4649.000
4666.000
4681.000
4699.000
4728.000
4736.000
4855.000
4856.000
4877.000
4898.000
4901.000
5085.000
5101.000
5152.000
5188.000
5224.000
5251.000
5295.000
5299.000
5375.000
5399.000
5441.000
5511.000
5536.000
5554.000
5562.000
5613.000
5633.000
5676.000
5687.000
5732.000
5745.000
5774.000
5779.000
5789.000
5935.000
5973.000
5980.000
6009.000
6074.000
6083.000
6084.000
6094.000
6226.000
6251.000
6275.000
6283.000
6307.000
6344.000
6366.000
6385.000
6391.000
6407.000
6409.000
6412.000
6414.000
6552.000
6687.000
6725.000
6735.000
6771.000
6823.000
6866.000
6877.000
6890.000
6912.000
6921.000
6935.000
6965.000
6980.000
6985.000
6987.000
7007.000
7043.000
7077.000
7101.000
7238.000
7253.000
7270.000
7306.000
7335.000
7339.000
7360.000
7372.000
7375.000
7388.000
7416.000
7431.000
7475.000
7478.000
7484.000
7492.000
7600.000
7607.000
7611.000
7648.000
7677.000
7709.000
7736.000
7742.000
7763.000
7778.000
7782.000
7788.000
7797.000
7800.000
7810.000
7813.000
7871.000
7881.000
7887.000
7934.000
7946.000
7949.000
7975.000
7994.000
8069.000
8085.000
8140.000
8163.000
8201.000
8206.000
8221.000
8241.000
8243.000
8290.000
8320.000
8330.000
8343.000
8433.000
8477.000
8510.000
8541.000
8546.000
8555.000
8566.000
8634.000
8637.000
8647.000
8694.000
8720.000
8722.000
8726.000
8806.000
8816.000
8817.000
8835.000
8836.000
8871.000
8937.000
8985.000
9034.000
9050.000
9066.000
9092.000
9101.000
9104.000
9117.000
9148.000
9166.000
9221.000
9225.000
9248.000
9258.000
9262.000
9280.000
9285.000
9350.000
9357.000
9388.000
9416.000
9429.000
9439.000
9452.000
9458.000
9468.000
9525.000
9556.000
9564.000
9579.000
9611.000
9656.000
9685.000
9699.000
9721.000
9738.000
9742.000
9746.000
9779.000
9785.000
9914.000
9959.000
10025.000
10067.000
10113.000
10121.000
10124.000
10165.000
10184.000
10202.000
10252.000
10267.000
10317.000
10332.000
10388.000
10402.000
10432.000
10515.000
10530.000
10549.000
10564.000
10584.000
10604.000
10605.000
10728.000
10754.000
10867.000
10901.000
10902.000
10967.000
10989.000
11033.000
11046.000
11058.000
11095.000
11102.000
11141.000
11191.000
11197.000
11223.000
11234.000
11284.000
11348.000
11434.000
11453.000
11463.000
11535.000
11543.000
11568.000
11598.000
11660.000
11663.000
11668.000
11691.000
11710.000
11737.000
11744.000
11753.000
11779.000
11810.000
11819.000
11875.000
11881.000
11895.000
11902.000
11944.000
11951.000
12002.000
12011.000
12030.000
12041.000
12048.000
12056.000
12062.000
12097.000
12105.000
12111.000
12184.000
12194.000
12204.000
12216.000
12220.000
12225.000
12259.000
12261.000
12269.000
12280.000
12365.000
12369.000
12384.000
12390.000
12414.000
12435.000
12444.000
12457.000
12493.000
12504.000
12566.000
12593.000
12644.000
12660.000
12693.000
12714.000
12761.000
12763.000
12780.000
12802.000
12826.000
12868.000
12880.000
12883.000
12917.000
12963.000
12984.000
12993.000
12995.000
12997.000
13007.000
13011.000
13028.000
13038.000
13047.000
13050.000
13083.000
13090.000
13107.000
13170.000
13212.000
13235.000
13241.000
13253.000
13288.000
13297.000
13300.000
13301.000
13312.000
13352.000
13416.000
13417.000
13451.000
13478.000
13509.000
13561.000
13564.000
13566.000
13617.000
13628.000
13645.000
13664.000
13702.000
13704.000
13731.000
13754.000
13789.000
13808.000
13844.000
13873.000
13888.000
13919.000
13926.000
13950.000
13955.000
13988.000
13996.000
14054.000
14056.000
14064.000
14087.000
14099.000
14110.000
14120.000
14200.000
14211.000
14217.000
14225.000
14231.000
14272.000
14294.000
14325.000
14426.000
14493.000
14501.000
14517.000
14520.000
14574.000
14619.000
14648.000
14654.000
14663.000
14666.000
14719.000
14734.000
14750.000
14752.000
14757.000
14781.000
14808.000
14821.000
14845.000
14890.000
14897.000
14985.000
15006.000
15026.000
15040.000
15059.000
15107.000
15111.000
15120.000
15124.000
15125.000
15133.000
15145.000
15151.000
15160.000
15184.000
15185.000
15217.000
15221.000
15222.000
15235.000
15253.000
15255.000
15274.000
15276.000
15301.000
15308.000
15324.000
15357.000
15386.000
15463.000
15473.000
15494.000
15500.000
15597.000
15745.000
15774.000
15790.000
15804.000
15806.000
15841.000
15874.000
15876.000
15887.000
15923.000
15927.000
15957.000
15967.000
16025.000
16034.000
16081.000
16082.000
16168.000
16198.000
16238.000
16239.000
16249.000
16260.000
16284.000
16289.000
16302.000
16311.000
16380.000
16391.000
16402.000
16567.000
16574.000
16590.000
16601.000
16627.000
16628.000
16642.000
16650.000
16672.000
16707.000
16739.000
16758.000
16779.000
16792.000
16914.000
16958.000
16969.000
16995.000
17054.000
17060.000
17063.000
17064.000
17122.000
17141.000
17194.000
17226.000
17264.000
17278.000
17301.000
17311.000
17345.000
17385.000
17390.000
17438.000
17450.000
17459.000
17470.000
17488.000
17494.000
17503.000
17549.000
17580.000
17603.000
17654.000
17723.000
17859.000
17878.000
17891.000
17910.000
17947.000
17969.000
18004.000
18008.000
18075.000
18096.000
18104.000
18112.000
18154.000
18167.000
18202.000
18203.000
18227.000
18246.000
18290.000
18299.000
18351.000
18382.000
18414.000
18466.000
18490.000
18492.000
18536.000
18553.000
18576.000
18589.000
18616.000
18618.000
18662.000
18663.000
18691.000
18697.000
18717.000
18748.000
18758.000
18795.000
18860.000
18866.000
18903.000
18919.000
18969.000
18992.000
19024.000
19036.000
19039.000
19059.000
19139.000
19149.000
19150.000
19160.000
19184.000
19230.000
19237.000
19256.000
19286.000
19374.000
19390.000
19401.000
19418.000
19424.000
19435.000
19442.000
19447.000
19488.000
19580.000
19607.000
19615.000
19618.000
19646.000
19657.000
19659.000
19737.000
19808.000
19822.000
19851.000
19940.000
19959.000
19983.000
19994.000
20016.000
20033.000
20051.000
20060.000
20066.000
20082.000
20130.000
20148.000
20152.000
20175.000
20178.000
20239.000
20246.000
20256.000
20260.000
20277.000
20304.000
20369.000
20404.000
20497.000
20560.000
20636.000
20657.000
20724.000
20782.000
20823.000
20835.000
20870.000
20895.000
20899.000
20916.000
20939.000
21043.000
21140.000
21150.000
21168.000
21180.000
21202.000
21229.000
21275.000
21314.000
21329.000
21402.000
21409.000
21422.000
21433.000
21466.000
21504.000
21535.000
21536.000
21564.000
21590.000
21591.000
21659.000
21665.000
21670.000
21680.000
21730.000
21757.000
21784.000
21853.000
21949.000
21951.000
21963.000
21990.000
21993.000
21994.000
22031.000
22039.000
22069.000
22098.000
22102.000
22151.000
22172.000
22197.000
22214.000
22291.000
22315.000
22327.000
22332.000
22357.000
22368.000
22370.000
22374.000
22389.000
22392.000
22399.000
22433.000
22438.000
22491.000
22519.000
22583.000
22618.000
22642.000
22735.000
22740.000
22757.000
22792.000
22811.000
22820.000
22935.000
22951.000
22960.000
22968.000
22983.000
22992.000
23013.000
23052.000
23053.000
23077.000
23098.000
23126.000
23214.000
23219.000
23250.000
23263.000
23309.000
23310.000
23362.000
23374.000
23413.000
23471.000
23502.000
23531.000
23570.000
23661.000
23706.000
23740.000
23744.000
23765.000
23781.000
23819.000
23823.000
23833.000
23921.000
23923.000
23932.000
23970.000
24076.000
24077.000
24112.000
24115.000
24119.000
24154.000
24169.000
24196.000
24209.000
24223.000
24257.000
24262.000
24267.000
24270.000
24279.000
24294.000
24340.000
24387.000
24424.000
24452.000
24464.000
24467.000
24492.000
24533.000
24575.000
24607.000
24745.000
24789.000
24790.000
24841.000
24871.000
24917.000
24930.000
24942.000
24999.000
25009.000
25068.000
25080.000
25086.000
25088.000
25116.000
25155.000
25159.000
25209.000
25211.000
25238.000
25248.000
25289.000
25329.000
25332.000
25350.000
25418.000
25481.000
25503.000
25504.000
25511.000
25516.000
25517.000
25621.000
25640.000
25648.000
25650.000
25659.000
25743.000
25758.000
25799.000
25830.000
25853.000
25899.000
25932.000
26094.000
26110.000
26137.000
26166.000
26208.000
26213.000
26219.000
26259.000
26264.000
26268.000
26284.000
26285.000
26343.000
26375.000
26446.000
26521.000
26545.000
26560.000
26567.000
26568.000
26575.000
26617.000
26652.000
26666.000
26671.000
26681.000
26737.000
26749.000
26780.000
26816.000
26869.000
26872.000
26936.000
26984.000
26986.000
27000.000
27016.000
27034.000
27063.000
27137.000
27142.000
27164.000
27189.000
27253.000
27262.000
27291.000
27325.000
27333.000
27358.000
27370.000
27376.000
27405.000
27457.000
27460.000
27497.000
27499.000
27508.000
27556.000
27573.000
27577.000
27590.000
27606.000
27622.000
27662.000
27695.000
27699.000
27705.000
27770.000
27780.000
27806.000
27861.000
27886.000
27889.000
27931.000
27950.000
27969.000
28004.000
28009.000
28052.000
28117.000
28125.000
28131.000
28151.000
28152.000
28159.000
28177.000
28181.000
28186.000
28195.000
28261.000
28281.000
28284.000
28290.000
28402.000
28424.000
28448.000
28498.000
28519.000
28552.000
28611.000
28649.000
28684.000
28688.000
28723.000
28756.000
28772.000
28780.000
28791.000
28802.000
28843.000
28869.000
28873.000
28901.000
28914.000
28919.000
28964.000
28991.000
29063.000
29075.000
29132.000
29179.000
29198.000
29213.000
29249.000
29282.000
29296.000
29307.000
29317.000
29395.000
29398.000
29406.000
29426.000
29467.000
29475.000
29478.000
29543.000
29634.000
29649.000
29673.000
29701.000
29728.000
29740.000
29746.000
29795.000
29796.000
29803.000
29821.000
29856.000
29875.000
29881.000
29895.000
29954.000
29972.000
29996.000
