Distribution of estimated Rho values

Shuffle   Rho    Lkmax      G4     corr(r2,d)   corr(D',d)

   1     0.400  -29786555.032  6412491  -0.00586   0.00648
   2     0.500  -29786219.621  8615969   0.01528  -0.00354
   3     0.400  -29786566.398  8535684  -0.00077   0.00097
   4     0.500  -29786591.065  6370093  -0.01958   0.00409
   5     0.500  -29786120.317  8424767   0.00205  -0.00301
   6     0.400  -29786570.667  7514623   0.00576   0.00318
   7     0.500  -29786324.879  7725653  -0.01074   0.00227
   8     0.400  -29786802.204  7629711   0.01622   0.00046
   9     0.500  -29786635.404  6248543   0.01186   0.00898
  10     0.500  -29786353.758  9470305   0.01354  -0.00421
  11     0.500  -29786295.463  8316695   0.00035  -0.00142
  12     0.500  -29786080.324  8753331  -0.01041  -0.00157
  13     0.500  -29786406.414  7398878  -0.00082   0.00305
  14     0.500  -29786237.602  8493979   0.00345  -0.00307
  15     0.500  -29786197.342  6933999  -0.01636   0.00147
  16     0.500  -29786133.366  10266038   0.00219  -0.00763
  17     0.500  -29786357.069  9066138  -0.00630  -0.00263
  18     0.500  -29786658.281  7775423  -0.01770   0.00017
  19     0.500  -29786351.934  6875334   0.00409   0.00417
  20     0.500  -29786490.672  6694685   0.00086   0.00547
  21     0.500  -29786045.173  8319232  -0.02192   0.00008
  22     0.500  -29786014.238  11028308   0.00397  -0.00710
  23     0.500  -29786163.475  8375339   0.00202  -0.00161
  24     0.500  -29786277.923  9088907  -0.01262  -0.00225
  25     0.500  -29786022.525  9453865  -0.02148  -0.00055
  26     0.500  -29786098.083  8982129  -0.00058  -0.00180
  27     0.500  -29786361.162  7428536  -0.00587   0.00542
  28     0.400  -29786428.544  9154590  -0.00142  -0.00262
  29     0.500  -29786334.822  8594722  -0.01438  -0.00039
  30     0.500  -29786304.863  8681685  -0.00988  -0.00502
  31     0.500  -29785872.414  7199934  -0.00319  -0.00232
  32     0.500  -29786252.623  8705714  -0.00172  -0.00168
  33     0.500  -29786698.973  9806996   0.02467  -0.00176
  34     0.500  -29786252.910  8732800   0.01386  -0.00188
  35     0.500  -29786211.346  9192586  -0.00364  -0.00826
  36     0.500  -29786011.350  9560766   0.00099  -0.00428
  37     0.400  -29786182.791  10275559  -0.00364  -0.00516
  38     0.500  -29786419.545  8507522  -0.00138   0.00099
  39     0.500  -29786319.373  8668807  -0.01814  -0.00060
  40     0.500  -29786262.451  8071181  -0.01003   0.00088
  41     0.500  -29786187.296  7587687  -0.00881   0.00426
  42     0.400  -29786737.788  7866670   0.00870  -0.00024
  43     0.400  -29786471.462  9221213  -0.00648  -0.00044
  44     0.500  -29786484.795  8313440   0.00164   0.00024
  45     0.500  -29786256.808  10290515   0.00430  -0.01083
  46     0.500  -29786232.795  8388452   0.01089   0.00096
  47     0.500  -29786354.097  7526105   0.00078   0.00099
  48     0.500  -29786526.356  7120105  -0.00204   0.00582
  49     0.500  -29786562.646  8944848   0.01322  -0.00242
  50     0.500  -29786325.563  8865806  -0.00190  -0.00350
  51     0.500  -29786329.048  8038082  -0.00692  -0.00178
  52     0.500  -29786533.666  6721560   0.00267   0.00532
  53     0.500  -29786392.380  8808279   0.01704  -0.00281
  54     0.500  -29786410.327  8560854  -0.00382  -0.00077
  55     0.500  -29786552.795  7714139   0.00657  -0.00041
  56     0.500  -29786509.122  6898446  -0.01092  -0.00040
  57     0.500  -29786270.443  10743826  -0.00290  -0.00519
  58     0.500  -29786363.814  9198952   0.01591  -0.00074
  59     0.500  -29786401.897  8337975   0.00343  -0.00121
  60     0.500  -29786583.765  7265824   0.00290  -0.00105
  61     0.500  -29786450.021  6662986  -0.00337   0.00547
  62     0.500  -29786421.975  8670943   0.00394  -0.00235
  63     0.500  -29786233.817  8046106  -0.00737   0.00044
  64     0.500  -29786007.072  10261242  -0.00609  -0.00498
  65     0.500  -29785970.928  8581161  -0.00212   0.00062
  66     0.500  -29786069.195  8686655   0.00079  -0.00080
  67     0.500  -29786471.773  6587210  -0.01114   0.00167
  68     0.500  -29786053.036  9850841  -0.00392  -0.00658
  69     0.500  -29786420.467  7350246  -0.01262   0.00473
  70     0.500  -29786457.044  7527465   0.00747  -0.00197
  71     0.500  -29786427.565  9381236   0.00640  -0.00370
  72     0.500  -29786358.506  9192404   0.00634  -0.00190
  73     0.500  -29786378.323  7541134  -0.00530   0.00315
  74     0.500  -29786739.974  8070675   0.01316  -0.00238
  75     0.500  -29786555.415  6661359   0.01519   0.00528
  76     0.400  -29786750.477  6352595   0.00433   0.00877
  77     0.500  -29786125.118  8629116   0.01027   0.00054
  78     0.500  -29786021.330  9932901  -0.00297  -0.00413
  79     0.500  -29786387.944  8063622  -0.00166  -0.00216
  80     0.500  -29786521.622  7201090   0.01334   0.00423
  81     0.500  -29785759.593  10371064  -0.00894  -0.00725
  82     0.500  -29786223.199  6363471  -0.00217   0.00644
  83     0.500  -29786584.790  7196250  -0.00776   0.00223
  84     0.500  -29785834.449  9972137  -0.01086  -0.00419
  85     0.500  -29786296.508  9146014  -0.00961  -0.00076
  86     0.500  -29786370.741  8436250  -0.00302   0.00019
  87     0.500  -29786510.056  8149652  -0.00053   0.00151
  88     0.500  -29786217.251  6902540  -0.00584   0.00448
  89     0.500  -29785993.169  7959910   0.00683   0.00368
  90     0.500  -29786667.526  8612144  -0.00138  -0.00098
  91     0.500  -29786506.385  6918499   0.00609   0.00285
  92     0.500  -29786352.539  9152602   0.00301  -0.00543
  93     0.500  -29785904.827  10375625  -0.01743  -0.01043
  94     0.500  -29786613.655  7979932   0.00254  -0.00086
  95     0.500  -29786312.193  7238527   0.01089   0.00383
  96     0.500  -29786539.749  8009478   0.00253   0.00158
  97     0.500  -29786578.532  8829908   0.01745  -0.00061
  98     0.400  -29786596.983  7799065   0.00863   0.00463
  99     0.500  -29786251.177  10827889   0.01346  -0.00779
 100     0.500  -29786033.522  9068489  -0.00919  -0.00306
 101     0.500  -29786605.397  7119351   0.00261   0.00202
 102     0.500  -29786606.473  7469427  -0.00439   0.00091
 103     0.500  -29786099.937  9260050  -0.00140  -0.00550
 104     0.400  -29786242.348  9206064   0.01812  -0.00280
 105     0.500  -29786265.678  8458923   0.00624  -0.00186
 106     0.500  -29786140.454  8768912   0.00022  -0.00721
 107     0.500  -29786162.799  10859797   0.01514  -0.00794
 108     0.500  -29786394.000  8867759  -0.00772  -0.00074
 109     0.500  -29786072.574  6867855  -0.01326   0.00253
 110     0.500  -29786408.766  9259313   0.01224  -0.00129
 111     0.500  -29786121.803  8186714  -0.00820   0.00195
 112     0.500  -29786267.891  8698430   0.00567   0.00208
 113     0.500  -29786487.989  6826350  -0.00409   0.00005
 114     0.500  -29785903.863  8724520  -0.00896  -0.00381
 115     0.500  -29786296.891  6817535   0.00504   0.00203
 116     0.500  -29786279.173  6955513   0.00147   0.00810
 117     0.500  -29786454.749  8792974  -0.00367   0.00037
 118     0.500  -29786291.283  7538412  -0.00082   0.00420
 119     0.500  -29786004.218  8673005  -0.00360  -0.00365
 120     0.500  -29786474.482  8840673   0.01839  -0.00473
 121     0.500  -29786533.270  7440257   0.00157   0.00090
 122     0.500  -29786101.582  8516851   0.01373  -0.00033
 123     0.500  -29785971.190  11368398  -0.01087  -0.00697
 124     0.400  -29786795.241  6782787   0.01559   0.00562
 125     0.400  -29786639.648  7742116   0.01181   0.00168
 126     0.400  -29786497.263  8834753   0.01355  -0.00283
 127     0.500  -29786202.863  6692902  -0.00635   0.00333
 128     0.500  -29786324.917  8995693   0.00235  -0.00088
 129     0.500  -29786529.595  7323064  -0.00925   0.00016
 130     0.500  -29786329.225  8856948  -0.00244  -0.00513
 131     0.500  -29786192.773  10328759  -0.00832  -0.00327
 132     0.500  -29785868.520  8888923  -0.01503  -0.00302
 133     0.500  -29786460.488  8273500   0.00631  -0.00055
 134     0.500  -29786484.347  6588071  -0.00048   0.00575
 135     0.500  -29786293.236  7138552  -0.00671   0.00463
 136     0.500  -29786146.426  8404723  -0.01006  -0.00083
 137     0.500  -29786393.009  7854820   0.01462   0.00295
 138     0.500  -29786361.805  10680133   0.01173  -0.00548
 139     0.500  -29786012.457  11452388  -0.01220  -0.01206
 140     0.500  -29786370.133  8157542  -0.00399  -0.00012
 141     0.500  -29786482.069  7875406   0.00897   0.00221
 142     0.400  -29786471.973  8112798   0.00521   0.00314
 143     0.500  -29786391.699  6399800  -0.01077   0.00484
 144     0.500  -29786559.070  8254239   0.00823   0.00022
 145     0.500  -29786312.054  9199300   0.02218  -0.00282
 146     0.500  -29785925.489  10532274  -0.01423  -0.00649
 147     0.500  -29786335.352  8572606   0.00029   0.00124
 148     0.500  -29786096.716  10053963   0.00749  -0.00421
 149     0.500  -29786207.020  9795164  -0.00598  -0.00349
 150     0.400  -29786564.458  8222938   0.00317   0.00270
 151     0.500  -29786330.958  9496342  -0.00333  -0.00164
 152     0.500  -29786438.348  7929727  -0.00644   0.00223
 153     0.500  -29786624.682  8445429   0.02263   0.00010
 154     0.500  -29786221.713  8604856   0.00996  -0.00427
 155     0.500  -29786076.919  7837140  -0.01311  -0.00082
 156     0.400  -29786827.736  6909921   0.00929   0.00421
 157     0.500  -29786409.294  6781713  -0.00718   0.00506
 158     0.500  -29786674.281  8111777   0.00768  -0.00136
 159     0.500  -29786541.747  7305686  -0.00066  -0.00153
 160     0.500  -29786383.587  9935122  -0.00850  -0.00310
 161     0.500  -29785819.754  9816155  -0.00349  -0.00743
 162     0.500  -29786047.188  8540041  -0.01308   0.00124
 163     0.500  -29786464.613  9389948   0.00088  -0.00009
 164     0.400  -29786839.080  6976657   0.01444   0.00442
 165     0.500  -29786435.634  8483995   0.00139  -0.00141
 166     0.500  -29786217.150  8328783   0.00500  -0.00446
 167     0.500  -29786216.669  8687979  -0.00123  -0.00202
 168     0.500  -29786488.842  9115444   0.00264  -0.00416
 169     0.500  -29785973.311  8020120  -0.00159   0.00339
 170     0.500  -29786436.961  7462205  -0.00145   0.00310
 171     0.500  -29786310.216  8370308  -0.00150  -0.00010
 172     0.500  -29786063.703  8482536  -0.00752  -0.00573
 173     0.500  -29786248.948  7248181  -0.00590   0.00229
 174     0.500  -29786134.890  8918106   0.00293  -0.00495
 175     0.500  -29786046.406  8696580  -0.01478  -0.00232
 176     0.500  -29786293.871  9251590   0.00123  -0.00609
 177     0.500  -29786575.311  8442085  -0.01313   0.00155
 178     0.400  -29786276.021  9516811   0.00255  -0.00327
 179     0.500  -29786070.065  7241247  -0.01399   0.00214
 180     0.500  -29786164.050  8806748  -0.01290  -0.00400
 181     0.500  -29786515.117  6401669  -0.01257   0.00730
 182     0.500  -29786582.871  8278137   0.00656  -0.00137
 183     0.500  -29786367.664  8744975  -0.01546  -0.00045
 184     0.500  -29785832.417  10742538  -0.00507  -0.00667
 185     0.500  -29786642.530  7104957   0.01084   0.00481
 186     0.500  -29786037.713  8772715  -0.00280  -0.00549
 187     0.500  -29785947.412  8220272  -0.00198   0.00304
 188     0.500  -29786493.568  10977075   0.00249  -0.00561
 189     0.500  -29786358.794  8713375   0.01215   0.00307
 190     0.500  -29786132.245  7773617  -0.00410  -0.00013
 191     0.500  -29786344.423  10032414   0.00689  -0.00570
 192     0.500  -29785951.954  7171622  -0.01658   0.00184
 193     0.400  -29786502.169  7531717   0.00371   0.00273
 194     0.400  -29786708.666  9519761   0.02526  -0.00023
 195     0.500  -29786260.441  7363855   0.00691  -0.00055
 196     0.500  -29786268.795  8823181   0.00713  -0.00090
 197     0.500  -29785706.039  8873009  -0.01644  -0.00130
 198     0.500  -29786087.881  9140666   0.00419  -0.00578
 199     0.500  -29786428.179  7327716  -0.00059   0.00330
 200     0.500  -29786141.505  8417556   0.00825  -0.00308
 201     0.500  -29786061.997  8931465  -0.00094  -0.00746
 202     0.500  -29785931.323  9134825  -0.00846  -0.00152
 203     0.500  -29785944.070  9169835  -0.00416  -0.00230
 204     0.500  -29786113.128  7681322  -0.00013   0.00215
 205     0.500  -29786378.440  8756886   0.00470  -0.00221
 206     0.500  -29786128.904  8599776   0.00014  -0.00020
 207     0.500  -29786289.286  7985013  -0.00398   0.00262
 208     0.500  -29786383.065  6301339  -0.01810   0.00345
 209     0.500  -29786272.006  8155814   0.01468  -0.00094
 210     0.500  -29786275.233  7370805  -0.00238  -0.00109
 211     0.500  -29786437.581  6341434   0.00220   0.00672
 212     0.500  -29786536.460  6579183  -0.01604   0.00413
 213     0.500  -29786309.883  8367799  -0.01128   0.00068
 214     0.400  -29786606.514  6257722   0.01592   0.00817
 215     0.500  -29786274.612  6815869   0.01085   0.00144
 216     0.500  -29785977.579  9265584  -0.02596  -0.00193
 217     0.500  -29786247.729  6769149  -0.00106   0.00637
 218     0.500  -29786332.146  7835665   0.01105  -0.00046
 219     0.500  -29786406.123  6620212  -0.00198   0.00687
 220     0.500  -29786118.101  7143122  -0.00139   0.00490
 221     0.500  -29786640.523  10314954   0.00763  -0.00610
 222     0.500  -29786330.331  6451627  -0.01399   0.00356
 223     0.500  -29786621.830  8412298  -0.00069   0.00024
 224     0.500  -29786467.262  6914416   0.00469   0.00087
 225     0.500  -29786241.855  6255290  -0.01405   0.00619
 226     0.500  -29786190.592  8781536  -0.00076  -0.00195
 227     0.500  -29786142.056  8744346   0.00178  -0.00225
 228     0.500  -29785781.598  9040940  -0.02704  -0.00018
 229     0.500  -29786218.517  8343895  -0.00994  -0.00042
 230     0.500  -29786584.308  8074684   0.01511   0.00008
 231     0.500  -29786330.981  7182134  -0.00375   0.00118
 232     0.500  -29786147.811  6847479  -0.01114  -0.00083
 233     0.500  -29786548.671  7512150  -0.00119   0.00230
 234     0.500  -29786108.291  8830174  -0.00064  -0.00334
 235     0.500  -29786449.450  6371778  -0.00401   0.00504
 236     0.500  -29786649.613  6658846  -0.00472   0.00454
 237     0.500  -29786482.461  7619434   0.00278  -0.00003
 238     0.500  -29786210.876  7823611   0.00388  -0.00649
 239     0.500  -29786325.575  7397298  -0.00442   0.00232
 240     0.500  -29786559.508  6829300   0.00917   0.00617
 241     0.500  -29786291.486  8169846  -0.01098   0.00142
 242     0.500  -29786327.759  7745018  -0.01281  -0.00314
 243     0.500  -29786348.917  8388782   0.00364   0.00011
 244     0.500  -29786556.775  7875816   0.00264  -0.00201
 245     0.500  -29786120.060  8747368  -0.00121   0.00053
 246     0.500  -29785950.325  6787606  -0.01700   0.00262
 247     0.500  -29786140.796  7555774  -0.00216   0.00152
 248     0.500  -29786629.469  7741254   0.01336  -0.00073
 249     0.500  -29786135.978  8251164  -0.00354   0.00085
 250     0.500  -29786837.913  6706648  -0.00792   0.00491
 251     0.500  -29786071.934  9673525  -0.00428  -0.00647
 252     0.500  -29786167.194  7202322  -0.00499   0.00297
 253     0.500  -29786359.364  6982134   0.00539   0.00557
 254     0.500  -29786438.292  9410706   0.00606  -0.00129
 255     0.500  -29786595.282  8105855   0.00845   0.00103
 256     0.500  -29786295.481  8727534   0.00826  -0.00241
 257     0.500  -29786288.360  8218597  -0.01552  -0.00145
 258     0.500  -29786141.371  9512492  -0.00448  -0.00783
 259     0.500  -29786224.818  8754183   0.00531  -0.00009
 260     0.400  -29786837.783  7728517   0.01131  -0.00113
 261     0.500  -29786414.390  7518319   0.00613   0.00467
 262     0.500  -29786418.453  8168311   0.01377  -0.00035
 263     0.500  -29786231.580  7722544   0.00566   0.00110
 264     0.500  -29786607.478  7006492   0.00271   0.00482
 265     0.500  -29786381.110  7261279   0.00155   0.00189
 266     0.500  -29786475.442  6473818  -0.00430   0.00541
 267     0.500  -29786102.031  10446652  -0.00287  -0.00739
 268     0.500  -29786539.587  6843547   0.00476   0.00457
 269     0.500  -29786140.244  8353585  -0.00932   0.00119
 270     0.500  -29786310.992  6787173  -0.01557   0.00073
 271     0.500  -29786229.805  7837316  -0.00143  -0.00233
 272     0.500  -29786138.460  8192717  -0.00526   0.00016
 273     0.500  -29786619.971  7751379   0.02331  -0.00086
 274     0.500  -29786117.340  9584085  -0.00610  -0.00705
 275     0.500  -29786572.402  8084598  -0.00748  -0.00306
 276     0.500  -29785969.683  7605856   0.00274  -0.00083
 277     0.500  -29786154.075  8512951  -0.00846   0.00141
 278     0.400  -29786366.942  10448295   0.01667  -0.00324
 279     0.500  -29786841.447  5961091  -0.00004   0.00965
 280     0.500  -29785822.923  9198196  -0.01373  -0.00031
 281     0.500  -29786425.500  8176077   0.00599   0.00179
 282     0.500  -29786082.176  8754208  -0.00575  -0.00093
 283     0.500  -29786349.687  6281098  -0.00727   0.00729
 284     0.500  -29786218.699  10017792  -0.00724  -0.00283
 285     0.500  -29785952.419  9273193  -0.00522  -0.00479
 286     0.500  -29786331.275  7150519  -0.00300   0.00276
 287     0.500  -29786519.940  6082526  -0.01043   0.00882
 288     0.500  -29785929.121  6914192  -0.01286  -0.00043
 289     0.500  -29786340.862  8623159   0.00837   0.00158
 290     0.500  -29786557.274  6306005  -0.00127   0.00579
 291     0.500  -29786429.732  7106468   0.00451   0.00362
 292     0.500  -29786344.558  6649217  -0.00434   0.00332
 293     0.500  -29786431.140  9154446  -0.00408  -0.00532
 294     0.500  -29785630.916  7357450  -0.02714   0.00098
 295     0.500  -29786413.642  9241778   0.01707  -0.00560
 296     0.500  -29785918.845  10269336   0.00623  -0.00571
 297     0.500  -29786002.796  8416018  -0.02448  -0.00245
 298     0.400  -29786761.090  7156236   0.01536   0.00161
 299     0.500  -29786079.771  10815704  -0.00398  -0.00519
 300     0.500  -29786052.066  7682121   0.00156  -0.00008
 301     0.500  -29786345.054  9166888   0.00763  -0.00415
 302     0.500  -29786230.210  6670750   0.00540   0.00449
 303     0.400  -29786626.189  7682420   0.00991   0.00340
 304     0.500  -29785901.309  8485980  -0.00538  -0.00019
 305     0.500  -29786131.703  7780577   0.00123   0.00029
 306     0.500  -29786353.161  7056201  -0.02065   0.00499
 307     0.500  -29786688.743  8314239  -0.01624  -0.00029
 308     0.500  -29786272.632  10417417   0.00171  -0.00643
 309     0.500  -29786367.650  7410564  -0.00580  -0.00005
 310     0.500  -29786260.626  7073771  -0.01545   0.00233
 311     0.500  -29786382.361  7493878  -0.00528   0.00147
 312     0.500  -29786663.541  7378508   0.01471   0.00096
 313     0.500  -29786384.953  7189097  -0.00233   0.00201
 314     0.500  -29786550.752  7646183  -0.00462   0.00276
 315     0.500  -29786271.832  9034244   0.00431  -0.00298
 316     0.500  -29786564.203  6528438   0.00570   0.00672
 317     0.500  -29786470.504  7479160   0.00009   0.00042
 318     0.500  -29786165.417  9892303  -0.00164  -0.01024
 319     0.500  -29786108.001  9136724  -0.01510  -0.00569
 320     0.500  -29786682.096  7147935   0.01828   0.00296
 321     0.500  -29786531.368  9284702   0.00494  -0.00004
 322     0.500  -29786336.457  6635763  -0.00806   0.00376
 323     0.500  -29786380.049  8144331   0.00361   0.00157
 324     0.500  -29786684.185  8201302   0.00588  -0.00418
 325     0.500  -29785717.936  10155218  -0.01938  -0.00521
 326     0.500  -29786491.233  6650723   0.00415   0.00286
 327     0.500  -29786392.628  7409002  -0.00453   0.00221
 328     0.500  -29786296.915  8326952   0.00164  -0.00092
 329     0.500  -29786230.711  9661651  -0.00606  -0.00556
 330     0.500  -29786543.632  7731422   0.00190   0.00351
 331     0.500  -29786351.315  7854218  -0.00978   0.00009
 332     0.500  -29786349.720  9587453  -0.00216  -0.00319
 333     0.400  -29786406.680  8122690  -0.00176   0.00188
 334     0.500  -29786235.592  6511538  -0.00582   0.00430
 335     0.500  -29786333.393  6590668  -0.00516   0.00510
 336     0.500  -29786128.336  9055442   0.01223  -0.00381
 337     0.400  -29786662.744  7678634   0.02636   0.00121
 338     0.500  -29786667.065  7071670  -0.00307   0.00751
 339     0.500  -29786108.189  6625024  -0.00340   0.00496
 340     0.500  -29785967.105  8362712  -0.00913  -0.00235
 341     0.500  -29785907.546  8128637  -0.01509  -0.00081
 342     0.500  -29786454.426  7331209   0.00723   0.00207
 343     0.500  -29786247.383  7019456   0.00292  -0.00161
 344     0.500  -29786609.361  6761648  -0.00463   0.00617
 345     0.500  -29786092.443  9330420   0.00930  -0.00214
 346     0.500  -29786340.706  7180537   0.00365  -0.00047
 347     0.500  -29786324.194  9584930   0.01740  -0.00441
 348     0.500  -29786413.258  9426098   0.00696  -0.00110
 349     0.500  -29786331.602  9351267   0.00720  -0.00662
 350     0.500  -29786372.782  7266760   0.00978   0.00337
 351     0.500  -29786270.711  10141516   0.00943  -0.00548
 352     0.500  -29786130.492  10449730   0.00172  -0.00743
 353     0.500  -29786429.267  8763076   0.00746   0.00041
 354     0.500  -29786455.821  7990521   0.01634  -0.00017
 355     0.400  -29786416.512  8711724   0.00017   0.00169
 356     0.500  -29786228.383  10005599   0.01168  -0.00338
 357     0.500  -29786518.287  8141625   0.00990   0.00020
 358     0.500  -29786222.301  9618738   0.00083  -0.00414
 359     0.500  -29786180.994  9643592   0.01306  -0.00758
 360     0.500  -29785898.339  10744575  -0.01366  -0.00646
 361     0.400  -29786565.831  8351066   0.01223  -0.00380
 362     0.500  -29786284.759  9435951   0.00468  -0.00725
 363     0.500  -29786362.642  7593821  -0.00328   0.00049
 364     0.500  -29786297.448  8012120  -0.01374  -0.00063
 365     0.500  -29786492.978  7694125  -0.02128   0.00184
 366     0.500  -29786278.761  7304568   0.01220   0.00275
 367     0.500  -29786224.647  6496491   0.00148   0.00499
 368     0.500  -29786496.487  7676576  -0.01200   0.00375
 369     0.500  -29785991.654  6254641  -0.02568   0.00390
 370     0.500  -29786128.045  7334094   0.00082   0.00354
 371     0.500  -29786185.085  7946798  -0.01679  -0.00002
 372     0.500  -29786421.262  7318630   0.01470   0.00099
 373     0.500  -29786170.876  10564150   0.01605  -0.00826
 374     0.400  -29786819.023  7423015   0.01182   0.00470
 375     0.500  -29786392.860  7677482   0.01745   0.00262
 376     0.400  -29786515.342  6526535   0.00615   0.00658
 377     0.500  -29786600.455  6414611  -0.00066   0.00701
 378     0.500  -29786103.340  6906993  -0.00361   0.00357
 379     0.500  -29786825.054  9051350   0.01230  -0.00287
 380     0.500  -29786267.468  7194529   0.00204   0.00151
 381     0.500  -29786386.471  7511307   0.00670  -0.00124
 382     0.500  -29785936.387  6329346  -0.02950   0.00322
 383     0.500  -29785979.296  7890519  -0.00089   0.00061
 384     0.500  -29786357.389  8284388  -0.00305  -0.00154
 385     0.400  -29786438.573  6648281  -0.00423   0.00617
 386     0.500  -29786548.587  8215570   0.01189  -0.00190
 387     0.500  -29785914.552  9015302  -0.02702  -0.00350
 388     0.500  -29786333.373  6653448   0.00664   0.00386
 389     0.500  -29786385.505  7162154  -0.01511   0.00356
 390     0.400  -29786437.458  7537498   0.00416   0.00266
 391     0.500  -29786381.118  6615327  -0.00741   0.00629
 392     0.500  -29786526.338  8157723   0.00537   0.00087
 393     0.500  -29786360.694  6538845  -0.01408   0.00572
 394     0.500  -29786357.981  6480637  -0.00257   0.00410
 395     0.500  -29786526.992  6886223   0.00535   0.00155
 396     0.500  -29786391.522  7060408  -0.00719  -0.00197
 397     0.500  -29786097.222  9055679  -0.00185   0.00027
 398     0.500  -29786360.251  6975519  -0.02208   0.00487
 399     0.500  -29786149.609  8897710  -0.00901   0.00101
 400     0.500  -29786705.252  6671702   0.01162   0.00364
 401     0.500  -29786298.242  8360120   0.00258  -0.00034
 402     0.500  -29786171.080  9302450   0.00083  -0.00195
 403     0.400  -29786538.900  7224950   0.01001   0.00267
 404     0.400  -29786535.389  8275013   0.00451  -0.00363
 405     0.400  -29786559.538  7723788  -0.00832   0.00311
 406     0.500  -29786641.548  7470353   0.00214   0.00175
 407     0.500  -29786699.857  6464478   0.00189   0.00721
 408     0.500  -29786194.334  6451678  -0.00162   0.00625
 409     0.500  -29786455.346  9478814   0.00610  -0.00545
 410     0.500  -29786444.140  9467055   0.00280  -0.00537
 411     0.500  -29786044.893  8541513   0.00641  -0.00045
 412     0.500  -29786007.500  10041475   0.00353  -0.00770
 413     0.500  -29786017.792  7507550   0.00697  -0.00310
 414     0.500  -29786476.737  6874935   0.00102   0.00363
 415     0.500  -29786015.776  8367808  -0.01340   0.00191
 416     0.500  -29786329.799  6968664   0.00723   0.00178
 417     0.500  -29786284.277  7989784   0.00300  -0.00153
 418     0.500  -29786311.707  10036103  -0.00047  -0.00476
 419     0.500  -29786299.087  7945940  -0.00989   0.00171
 420     0.400  -29786832.640  7632687   0.01447   0.00389
 421     0.500  -29786407.695  7308833  -0.00627   0.00373
 422     0.500  -29786397.710  7587612   0.00129   0.00430
 423     0.500  -29786460.489  6469210  -0.00471   0.00585
 424     0.400  -29786550.983  8732349   0.02104   0.00230
 425     0.500  -29786457.527  7726807   0.00344   0.00097
 426     0.500  -29786559.364  7118530  -0.00296   0.00313
 427     0.400  -29786717.661  7316557   0.01871   0.00537
 428     0.500  -29786092.316  8678752  -0.00846  -0.00177
 429     0.500  -29786231.436  7569231   0.00226   0.00241
 430     0.500  -29786270.017  8315385  -0.00309   0.00266
 431     0.500  -29786565.368  6219739   0.00537   0.00722
 432     0.500  -29786425.052  8237350   0.01598  -0.00019
 433     0.400  -29786328.255  7307045  -0.00507   0.00501
 434     0.500  -29786375.496  7755103   0.00993   0.00312
 435     0.500  -29785991.699  9047414  -0.00326   0.00028
 436     0.500  -29786287.116  7680702   0.00750   0.00123
 437     0.400  -29786371.139  8290704   0.01294  -0.00005
 438     0.500  -29786536.995  9134884  -0.00035  -0.00289
 439     0.500  -29785901.573  6793240  -0.01064   0.00104
 440     0.500  -29786240.461  6984918  -0.00788   0.00360
 441     0.500  -29786156.511  8328368   0.00505   0.00114
 442     0.500  -29786428.624  7996508   0.01205   0.00238
 443     0.500  -29786386.594  6895165  -0.00148   0.00342
 444     0.400  -29786440.566  6778479  -0.00336  -0.00090
 445     0.500  -29786202.389  8502996  -0.00380   0.00020
 446     0.400  -29786555.911  8294406   0.01565  -0.00163
 447     0.500  -29786544.482  8561331   0.00666  -0.00355
 448     0.500  -29786808.765  8205034   0.01071   0.00196
 449     0.500  -29786269.562  7816833   0.00124  -0.00331
 450     0.500  -29786508.340  8199163   0.01277   0.00195
 451     0.500  -29786050.067  7156732  -0.01486   0.00391
 452     0.500  -29786608.797  6697291  -0.00700   0.00425
 453     0.500  -29786267.071  8031303   0.01004   0.00283
 454     0.500  -29786330.786  7275932  -0.01838   0.00132
 455     0.500  -29786237.312  7080100   0.00047   0.00668
 456     0.500  -29786615.050  7146051   0.00737   0.00474
 457     0.400  -29786594.891  7312188   0.01710   0.00289
 458     0.500  -29786255.476  9794774  -0.00411  -0.00845
 459     0.500  -29785971.799  7874232  -0.01520  -0.00219
 460     0.500  -29785598.793  10596472  -0.00792  -0.00550
 461     0.500  -29786570.287  6366405  -0.00642   0.00557
 462     0.400  -29786813.482  8460173   0.01668   0.00038
 463     0.500  -29786426.918  8712937   0.00164  -0.00016
 464     0.500  -29786428.428  7672343   0.00820   0.00149
 465     0.400  -29786462.433  10042617   0.01507  -0.00343
 466     0.500  -29785630.937  7588996  -0.02360  -0.00020
 467     0.500  -29786868.340  7749010   0.00454   0.00298
 468     0.500  -29786291.345  6818698   0.00111   0.00608
 469     0.500  -29786521.934  8817701   0.00653   0.00051
 470     0.500  -29786145.120  9201326  -0.00900  -0.00489
 471     0.400  -29786919.229  7193490   0.01289   0.00207
 472     0.500  -29786249.625  10475714  -0.00292  -0.00659
 473     0.400  -29786748.208  7020977   0.01013   0.00001
 474     0.500  -29786265.963  8748904  -0.00881  -0.00110
 475     0.500  -29786675.656  7562507   0.00755  -0.00278
 476     0.500  -29785960.513  9943639  -0.00532  -0.00892
 477     0.500  -29786345.612  7901257   0.00224   0.00153
 478     0.500  -29785960.961  7511234  -0.00365  -0.00037
 479     0.500  -29786169.883  8011759   0.00092   0.00040
 480     0.500  -29786134.212  9163513  -0.00051  -0.00149
 481     0.500  -29786659.640  7259305  -0.00271   0.00383
 482     0.500  -29785826.020  10335135  -0.00519  -0.00299
 483     0.500  -29786556.831  6803564  -0.00420   0.00065
 484     0.500  -29786255.921  8312893  -0.01136  -0.00193
 485     0.500  -29786457.011  8385169   0.01102  -0.00057
 486     0.500  -29786388.191  6262698  -0.00570   0.00578
 487     0.500  -29786150.309  7391480  -0.00726  -0.00015
 488     0.500  -29786358.863  8352210  -0.00859  -0.00122
 489     0.500  -29786150.759  8914379  -0.00557  -0.00385
 490     0.500  -29786055.729  6860560  -0.01416   0.00582
 491     0.500  -29785972.089  7268750   0.00804  -0.00178
 492     0.500  -29786504.765  6747143   0.00293   0.00445
 493     0.500  -29786083.846  9299354  -0.00864  -0.00921
 494     0.500  -29785951.727  10205891   0.00101  -0.00498
 495     0.500  -29786252.892  6211123   0.01020   0.00555
 496     0.500  -29785836.658  11016651  -0.01010  -0.00914
 497     0.500  -29786092.729  9733665   0.00399  -0.00618
 498     0.500  -29786432.005  7637285   0.00241  -0.00145
 499     0.500  -29786049.054  8574611   0.00130  -0.00327
 500     0.500  -29786331.945  9409705   0.00452  -0.00790
 501     0.500  -29785939.410  9633267   0.00110  -0.00636
 502     0.500  -29786519.479  6465057  -0.00463   0.00564
 503     0.500  -29785862.673  10068951   0.00149  -0.00395
 504     0.500  -29786359.802  8610316   0.01764   0.00051
 505     0.500  -29785953.539  8353264  -0.01350   0.00235
 506     0.500  -29785963.196  9499872  -0.00694  -0.00103
 507     0.500  -29786662.492  8338104  -0.00426   0.00057
 508     0.500  -29786607.220  6693375   0.00331   0.00581
 509     0.500  -29786059.163  8639345  -0.00477  -0.00156
 510     0.400  -29786520.176  8508634   0.01007   0.00087
 511     0.500  -29786417.688  6842950  -0.01878   0.00444
 512     0.500  -29786208.640  9654503  -0.00543  -0.00538
 513     0.500  -29786255.322  7529976  -0.00050  -0.00123
 514     0.500  -29786249.301  7902877  -0.01436   0.00073
 515     0.500  -29786421.412  10633798   0.00772  -0.00576
 516     0.500  -29786035.510  9239108   0.00100  -0.00267
 517     0.500  -29786470.321  7657647  -0.00503   0.00085
 518     0.500  -29786481.957  7001989  -0.01183   0.00641
 519     0.500  -29786425.862  8876947   0.00536  -0.00245
 520     0.500  -29785945.007  9438301   0.01074  -0.00196
 521     0.500  -29786234.717  8526115  -0.00416  -0.00103
 522     0.500  -29786150.773  8821582   0.00202  -0.00128
 523     0.500  -29786123.976  9273783   0.00540  -0.00229
 524     0.500  -29786410.935  7141550  -0.01134   0.00139
 525     0.500  -29786459.059  7976553   0.01269  -0.00157
 526     0.400  -29786500.067  8323174  -0.00195   0.00092
 527     0.500  -29786103.449  8159465  -0.01233  -0.00124
 528     0.500  -29786432.586  6456869  -0.00591   0.00485
 529     0.500  -29785966.176  7864987  -0.00663   0.00439
 530     0.500  -29786583.327  7757526  -0.01162   0.00226
 531     0.400  -29786573.362  6614479   0.01196   0.00604
 532     0.500  -29786409.728  6468110  -0.00313   0.00704
 533     0.500  -29786266.957  9155441   0.00408  -0.00589
 534     0.500  -29786335.863  7046855  -0.01124   0.00387
 535     0.500  -29786506.956  6663013  -0.00476   0.00150
 536     0.500  -29786438.089  7666048   0.00744   0.00206
 537     0.500  -29785980.926  8200436  -0.00403  -0.00130
 538     0.500  -29786477.085  7944234  -0.00506   0.00101
 539     0.500  -29786397.817  7607520   0.00023   0.00350
 540     0.500  -29786191.324  7396395   0.00774   0.00223
 541     0.500  -29786348.427  7756611   0.00431   0.00451
 542     0.500  -29786508.581  8789400  -0.00483  -0.00302
 543     0.500  -29786115.905  6200635  -0.02169   0.00675
 544     0.500  -29786571.746  8292076   0.00359  -0.00017
 545     0.500  -29786273.343  8974831   0.00277  -0.00249
 546     0.500  -29786501.147  7364418   0.00019   0.00221
 547     0.500  -29786368.133  7489521  -0.00079   0.00219
 548     0.500  -29786220.723  7425465  -0.01848   0.00261
 549     0.500  -29786276.000  10659495   0.01500  -0.00855
 550     0.500  -29786187.461  7925941  -0.00304   0.00158
 551     0.500  -29785900.237  9551036  -0.00415  -0.00785
 552     0.500  -29786224.310  7694932  -0.01969  -0.00012
 553     0.500  -29786546.976  7349818   0.00714   0.00146
 554     0.500  -29786199.512  8872556   0.00810   0.00128
 555     0.500  -29786195.930  6424561  -0.01246   0.00710
 556     0.500  -29785791.235  8622916  -0.01730  -0.00034
 557     0.500  -29786456.845  6726492  -0.00472   0.00623
 558     0.400  -29786703.279  7423955   0.01359   0.00447
 559     0.500  -29786469.047  6738107  -0.00527   0.00131
 560     0.500  -29786369.843  8984224   0.00600  -0.00636
 561     0.500  -29786194.075  8393126   0.01182  -0.00105
 562     0.500  -29786263.553  9029307  -0.00205  -0.00316
 563     0.500  -29786241.672  9717843  -0.01290  -0.00181
 564     0.500  -29786392.775  6614494   0.00065   0.00531
 565     0.500  -29785950.646  10533702   0.00500  -0.00882
 566     0.500  -29786382.094  8981351   0.01704  -0.00477
 567     0.500  -29786078.430  8356745  -0.00246   0.00020
 568     0.500  -29786171.958  9589010   0.00275  -0.00684
 569     0.500  -29786228.002  7004144  -0.00070   0.00135
 570     0.500  -29786277.618  9576315  -0.00526  -0.00513
 571     0.500  -29786331.575  7634686  -0.00531  -0.00059
 572     0.500  -29786495.483  9617010   0.00710  -0.00112
 573     0.500  -29786191.223  9910779   0.00631  -0.00517
 574     0.500  -29786128.917  7538696  -0.00119   0.00160
 575     0.500  -29786417.322  7409610   0.00569   0.00287
 576     0.500  -29785778.013  8966591  -0.00137  -0.00160
 577     0.500  -29786404.736  6934473  -0.00205   0.00513
 578     0.500  -29786192.254  9484112   0.01184  -0.00529
 579     0.500  -29786109.773  8304811  -0.00682  -0.00150
 580     0.500  -29786309.547  6429382   0.00637   0.00642
 581     0.500  -29786031.725  7751236  -0.00848   0.00249
 582     0.500  -29786472.346  6606611  -0.00260   0.00602
 583     0.500  -29786070.740  6961899   0.00386   0.00459
 584     0.500  -29786528.128  7224312  -0.00395   0.00048
 585     0.500  -29786798.308  6790443   0.00643   0.00634
 586     0.500  -29786263.337  7797381   0.00127  -0.00352
 587     0.500  -29786558.718  7106007   0.00615   0.00056
 588     0.400  -29786542.223  6884029  -0.00026   0.00800
 589     0.500  -29786299.197  6577594  -0.00654   0.00563
 590     0.400  -29786995.593  6503037   0.00262   0.00445
 591     0.500  -29786450.762  8824480   0.01188  -0.00109
 592     0.500  -29786545.170  9539864   0.01283  -0.00419
 593     0.500  -29786402.816  7773021  -0.00219   0.00016
 594     0.500  -29786588.128  7123533  -0.00775   0.00244
 595     0.500  -29786093.003  8741015  -0.00779   0.00030
 596     0.500  -29786448.755  8050434   0.01724   0.00423
 597     0.500  -29786288.890  9516808   0.00098  -0.00048
 598     0.500  -29786466.991  8900716   0.00237  -0.00338
 599     0.400  -29786979.880  7234416   0.01205   0.00402
 600     0.500  -29786199.193  7184164  -0.01321   0.00066
 601     0.500  -29786617.773  6692467  -0.00445   0.00499
 602     0.400  -29786434.095  6574492   0.00407   0.00674
 603     0.500  -29786406.105  10422169   0.00301  -0.00488
 604     0.500  -29786308.114  6089223  -0.02947   0.00572
 605     0.500  -29786698.236  9056640   0.02341  -0.00331
 606     0.400  -29786708.001  8339418   0.00570  -0.00087
 607     0.500  -29786187.081  7054284  -0.00117   0.00496
 608     0.400  -29786416.604  8510453   0.00033   0.00203
 609     0.500  -29786477.957  7292141   0.00322   0.00407
 610     0.500  -29786540.748  8915996   0.00888  -0.00137
 611     0.500  -29786346.590  8509783   0.00547   0.00060
 612     0.500  -29786438.717  6555947   0.00597   0.00432
 613     0.500  -29786639.056  7652627   0.00238   0.00571
 614     0.500  -29786288.828  6342448  -0.02322   0.00384
 615     0.500  -29786428.915  8542016  -0.00268  -0.00247
 616     0.400  -29786233.057  9376988   0.01611  -0.00311
 617     0.500  -29786500.156  8696065   0.00792  -0.00122
 618     0.500  -29786546.069  7417730   0.00851   0.00173
 619     0.500  -29786256.257  9372131   0.01719  -0.00471
 620     0.500  -29785926.797  7935581  -0.00626  -0.00183
 621     0.400  -29786468.419  8399051   0.01507   0.00218
 622     0.500  -29785911.003  9329865  -0.00929  -0.00451
 623     0.500  -29786515.984  6747330   0.00695   0.00080
 624     0.400  -29786620.242  8685158   0.01577  -0.00074
 625     0.500  -29786516.388  6694270  -0.00918   0.00309
 626     0.400  -29786425.397  6347248   0.00795   0.00858
 627     0.500  -29786385.334  7317813  -0.00504   0.00316
 628     0.500  -29786356.373  9632470  -0.00226  -0.00076
 629     0.500  -29785930.151  9274205  -0.00964  -0.00237
 630     0.500  -29786361.950  7919854  -0.00688  -0.00073
 631     0.400  -29786405.943  7350092  -0.00631   0.00332
 632     0.500  -29786159.453  8280098  -0.00746   0.00024
 633     0.500  -29786407.969  6388659  -0.02335   0.00481
 634     0.500  -29786139.381  7899122  -0.00656  -0.00056
 635     0.500  -29786475.276  8210824  -0.00608  -0.00320
 636     0.500  -29785714.641  9737033  -0.00969  -0.00492
 637     0.500  -29786084.608  8537730   0.00124  -0.00125
 638     0.500  -29786285.267  7915763   0.00038   0.00151
 639     0.500  -29786049.829  6743493  -0.01075   0.00166
 640     0.500  -29786547.231  7181701   0.00908  -0.00007
 641     0.500  -29786661.565  6624387  -0.01091   0.00382
 642     0.500  -29786389.341  10004993   0.00690  -0.00917
 643     0.500  -29786085.675  8766533   0.00244  -0.00413
 644     0.500  -29786052.880  9461841   0.00539  -0.00200
 645     0.500  -29786287.085  8677048   0.00196  -0.00005
 646     0.500  -29786138.454  6544810  -0.00757   0.00384
 647     0.500  -29786450.530  6987569   0.00381   0.00570
 648     0.500  -29786250.199  7516823   0.00536   0.00303
 649     0.500  -29786598.977  6125113  -0.01899   0.00826
 650     0.500  -29785930.035  9136398   0.00365  -0.00374
 651     0.500  -29786314.964  9410653  -0.00501  -0.00711
 652     0.500  -29786429.064  6477993   0.00881   0.00647
 653     0.500  -29786429.030  6440751  -0.01291   0.00496
 654     0.500  -29786758.159  6946002  -0.01019   0.00335
 655     0.400  -29786487.871  8847014   0.01327  -0.00429
 656     0.400  -29786482.826  6854549   0.00904   0.00258
 657     0.500  -29786184.571  8136607  -0.00240  -0.00193
 658     0.500  -29786105.839  8736790  -0.00951   0.00099
 659     0.500  -29786668.506  8282502  -0.00069   0.00027
 660     0.400  -29786765.590  7130712   0.01585  -0.00005
 661     0.500  -29786147.772  8629092  -0.00103   0.00086
 662     0.500  -29786319.971  7097092  -0.00156   0.00304
 663     0.500  -29786230.978  7556213  -0.00565   0.00038
 664     0.500  -29786384.800  7799920  -0.00642   0.00189
 665     0.500  -29786215.977  8068147  -0.00653  -0.00213
 666     0.500  -29785790.727  7706025  -0.02320  -0.00103
 667     0.500  -29786367.224  8191903   0.00221   0.00136
 668     0.500  -29786459.139  6603371   0.00397   0.00451
 669     0.500  -29786466.591  8057186   0.00471   0.00175
 670     0.400  -29786579.710  7363158  -0.00052   0.00396
 671     0.500  -29786451.126  6975551  -0.00666   0.00365
 672     0.400  -29786568.995  6873065   0.00998   0.00229
 673     0.500  -29786317.010  8084786   0.00431   0.00171
 674     0.500  -29786669.015  7095310   0.00407   0.00489
 675     0.500  -29786493.166  9848422   0.01787  -0.00550
 676     0.500  -29786526.378  6625251  -0.00395   0.00426
 677     0.500  -29786525.554  7651308   0.00386   0.00213
 678     0.500  -29786383.141  7805242   0.00189  -0.00280
 679     0.500  -29786498.019  7073832   0.00507   0.00426
 680     0.500  -29786011.267  9015180  -0.00443  -0.00079
 681     0.500  -29787001.396  7122015   0.01338   0.00066
 682     0.500  -29786106.085  8829509  -0.01044   0.00080
 683     0.500  -29785792.507  7595123  -0.00568   0.00071
 684     0.500  -29785766.975  9575310  -0.01760  -0.00124
 685     0.500  -29786167.932  9710277   0.00412  -0.00805
 686     0.500  -29786252.398  8654253  -0.01311   0.00046
 687     0.500  -29786576.345  7362446   0.00880   0.00236
 688     0.500  -29786582.617  6504855   0.00404   0.00538
 689     0.500  -29785874.402  10851582  -0.00874  -0.00679
 690     0.500  -29786416.012  7006821   0.00522   0.00564
 691     0.500  -29786069.142  9826996   0.00743  -0.00616
 692     0.500  -29786349.650  8333905  -0.00681   0.00043
 693     0.400  -29786257.755  6911647   0.00864   0.00141
 694     0.500  -29786481.032  8262175   0.00484  -0.00137
 695     0.500  -29786462.532  7309177   0.00797   0.00110
 696     0.500  -29786339.854  7322742  -0.01113   0.00311
 697     0.500  -29786255.156  10004036  -0.00830  -0.00630
 698     0.500  -29785799.682  11363375  -0.01063  -0.01110
 699     0.400  -29786483.052  8400479  -0.00181   0.00224
 700     0.500  -29786665.262  6465678   0.00311   0.00512
 701     0.500  -29786135.899  7621276  -0.00485   0.00033
 702     0.500  -29786639.904  7021322   0.00578   0.00088
 703     0.500  -29786489.687  6965163   0.00091   0.00539
 704     0.500  -29786322.992  8395096  -0.00812  -0.00340
 705     0.500  -29786426.286  6276184  -0.01978   0.00586
 706     0.500  -29785895.961  8778547  -0.00338  -0.00152
 707     0.500  -29786321.989  7408572  -0.00777   0.00014
 708     0.500  -29786343.945  6807127   0.01458   0.00364
 709     0.500  -29785913.355  8462592  -0.01952  -0.00097
 710     0.500  -29786305.951  8922041   0.01128  -0.00592
 711     0.500  -29786482.523  9331900   0.00723  -0.00455
 712     0.500  -29786071.736  7915310  -0.01598   0.00093
 713     0.500  -29785880.778  6825793  -0.02139   0.00537
 714     0.500  -29786211.882  10544530   0.00223  -0.00530
 715     0.500  -29786268.326  9113660   0.00366  -0.00392
 716     0.500  -29786338.714  10149564   0.00689  -0.00312
 717     0.500  -29786714.989  8646021  -0.00486  -0.00043
 718     0.500  -29786630.627  7538331   0.00676   0.00097
 719     0.400  -29786488.721  9041936  -0.00691  -0.00635
 720     0.500  -29786657.624  8722185   0.01706  -0.00126
 721     0.500  -29785918.390  7849399  -0.01484   0.00130
 722     0.500  -29786239.905  8219645   0.00360  -0.00197
 723     0.500  -29786572.063  10157700   0.01425  -0.00412
 724     0.500  -29786550.305  7539974   0.01220   0.00177
 725     0.400  -29786644.077  7031350   0.01070   0.00445
 726     0.500  -29786343.336  7472828  -0.00450  -0.00245
 727     0.500  -29786427.927  6617932   0.00428   0.00429
 728     0.500  -29786483.189  6790340  -0.00308   0.00128
 729     0.500  -29786498.964  8712742   0.00973  -0.00272
 730     0.500  -29786013.465  7311269  -0.00557   0.00561
 731     0.500  -29786261.590  8224996  -0.00771  -0.00265
 732     0.400  -29786699.318  8356830  -0.00529  -0.00334
 733     0.500  -29786390.428  6863693  -0.01342   0.00356
 734     0.400  -29786784.431  7078462   0.01628   0.00570
 735     0.500  -29786620.949  9092773  -0.00301  -0.00173
 736     0.500  -29786190.307  10185649   0.00296  -0.00422
 737     0.400  -29786589.643  7591454   0.01615  -0.00308
 738     0.500  -29786625.358  7364010   0.01044   0.00348
 739     0.500  -29786257.508  6726147   0.00229   0.00159
 740     0.400  -29786405.177  8287885   0.00034   0.00104
 741     0.500  -29785929.295  8963685   0.00025  -0.00023
 742     0.400  -29786445.742  8149802   0.01086  -0.00125
 743     0.500  -29786465.162  8813132  -0.00293  -0.00064
 744     0.500  -29786240.648  7778355   0.00298  -0.00107
 745     0.500  -29786587.500  7697435   0.01252  -0.00091
 746     0.500  -29786588.818  9117116   0.01554  -0.00022
 747     0.500  -29786694.561  6616737   0.00417   0.00491
 748     0.500  -29785909.882  6798304  -0.01335   0.00601
 749     0.500  -29786520.773  6475183  -0.00930   0.00567
 750     0.500  -29785886.070  11596580  -0.01106  -0.00928
 751     0.500  -29786278.819  7626354  -0.00740  -0.00163
 752     0.500  -29786454.871  7734675   0.00996   0.00564
 753     0.500  -29786424.988  7617028   0.00016   0.00285
 754     0.500  -29786479.697  6582551   0.00430   0.00385
 755     0.500  -29786432.507  8349541   0.00409  -0.00122
 756     0.400  -29786492.097  7403396   0.01501   0.00389
 757     0.500  -29785965.676  8662188  -0.01430   0.00086
 758     0.500  -29786849.625  6880968  -0.00260   0.00371
 759     0.500  -29786089.172  9409667  -0.00785  -0.00633
 760     0.500  -29786404.374  8717901   0.00205   0.00039
 761     0.500  -29786356.314  6858323  -0.00043   0.00426
 762     0.500  -29786059.237  9486307  -0.00156  -0.00465
 763     0.500  -29786536.229  8334064   0.01118   0.00035
 764     0.500  -29785905.911  7293485  -0.00451   0.00274
 765     0.500  -29786547.732  10722762   0.00769  -0.00825
 766     0.500  -29786295.943  7208381  -0.00135   0.00212
 767     0.500  -29786300.016  7420420  -0.00333   0.00133
 768     0.500  -29786284.998  7293021  -0.00333   0.00341
 769     0.500  -29786738.583  6880305   0.00591   0.00132
 770     0.500  -29786395.601  8703407  -0.00013  -0.00068
 771     0.500  -29786450.645  7740206  -0.00541   0.00095
 772     0.500  -29786463.810  7815154   0.00726   0.00244
 773     0.500  -29786287.165  8045652   0.00631   0.00041
 774     0.500  -29786458.545  8152075  -0.00147  -0.00172
 775     0.400  -29786729.150  8687725   0.02260   0.00008
 776     0.500  -29786266.911  6987157  -0.00379   0.00453
 777     0.500  -29785837.818  8659886  -0.01804  -0.00096
 778     0.500  -29786177.823  9092387  -0.02482  -0.00289
 779     0.500  -29786189.426  9968228   0.00510  -0.00432
 780     0.500  -29786401.350  6682558  -0.00684   0.00211
 781     0.500  -29786157.758  10615770  -0.00057  -0.00510
 782     0.500  -29786155.412  8687297  -0.00038  -0.00136
 783     0.500  -29786464.967  8133438   0.01534  -0.00123
 784     0.500  -29785836.229  8472931  -0.02689   0.00024
 785     0.400  -29786769.549  7141696   0.01115   0.00169
 786     0.500  -29786286.782  10339605  -0.00691  -0.00155
 787     0.500  -29785991.821  8767809  -0.01170  -0.00340
 788     0.500  -29786751.398  6957995   0.00489   0.00481
 789     0.400  -29786327.917  6957928  -0.00244   0.00179
 790     0.500  -29786533.557  8363845  -0.00496  -0.00019
 791     0.500  -29786453.371  7184078   0.00625   0.00244
 792     0.400  -29786745.525  8836321   0.01369  -0.00139
 793     0.500  -29786675.802  7412851   0.00926   0.00043
 794     0.500  -29786471.617  7942645   0.02136   0.00044
 795     0.500  -29786106.858  9822137  -0.01152  -0.00426
 796     0.500  -29786239.856  8023346  -0.00470  -0.00058
 797     0.500  -29786198.420  8831810   0.01221  -0.00267
 798     0.500  -29786461.491  8652311   0.01737   0.00212
 799     0.500  -29786236.429  7861307   0.01299   0.00182
 800     0.500  -29786101.813  7530798  -0.01176  -0.00150
 801     0.500  -29786077.794  7985336   0.00434   0.00008
 802     0.500  -29786260.147  7678845   0.00325   0.00257
 803     0.400  -29786333.720  8555811  -0.00834  -0.00193
 804     0.500  -29786138.937  8397400  -0.00529  -0.00356
 805     0.500  -29786432.393  7081494   0.00439   0.00065
 806     0.400  -29786744.046  7459323   0.01337  -0.00212
 807     0.500  -29786478.606  7150790   0.00975   0.00214
 808     0.500  -29786263.193  7961596   0.00214  -0.00163
 809     0.500  -29786356.963  8991083   0.00067  -0.00065
 810     0.500  -29786407.714  7763421  -0.00563   0.00077
 811     0.500  -29786620.542  6382483  -0.00401   0.00690
 812     0.500  -29786645.770  6833242   0.02210   0.00582
 813     0.500  -29786437.037  8952585   0.01323  -0.00365
 814     0.500  -29786006.605  9179063  -0.00794  -0.00445
 815     0.500  -29786489.162  7695505  -0.00550   0.00073
 816     0.500  -29786470.653  7059285  -0.00587  -0.00178
 817     0.500  -29786409.448  7111681   0.00818   0.00245
 818     0.500  -29786272.526  9213639  -0.00167  -0.00489
 819     0.500  -29786454.771  9140738   0.00233  -0.00435
 820     0.500  -29786377.423  6524567  -0.01091   0.00372
 821     0.500  -29786279.495  10146091   0.00419  -0.00340
 822     0.500  -29786260.601  7655747  -0.01841  -0.00142
 823     0.500  -29786259.859  8812560   0.00287  -0.00080
 824     0.400  -29786359.016  9868966   0.00544  -0.00563
 825     0.500  -29786536.033  7243285  -0.00581   0.00486
 826     0.500  -29786090.035  9414418  -0.00262  -0.00797
 827     0.500  -29786398.239  8599782   0.00612  -0.00145
 828     0.500  -29786018.628  7748832  -0.00779   0.00373
 829     0.400  -29786610.246  7356513  -0.00108   0.00047
 830     0.500  -29785741.084  8374385  -0.01108  -0.00382
 831     0.500  -29786415.460  8082277   0.00287   0.00017
 832     0.500  -29786560.305  8149703   0.00522   0.00058
 833     0.500  -29786332.195  8795768   0.00685  -0.00485
 834     0.500  -29786640.607  6999802   0.01305   0.00347
 835     0.500  -29786454.183  6875815   0.00627   0.00387
 836     0.500  -29786129.836  9587647   0.00678  -0.00415
 837     0.500  -29786622.663  6795945   0.00846   0.00291
 838     0.400  -29786869.512  6819305   0.00979   0.00558
 839     0.500  -29785893.162  8663885  -0.01021  -0.00337
 840     0.500  -29786343.568  10053756   0.01974  -0.00516
 841     0.500  -29786185.249  8059158   0.00255   0.00268
 842     0.500  -29786151.570  8470601  -0.01508  -0.00390
 843     0.500  -29786246.941  9213404  -0.00004  -0.00448
 844     0.500  -29786215.494  9197177   0.00031  -0.00644
 845     0.500  -29786118.625  10487158   0.00633  -0.00676
 846     0.500  -29786539.562  8872743   0.00550  -0.00164
 847     0.500  -29786269.691  6619906  -0.00132   0.00482
 848     0.500  -29786302.199  10417389  -0.00172  -0.00522
 849     0.500  -29785994.970  8863532  -0.01091   0.00004
 850     0.500  -29786565.989  8458809   0.01343   0.00151
 851     0.500  -29785639.710  10620791  -0.00739  -0.00403
 852     0.500  -29786264.620  9368349   0.00045  -0.00697
 853     0.500  -29786254.206  8971052  -0.00818  -0.00148
 854     0.500  -29786430.232  6942018   0.00574   0.00555
 855     0.500  -29786343.444  6720336  -0.02114   0.00649
 856     0.500  -29786474.360  7109786  -0.00099   0.00414
 857     0.500  -29786854.900  6820047  -0.00720   0.00323
 858     0.500  -29786008.648  10188945  -0.00232  -0.00690
 859     0.500  -29786307.153  6961483   0.00418   0.00518
 860     0.500  -29786155.752  6922407  -0.01014  -0.00181
 861     0.500  -29786249.631  7857263   0.01015  -0.00166
 862     0.400  -29786447.724  8360726   0.00273  -0.00113
 863     0.500  -29786213.025  9964245   0.01008  -0.00320
 864     0.500  -29785993.771  9420139   0.00637  -0.00493
 865     0.400  -29786461.705  9163206   0.00904  -0.00553
 866     0.500  -29786134.072  7143865  -0.01501  -0.00130
 867     0.500  -29786532.831  6842866   0.00259   0.00617
 868     0.500  -29786075.487  7067399  -0.00348  -0.00037
 869     0.500  -29786390.985  7188580   0.01303   0.00190
 870     0.500  -29786488.420  6966642  -0.00092   0.00482
 871     0.500  -29786145.693  9401932  -0.01872  -0.00228
 872     0.500  -29786677.414  7564216   0.01040  -0.00142
 873     0.400  -29786610.605  8852437   0.02041   0.00037
 874     0.500  -29786266.662  8974702  -0.01457   0.00038
 875     0.500  -29786304.438  7082990  -0.01212   0.00227
 876     0.400  -29786534.393  7975666   0.00220   0.00319
 877     0.500  -29786647.279  7110267   0.01359   0.00458
 878     0.500  -29786464.420  7985905   0.00781   0.00225
 879     0.500  -29786073.135  8714051  -0.00350  -0.00159
 880     0.500  -29786099.451  11249512   0.00142  -0.01280
 881     0.400  -29786641.411  7266990   0.01238   0.00501
 882     0.500  -29786062.579  8217838   0.00518  -0.00051
 883     0.500  -29785975.181  10899630  -0.00179  -0.00927
 884     0.500  -29786514.820  10386961   0.02203  -0.00660
 885     0.500  -29786360.400  6393389  -0.00882   0.00400
 886     0.500  -29786517.346  9232270   0.01156  -0.00552
 887     0.500  -29785962.192  8272419  -0.00529   0.00253
 888     0.500  -29785917.706  8124693  -0.01926   0.00119
 889     0.500  -29785796.185  7296213  -0.00428  -0.00424
 890     0.500  -29786513.893  9217675   0.00476  -0.00231
 891     0.400  -29786704.181  6555101   0.00243   0.00655
 892     0.400  -29786693.629  6956495   0.00353   0.00543
 893     0.500  -29786332.677  8619479  -0.00371  -0.00295
 894     0.500  -29785780.848  8902954  -0.00568  -0.00864
 895     0.500  -29786050.678  9007347  -0.00791  -0.00392
 896     0.500  -29786158.058  8584988  -0.00377  -0.00105
 897     0.500  -29785972.261  6880232  -0.01450   0.00369
 898     0.400  -29786630.646  8700544   0.02236  -0.00162
 899     0.500  -29786061.833  8557558   0.00467  -0.00185
 900     0.400  -29786574.780  8670154   0.01144   0.00010
 901     0.500  -29786344.080  6723690  -0.00659   0.00372
 902     0.400  -29786617.928  7885300   0.01153   0.00031
 903     0.400  -29786400.799  10578892   0.01378  -0.00608
 904     0.400  -29786819.438  8174957   0.00041   0.00307
 905     0.500  -29786518.742  6874343   0.00758   0.00588
 906     0.500  -29786044.118  8764987   0.00745  -0.00453
 907     0.500  -29786171.695  7598118   0.01508   0.00048
 908     0.400  -29786446.594  8514625   0.01918  -0.00172
 909     0.500  -29786576.939  9848957  -0.00829  -0.00469
 910     0.500  -29786243.663  8285039  -0.01284  -0.00431
 911     0.500  -29786083.197  7968818  -0.01628   0.00027
 912     0.500  -29786262.372  7822528  -0.00831  -0.00072
 913     0.500  -29786705.511  6477981   0.00919   0.00536
 914     0.500  -29786155.708  8100430  -0.00423   0.00124
 915     0.500  -29786375.286  8453905   0.01023  -0.00381
 916     0.400  -29786323.366  7342739   0.00374   0.00422
 917     0.500  -29786118.879  8814513  -0.00630  -0.00628
 918     0.500  -29786058.452  9655963  -0.00513  -0.00176
 919     0.500  -29786148.848  9891452  -0.00336  -0.00344
 920     0.500  -29786496.602  7271900   0.01660   0.00314
 921     0.400  -29786670.450  7863479   0.00323   0.00262
 922     0.400  -29786478.914  7954059   0.00185  -0.00008
 923     0.500  -29786309.480  6811476   0.00516   0.00325
 924     0.500  -29786238.652  9069561  -0.00703  -0.00460
 925     0.500  -29786347.683  8878931  -0.00008  -0.00080
 926     0.500  -29786032.152  9506265   0.00361  -0.00815
 927     0.500  -29786667.885  8478015  -0.00860   0.00164
 928     0.500  -29786468.438  6448943  -0.00954   0.00420
 929     0.500  -29786571.599  7684729  -0.00232   0.00378
 930     0.500  -29786371.067  8903483  -0.00278  -0.00017
 931     0.500  -29786523.497  8962639   0.00328  -0.00105
 932     0.400  -29786555.746  8314924   0.00732   0.00118
 933     0.500  -29786455.620  8715762  -0.00591   0.00149
 934     0.500  -29786488.568  6619098   0.00660   0.00459
 935     0.500  -29786680.137  7044408   0.00293   0.00584
 936     0.500  -29786364.904  6404433   0.00031   0.00627
 937     0.500  -29786444.704  7915214  -0.00252   0.00202
 938     0.500  -29786293.886  8825135   0.00533   0.00068
 939     0.500  -29786284.171  9187804  -0.00978  -0.00586
 940     0.500  -29785676.394  9377000  -0.01686  -0.00170
 941     0.500  -29786550.905  8170293   0.01507  -0.00058
 942     0.500  -29785862.784  9960832  -0.00539  -0.00384
 943     0.500  -29786270.768  7094606  -0.02426   0.00398
 944     0.500  -29786565.056  7437490   0.01042   0.00395
 945     0.500  -29786468.719  6874334  -0.00612   0.00498
 946     0.500  -29786568.161  7669294  -0.00920  -0.00054
 947     0.500  -29786355.959  9028054   0.01052  -0.00371
 948     0.500  -29786836.808  6812982   0.00898   0.00308
 949     0.500  -29786238.719  7044634  -0.00940   0.00232
 950     0.500  -29786332.066  9066281   0.01052  -0.00200
 951     0.500  -29786094.866  10398773  -0.00097  -0.00858
 952     0.500  -29786143.140  7661517  -0.00646   0.00109
 953     0.500  -29786394.854  8715941  -0.00560  -0.00313
 954     0.500  -29785925.453  7283829   0.00318   0.00313
 955     0.500  -29786695.103  7959809   0.00417  -0.00145
 956     0.500  -29786386.362  6690481  -0.00425   0.00413
 957     0.500  -29786136.527  7162417  -0.01230   0.00218
 958     0.500  -29786673.555  7406477   0.02003  -0.00298
 959     0.500  -29786450.138  7468996   0.00383   0.00049
 960     0.500  -29786368.603  6736580   0.00231   0.00266
 961     0.500  -29786656.934  8125637  -0.00411   0.00275
 962     0.400  -29786572.395  7372875  -0.00773   0.00366
 963     0.500  -29786301.640  6993455  -0.01040  -0.00233
 964     0.500  -29786406.944  6832647  -0.01378   0.00426
 965     0.500  -29786299.522  10043066  -0.00358  -0.00589
 966     0.500  -29786263.134  8219265  -0.00464  -0.00346
 967     0.500  -29786181.315  8413085  -0.00714  -0.00205
 968     0.500  -29786182.561  9665799   0.00532  -0.00471
 969     0.500  -29786263.407  9307199   0.00742  -0.00489
 970     0.500  -29786361.240  8179501  -0.00587  -0.00109
 971     0.500  -29786324.244  6931130   0.00793   0.00174
 972     0.500  -29786498.020  8031798  -0.00206   0.00371
 973     0.500  -29786025.879  8819561  -0.00488  -0.00304
 974     0.500  -29786417.231  8392376   0.01014  -0.00271
 975     0.500  -29786017.479  9469765   0.00147  -0.00534
 976     0.500  -29786565.897  6926193  -0.01079   0.00408
 977     0.500  -29786616.532  6459124   0.00220   0.00523
 978     0.500  -29785745.950  10137596   0.00060  -0.00748
 979     0.500  -29786277.359  9239206   0.00927  -0.00148
 980     0.500  -29786282.234  7475592  -0.00169  -0.00288
 981     0.500  -29786173.022  8671929  -0.00524  -0.00092
 982     0.500  -29786259.769  7327454   0.00324   0.00172
 983     0.500  -29786562.150  6760951  -0.00669   0.00242
 984     0.500  -29786426.911  9888566   0.00586  -0.01260
 985     0.500  -29786481.617  7248210   0.00870   0.00484
 986     0.500  -29786547.819  7168415  -0.01969   0.00558
 987     0.500  -29785835.880  6768825  -0.03075   0.00279
 988     0.400  -29786575.194  6719025  -0.00646   0.00229
 989     0.500  -29786238.737  6432045  -0.01926   0.00370
 990     0.500  -29786313.914  7510795   0.00166   0.00056
 991     0.500  -29786555.378  6554915  -0.00983   0.00283
 992     0.500  -29786175.687  8292655   0.00641   0.00177
 993     0.500  -29786295.169  6370002  -0.00647   0.00428
 994     0.500  -29785821.840  9925049   0.00224  -0.00317
 995     0.500  -29785912.227  7648599  -0.01838   0.00427
 996     0.500  -29786213.250  8889798   0.00041  -0.00165
 997     0.500  -29786423.138  9267881   0.01623  -0.00145
 998     0.500  -29786393.282  9304749  -0.00332  -0.00396
 999     0.500  -29786289.469  7627616   0.00211   0.00344
1000     0.500  -29786319.305  7395115  -0.00353   0.00472
