820 30000.000 L
2.000
55.000
59.000
67.000
73.000
74.000
103.000
110.000
168.000
171.000
176.000
244.000
365.000
436.000
498.000
561.000
586.000
594.000
674.000
693.000
723.000
728.000
840.000
848.000
866.000
896.000
918.000
943.000
958.000
1095.000
1099.000
1157.000
1212.000
1231.000
1294.000
1337.000
1360.000
1475.000
1590.000
1769.000
1838.000
1891.000
1949.000
1963.000
2090.000
2201.000
2244.000
2262.000
2323.000
2331.000
2357.000
2421.000
2430.000
2516.000
2585.000
2600.000
2622.000
2639.000
2671.000
2672.000
2685.000
2704.000
2756.000
2904.000
2934.000
2959.000
2970.000
2994.000
3040.000
3052.000
3136.000
3231.000
3234.000
3265.000
3308.000
3325.000
3345.000
3350.000
3399.000
3405.000
3416.000
3466.000
3468.000
3489.000
3524.000
3555.000
3561.000
3598.000
3664.000
3667.000
3690.000
3729.000
3771.000
3859.000
3863.000
3975.000
3985.000
4113.000
4133.000
4248.000
4308.000
4339.000
4400.000
4422.000
4441.000
4503.000
4512.000
4570.000
4621.000
4637.000
4658.000
4671.000
4687.000
4721.000
4824.000
4855.000
4976.000
4987.000
4989.000
5031.000
5032.000
5034.000
5099.000
5124.000
5168.000
5178.000
5202.000
5209.000
5256.000
5265.000
5319.000
5331.000
5353.000
5386.000
5419.000
5437.000
5452.000
5513.000
5527.000
5564.000
5606.000
5609.000
5683.000
5698.000
5699.000
5770.000
5806.000
5874.000
5876.000
5899.000
5907.000
5912.000
5935.000
5964.000
5974.000
6019.000
6035.000
6079.000
6087.000
6173.000
6232.000
6278.000
6307.000
6371.000
6390.000
6404.000
6454.000
6455.000
6483.000
6502.000
6621.000
6708.000
6711.000
6712.000
6792.000
6861.000
6908.000
6957.000
7014.000
7025.000
7047.000
7103.000
7205.000
7256.000
7305.000
7324.000
7340.000
7345.000
7359.000
7370.000
7379.000
7398.000
7422.000
7455.000
7536.000
7648.000
7780.000
7794.000
7814.000
7816.000
7822.000
7848.000
7902.000
7944.000
7984.000
8018.000
8035.000
8037.000
8047.000
8066.000
8090.000
8174.000
8228.000
8253.000
8258.000
8262.000
8283.000
8296.000
8300.000
8323.000
8377.000
8383.000
8407.000
8516.000
8525.000
8526.000
8696.000
8708.000
8717.000
8820.000
8870.000
8886.000
8909.000
8921.000
8924.000
9034.000
9056.000
9062.000
9064.000
9073.000
9303.000
9324.000
9335.000
9400.000
9404.000
9587.000
9632.000
9674.000
9677.000
9815.000
9843.000
9892.000
10039.000
10084.000
10117.000
10139.000
10155.000
10179.000
10192.000
10238.000
10244.000
10342.000
10352.000
10373.000
10382.000
10403.000
10437.000
10455.000
10472.000
10568.000
10582.000
10622.000
10657.000
10663.000
10677.000
10820.000
10831.000
10837.000
10851.000
10904.000
10941.000
10989.000
11004.000
11052.000
11106.000
11180.000
11190.000
11203.000
11211.000
11219.000
11252.000
11267.000
11298.000
11368.000
11380.000
11590.000
11650.000
11655.000
11659.000
11673.000
11756.000
11764.000
11897.000
11929.000
11954.000
11975.000
11993.000
12008.000
12009.000
12056.000
12107.000
12137.000
12141.000
12145.000
12146.000
12251.000
12286.000
12305.000
12432.000
12451.000
12500.000
12554.000
12650.000
12788.000
12809.000
12879.000
12951.000
12996.000
13069.000
13105.000
13120.000
13181.000
13217.000
13226.000
13235.000
13296.000
13335.000
13369.000
13379.000
13385.000
13387.000
13404.000
13424.000
13470.000
13485.000
13507.000
13560.000
13592.000
13607.000
13608.000
13609.000
13619.000
13634.000
13642.000
13731.000
13765.000
13896.000
13905.000
13909.000
13917.000
13941.000
13946.000
13951.000
13976.000
14058.000
14092.000
14177.000
14178.000
14192.000
14201.000
14233.000
14242.000
14267.000
14298.000
14326.000
14332.000
14345.000
14363.000
14365.000
14392.000
14411.000
14496.000
14539.000
14592.000
14639.000
14800.000
14858.000
14861.000
14871.000
14892.000
14902.000
14974.000
14986.000
15013.000
15039.000
15079.000
15114.000
15133.000
15157.000
15166.000
15181.000
15184.000
15261.000
15343.000
15360.000
15411.000
15431.000
15447.000
15485.000
15515.000
15522.000
15551.000
15556.000
15570.000
15650.000
15688.000
15702.000
15717.000
15771.000
15799.000
15846.000
15856.000
16055.000
16064.000
16110.000
16268.000
16284.000
16332.000
16373.000
16384.000
16398.000
16399.000
16494.000
16513.000
16546.000
16557.000
16567.000
16573.000
16618.000
16654.000
16660.000
16679.000
16704.000
16819.000
16848.000
16887.000
16943.000
17040.000
17108.000
17289.000
17336.000
17357.000
17430.000
17444.000
17670.000
17698.000
17733.000
17735.000
17762.000
17769.000
17805.000
17839.000
17868.000
17885.000
17976.000
17983.000
18021.000
18092.000
18167.000
18224.000
18301.000
18313.000
18318.000
18340.000
18380.000
18433.000
18502.000
18506.000
18544.000
18571.000
18614.000
18626.000
18644.000
18722.000
18733.000
18978.000
18985.000
19004.000
19005.000
19014.000
19040.000
19055.000
19111.000
19133.000
19192.000
19206.000
19301.000
19326.000
19452.000
19499.000
19518.000
19547.000
19572.000
19573.000
19601.000
19721.000
19722.000
19732.000
19740.000
19741.000
19771.000
19793.000
19830.000
19832.000
19867.000
19870.000
19947.000
19972.000
19990.000
20005.000
20046.000
20062.000
20071.000
20105.000
20170.000
20245.000
20285.000
20357.000
20453.000
20461.000
20479.000
20500.000
20524.000
20540.000
20567.000
20592.000
20600.000
20607.000
20613.000
20645.000
20649.000
20753.000
20793.000
20817.000
20827.000
20866.000
20877.000
20911.000
20928.000
20943.000
20977.000
21021.000
21123.000
21130.000
21137.000
21174.000
21247.000
21252.000
21258.000
21260.000
21268.000
21294.000
21352.000
21386.000
21429.000
21437.000
21442.000
21492.000
21549.000
21650.000
21696.000
21703.000
21704.000
21745.000
21769.000
21825.000
21828.000
21857.000
21908.000
21972.000
22000.000
22051.000
22058.000
22101.000
22115.000
22134.000
22138.000
22140.000
22166.000
22168.000
22169.000
22224.000
22242.000
22246.000
22253.000
22286.000
22361.000
22395.000
22411.000
22530.000
22551.000
22587.000
22590.000
22592.000
22640.000
22661.000
22680.000
22684.000
22689.000
22739.000
22743.000
22820.000
22830.000
22840.000
22935.000
23048.000
23111.000
23142.000
23176.000
23193.000
23199.000
23225.000
23263.000
23268.000
23313.000
23327.000
23330.000
23408.000
23410.000
23460.000
23505.000
23521.000
23531.000
23549.000
23559.000
23580.000
23591.000
23613.000
23617.000
23623.000
23640.000
23663.000
23671.000
23751.000
23908.000
23957.000
23990.000
23999.000
24018.000
24021.000
24027.000
24085.000
24108.000
24173.000
24182.000
24224.000
24260.000
24324.000
24346.000
24380.000
24387.000
24413.000
24460.000
24486.000
24493.000
24541.000
24547.000
24575.000
24579.000
24635.000
24735.000
24753.000
24768.000
24791.000
24817.000
24841.000
24879.000
24886.000
24970.000
24985.000
24993.000
25024.000
25112.000
25119.000
25138.000
25168.000
25201.000
25252.000
25263.000
25307.000
25364.000
25426.000
25450.000
25453.000
25486.000
25499.000
25526.000
25553.000
25577.000
25700.000
25736.000
25743.000
25762.000
25832.000
25834.000
25922.000
25923.000
25949.000
25978.000
25984.000
25995.000
26101.000
26115.000
26146.000
26174.000
26176.000
26259.000
26278.000
26296.000
26320.000
26343.000
26382.000
26407.000
26408.000
26419.000
26425.000
26468.000
26479.000
26505.000
26514.000
26525.000
26634.000
26706.000
26723.000
26735.000
26737.000
26760.000
26816.000
26887.000
27021.000
27030.000
27058.000
27107.000
27162.000
27235.000
27252.000
27276.000
27296.000
27436.000
27553.000
27730.000
27768.000
27776.000
27780.000
27791.000
27811.000
27837.000
27866.000
27884.000
27905.000
27906.000
27928.000
28034.000
28061.000
28090.000
28142.000
28178.000
28189.000
28204.000
28233.000
28263.000
28273.000
28277.000
28323.000
28363.000
28364.000
28385.000
28499.000
28529.000
28554.000
28584.000
28589.000
28653.000
28688.000
28706.000
28711.000
28724.000
28764.000
28948.000
28981.000
29017.000
29065.000
29077.000
29121.000
29151.000
29208.000
29235.000
29250.000
29256.000
29282.000
29309.000
29371.000
29409.000
29470.000
29492.000
29523.000
29525.000
29606.000
29689.000
29707.000
29801.000
29805.000
29865.000
29883.000
29930.000
29932.000
29946.000
29947.000
29958.000
29966.000
