
Sliding windows analysis - rho for total gene = 0.00015 per bp/kb

SNP_L	 SNP_R	 #SNPs	4Ner/bp/kb	 CLR	  Tajima's D

     30.00	    252.00	   5	   0.00000	    109.71	    -1.499
    301.00	    582.00	   9	   0.00000	    218.58	    -2.256
    606.00	    897.00	   8	   0.00007	    361.57	    -1.852
    900.00	   1154.00	   3	   0.00000	    477.69	    -1.631
   1227.00	   1483.00	   9	   0.00012	    578.19	    -1.220
   1681.00	   1761.00	   3	   0.00013	    729.22	    -1.358
   1812.00	   2022.00	   7	   0.00010	    798.44	    -1.116
   2148.00	   2394.00	  10	   0.00008	   1002.05	    -2.046
   2446.00	   2589.00	   3	   0.00000	   1199.32	     0.178
   2700.00	   2958.00	   6	   0.00016	   1193.85	    -1.510
   3006.00	   3286.00	   8	   0.00007	   1367.92	    -1.001
   3308.00	   3595.00	   9	   0.00014	   1513.27	    -1.012
   3603.00	   3894.00	  11	   0.00021	   1746.27	    -1.675
   3921.00	   4134.00	   4	   0.00014	   1879.17	    -1.800
   4236.00	   4458.00	   4	   0.00027	   1843.63	    -1.511
   4518.00	   4788.00	  10	   0.00033	   1895.40	    -0.592
   4812.00	   5094.00	  10	   0.00021	   2168.28	    -2.079
   5139.00	   5373.00	   6	   0.00013	   2268.10	    -1.218
   5400.00	   5697.00	  11	   0.00013	   2318.78	    -1.194
   5727.00	   5961.00	   5	   0.00000	   2520.05	    -1.831
   6006.00	   6165.00	   6	   0.00000	   2615.48	    -1.287
   6300.00	   6585.00	   8	   0.00000	   2712.77	    -0.852
   6664.00	   6849.00	   9	   0.00000	   2890.12	    -1.655
   6927.00	   7149.00	   7	   0.00000	   3045.00	    -0.900
   7215.00	   7485.00	   8	   0.00000	   3184.69	    -1.813
   7674.00	   7770.00	   3	   0.00000	   3256.89	    -1.223
   7998.00	   8040.00	   3	   0.00000	   3316.65	    -0.367
   8124.00	   8376.00	   3	   0.00000	   3318.85	    -0.894
   8550.00	   8682.00	   4	   0.00000	   3397.85	    -1.290
   8910.00	   8991.00	   3	   0.00000	   3407.27	    -1.171
   9015.00	   9225.00	   8	   0.00000	   3452.76	    -1.711
   9301.00	   9510.00	   4	   0.00000	   3492.38	    -1.567
   9628.00	   9893.00	   7	   0.00000	   3541.65	    -1.548
   9949.00	  10128.00	   3	   0.00000	   3597.28	    -1.560
  10209.00	  10485.00	   9	   0.00000	   3615.70	    -1.835
  10500.00	  10776.00	   6	   0.00000	   3655.13	    -0.387
  10926.00	  11088.00	   4	   0.00000	   3776.97	    -1.233
  11103.00	  11394.00	  14	   0.00000	   3856.88	    -1.471
  11409.00	  11653.00	  12	   0.00000	   4011.37	    -1.442
  11748.00	  11991.00	   5	   0.00000	   4092.73	    -1.544
  12009.00	  12228.00	   3	   0.00000	   4114.46	    -0.469
  12318.00	  12567.00	   9	   0.00000	   4111.81	    -1.618
  12636.00	  12897.00	   8	   0.00000	   4080.32	    -1.644
  12900.00	  13130.00	  10	   0.00000	   4081.91	    -1.637
  13206.00	  13494.00	   9	   0.00000	   4111.25	    -1.342
  13614.00	  13794.00	   6	   0.00000	   4191.90	    -0.970
  13970.00	  14016.00	   4	   0.00000	   4222.78	    -1.462
  14142.00	  14373.00	   5	   0.00000	   4183.37	    -0.582
  14455.00	  14632.00	   3	   0.00000	   4196.38	    -0.540
  14703.00	  14970.00	  11	   0.00000	   4165.93	    -1.467
  15039.00	  15294.00	   6	   0.00000	   4227.59	    -1.002
  15435.00	  15522.00	   5	   0.00000	   4248.28	    -1.006
  15625.00	  15876.00	   4	   0.00000	   4229.28	    -0.790
  15962.00	  16136.00	   5	   0.00000	   4227.29	    -1.931
  16203.00	  16437.00	   6	   0.00000	   4217.93	    -1.575
  16500.00	  16746.00	   7	   0.00000	   4207.32	    -1.024
  16878.00	  17056.00	   7	   0.00000	   4181.02	    -1.640
  17112.00	  17361.00	  10	   0.00000	   4168.73	    -1.117
  17430.00	  17645.00	   9	   0.00000	   4118.58	    -1.945
  17715.00	  17997.00	  10	   0.00011	   4051.18	    -1.036
  18006.00	  18175.00	   8	   0.00006	   4056.27	    -1.308
  18306.00	  18570.00	   9	   0.00015	   4012.22	    -2.160
  18612.00	  18891.00	  13	   0.00014	   3978.53	    -2.194
  18918.00	  19088.00	   7	   0.00018	   3951.28	    -0.012
  19310.00	  19461.00	   4	   0.00027	   3910.11	    -1.399
  19518.00	  19794.00	   6	   0.00018	   3868.30	    -0.849
  19962.00	  20058.00	   6	   0.00042	   3806.61	    -1.052
  20109.00	  20349.00	  12	   0.00033	   3672.17	    -1.785
  20424.00	  20652.00	  10	   0.00040	   3577.68	    -0.485
  20719.00	  20964.00	  12	   0.00045	   3445.94	    -1.229
  21093.00	  21285.00	   7	   0.00057	   3387.43	    -1.856
  21342.00	  21501.00	   5	   0.00076	   3379.63	    -1.521
  21603.00	  21897.00	  14	   0.00058	   3245.04	    -2.085
  21927.00	  22152.00	  13	   0.00085	   3096.84	    -1.229
  22216.00	  22485.00	  13	   0.00086	   2925.01	    -2.293
  22503.00	  22767.00	  14	   0.00095	   2780.21	    -1.289
  22802.00	  23083.00	  16	   0.00107	   2573.29	    -1.983
  23103.00	  23337.00	  11	   0.00124	   2536.12	    -1.405
  23443.00	  23691.00	  15	   0.00121	   2377.88	    -1.337
  23736.00	  23991.00	   7	   0.00114	   2309.04	    -0.911
  24006.00	  24273.00	   6	   0.00109	   2169.24	    -0.777
  24367.00	  24588.00	   9	   0.00136	   2119.01	    -1.063
  24743.00	  24837.00	   6	   0.00330	   2049.29	    -1.704
  24952.00	  25179.00	   9	   0.00150	   1930.05	    -1.789
  25291.00	  25479.00	   7	   0.00213	   1828.91	    -1.224
  25524.00	  25749.00	   6	   0.00174	   1801.24	    -1.533
  25803.00	  26070.00	  10	   0.00146	   1721.24	    -1.665
  26143.00	  26382.00	   9	   0.00138	   1696.11	    -2.032
  26430.00	  26623.00	   9	   0.00130	   1636.71	    -1.170
  26770.00	  26963.00	  10	   0.00114	   1536.07	    -0.840
  27007.00	  27295.00	   8	   0.00073	   1451.37	    -1.708
  27462.00	  27562.00	   4	   0.00210	   1282.83	    -0.490
  27612.00	  27870.00	  11	   0.00109	   1167.03	    -1.924
  27945.00	  28182.00	   9	   0.00144	    977.28	    -1.777
  28239.00	  28491.00	  12	   0.00203	    711.79	    -0.986
  28581.00	  28764.00	   5	   0.00246	    559.89	    -1.831
  28872.00	  29010.00	   6	   0.00377	    420.91	    -1.426
  29247.00	  29382.00	   5	   0.00430	    324.21	    -1.421
  29400.00	  29634.00	  10	   0.00338	    205.45	    -1.286
  29712.00	  29967.00	  10	   0.00039	    125.04	    -1.347
