Distribution of estimated Rho values

Shuffle   Rho    Lkmax      G4     corr(r2,d)   corr(D',d)

   1     4.605  -10778564.169  30979962  -0.00028  -0.00226
   2     4.595  -10778396.799  33020018   0.00278  -0.01048
   3     4.585  -10778541.173  31528150   0.00789  -0.00298
   4     4.685  -10778471.827  31042875   0.00114  -0.00065
   5     4.675  -10778567.937  30099310  -0.00058   0.00507
   6     4.515  -10778523.928  31179881   0.00500  -0.00149
   7     4.735  -10778449.251  29257132  -0.00884   0.00784
   8     4.755  -10778496.413  30024376   0.00039   0.00320
   9     4.685  -10778360.434  30578900  -0.00419   0.00265
  10     4.755  -10778415.544  32481611   0.00338  -0.00744
  11     4.645  -10778486.477  29830186   0.00206   0.00592
  12     4.525  -10778638.557  30569552   0.00912   0.00327
  13     4.655  -10778627.308  29275919  -0.00508   0.00609
  14     4.615  -10778398.666  30937382  -0.00501   0.00287
  15     4.474  -10778468.281  31355328   0.00087   0.00005
  16     4.645  -10778476.539  31749935   0.00245  -0.00307
  17     4.815  -10778590.341  30181064  -0.00161   0.00443
  18     4.695  -10778412.430  32421902   0.00081  -0.00405
  19     4.705  -10778538.162  30666463   0.00252   0.00095
  20     4.685  -10778540.702  29837729   0.00288   0.00577
  21     4.705  -10778517.364  30494460  -0.00106   0.00242
  22     4.715  -10778534.493  29886695  -0.00358   0.00362
  23     4.505  -10778373.354  33458795  -0.00370  -0.01104
  24     4.535  -10778545.054  31005009  -0.00062  -0.00034
  25     4.905  -10778564.300  28218753  -0.01365   0.01096
  26     4.795  -10778369.953  30112549  -0.00463   0.00583
  27     4.605  -10778295.453  32581459  -0.00288  -0.00730
  28     4.605  -10778396.349  31931742  -0.00341  -0.00592
  29     4.555  -10778594.379  28630590  -0.00146   0.01242
  30     4.595  -10778781.303  28581903   0.00587   0.01090
  31     4.655  -10778586.596  30509990  -0.00298   0.00267
  32     4.725  -10778577.298  29950526  -0.00264   0.00431
  33     4.735  -10778336.577  31539355  -0.00680  -0.00264
  34     4.695  -10778405.449  31650524   0.00615  -0.00472
  35     4.615  -10778453.194  32763864   0.00684  -0.00539
  36     4.755  -10778597.077  29409796   0.00512   0.00832
  37     4.725  -10778569.770  29924636   0.01076   0.00568
  38     4.615  -10778637.548  29559765  -0.00035   0.00657
  39     4.825  -10778456.628  30790603  -0.00532   0.00124
  40     4.595  -10778463.971  30993649   0.00315   0.00109
  41     4.765  -10778340.159  31401858  -0.00443  -0.00086
  42     4.775  -10778392.760  29767334  -0.00307   0.00333
  43     4.775  -10778445.194  31726059  -0.00631  -0.00289
  44     4.705  -10778486.046  30726392   0.00055   0.00152
  45     4.675  -10778157.691  34604490   0.00213  -0.01538
  46     4.735  -10778314.105  32309795  -0.00804  -0.00405
  47     4.615  -10778515.475  31030270   0.00340  -0.00080
  48     4.785  -10778749.146  27017292   0.00242   0.01801
  49     4.625  -10778675.493  29158255  -0.00038   0.00763
  50     4.615  -10778293.011  34130827  -0.00619  -0.01343
  51     4.645  -10778350.867  32844581   0.00288  -0.00574
  52     4.745  -10778518.784  31390202   0.00469  -0.00268
  53     4.605  -10778516.371  30979523   0.00565  -0.00046
  54     4.685  -10778565.010  30012256  -0.00405   0.00346
  55     4.725  -10778522.277  29624106   0.00041   0.00738
  56     4.655  -10778478.908  30550812   0.00472   0.00215
  57     4.715  -10778584.075  29789877  -0.00029   0.00557
  58     4.695  -10778366.534  33705077   0.00185  -0.01181
  59     4.595  -10778491.165  32051369   0.01399  -0.00337
  60     4.615  -10778607.364  29590647   0.00126   0.00517
  61     4.705  -10778399.248  31238546   0.00179  -0.00233
  62     4.605  -10778639.628  29786830   0.00177   0.00816
  63     4.595  -10778532.856  31965052  -0.00115  -0.00386
  64     4.705  -10778436.891  32104427   0.00243  -0.00416
  65     4.745  -10778285.476  31390474  -0.00083  -0.00246
  66     4.775  -10778534.381  30048445  -0.00051   0.00281
  67     4.685  -10778636.469  28863288  -0.00367   0.00685
  68     4.705  -10778565.575  29891823   0.00181   0.00400
  69     4.665  -10778576.823  30393723   0.00106   0.00273
  70     4.645  -10778501.096  30410982   0.00009   0.00221
  71     4.635  -10778600.834  28958117  -0.00266   0.01107
  72     4.635  -10778448.553  31760554   0.00157  -0.00390
  73     4.705  -10778482.797  30891503   0.00173  -0.00151
  74     4.585  -10778685.548  29953418   0.00577   0.00557
  75     4.755  -10778500.146  30044462   0.00375   0.00489
  76     4.595  -10778484.382  30351043   0.00322   0.00468
  77     4.775  -10778609.842  28489186  -0.00533   0.01130
  78     4.605  -10778574.747  29895738   0.00423   0.00416
  79     4.575  -10778441.188  32768568   0.00227  -0.00958
  80     4.615  -10778591.530  30139656  -0.00111   0.00476
  81     4.595  -10778589.633  31537596   0.00802  -0.00221
  82     4.765  -10778467.444  28919947  -0.00209   0.00734
  83     4.725  -10778600.887  29698451   0.00374   0.00633
  84     4.605  -10778553.753  29747010  -0.00223   0.00591
  85     4.675  -10778470.164  32482711  -0.00454  -0.00695
  86     4.795  -10778595.654  29257174  -0.00975   0.00624
  87     4.605  -10778578.186  29719210  -0.00371   0.00627
  88     4.775  -10778303.723  32047331  -0.00190  -0.00509
  89     4.785  -10778333.636  31923227  -0.00028  -0.00521
  90     4.595  -10778400.549  31631163  -0.00454  -0.00277
  91     4.535  -10778456.793  31272190   0.00231   0.00093
  92     4.715  -10778452.736  31633195  -0.00028  -0.00293
  93     4.715  -10778350.751  32471282  -0.00051  -0.00666
  94     4.825  -10778295.195  31538466  -0.00564  -0.00344
  95     4.765  -10778474.419  31569812   0.00073  -0.00355
  96     4.615  -10778361.172  32659766  -0.00242  -0.00645
  97     4.705  -10778415.785  32011308   0.00275  -0.00506
  98     4.605  -10778467.156  29860766  -0.00048   0.00358
  99     4.605  -10778499.203  31468374  -0.00151  -0.00155
 100     4.725  -10778643.707  29706808   0.00020   0.00589
 101     4.615  -10778398.911  31903066   0.00339  -0.00290
 102     4.765  -10778397.542  32324592   0.00121  -0.00370
 103     4.725  -10778444.537  31344936   0.00821  -0.00066
 104     4.585  -10778530.034  30521939  -0.00306   0.00291
 105     4.685  -10778517.049  30813465  -0.00217   0.00128
 106     4.765  -10778308.560  30505098  -0.00951   0.00123
 107     4.545  -10778349.954  31493803   0.00223  -0.00308
 108     4.575  -10778584.624  31393122  -0.00419  -0.00300
 109     4.655  -10778454.863  31555710   0.00576  -0.00413
 110     4.585  -10778483.941  30297635  -0.00457   0.00387
 111     4.605  -10778367.650  31167717   0.00206   0.00006
 112     4.685  -10778398.760  30577355  -0.00282   0.00166
 113     4.655  -10778424.773  31135420   0.00238  -0.00189
 114     4.605  -10778388.079  31929740   0.00027  -0.00536
 115     4.585  -10778438.640  31166064   0.00308   0.00051
 116     4.775  -10778628.181  30825583   0.00289   0.00163
 117     4.645  -10778508.133  31568893   0.00232  -0.00325
 118     4.665  -10778655.044  28907265   0.00274   0.01026
 119     4.765  -10778496.154  31386700  -0.00062  -0.00216
 120     4.655  -10778503.622  31016724  -0.00137  -0.00097
 121     4.665  -10778506.694  31342452   0.00559  -0.00075
 122     4.825  -10778342.343  32817609   0.00136  -0.01000
 123     4.695  -10778282.966  32892534  -0.00281  -0.00955
 124     4.565  -10778491.331  30099071   0.00034   0.00474
 125     4.805  -10778321.510  32829065   0.00533  -0.01136
 126     4.715  -10778405.622  30919492   0.00114   0.00136
 127     4.735  -10778578.283  30064214  -0.00505   0.00349
 128     4.725  -10778668.095  29033238  -0.00086   0.01220
 129     4.605  -10778407.632  31756018   0.00132  -0.00225
 130     4.765  -10778496.641  31621427   0.00616  -0.00384
 131     4.645  -10778537.924  29530439  -0.00248   0.00974
 132     4.615  -10778685.553  29074774   0.00255   0.00933
 133     4.605  -10778386.329  32421511   0.00119  -0.00740
 134     4.805  -10778443.527  30912786   0.00352   0.00324
 135     4.735  -10778720.875  28660523   0.00465   0.01158
 136     4.835  -10778475.196  31116948  -0.00522  -0.00201
 137     4.695  -10778551.646  30437667  -0.00329   0.00252
 138     4.715  -10778451.941  30964716  -0.00444   0.00320
 139     4.685  -10778428.259  31465185  -0.00333  -0.00256
 140     4.785  -10778324.031  31797061   0.00124  -0.00527
 141     4.755  -10778623.440  29915683  -0.00289   0.00539
 142     4.675  -10778279.005  31065985  -0.00487  -0.00139
 143     4.685  -10778467.751  31640891  -0.00383  -0.00292
 144     4.725  -10778582.636  30166831   0.00360   0.00287
 145     4.545  -10778672.228  30244947   0.00071   0.00300
 146     4.655  -10778443.214  30959067   0.00566  -0.00023
 147     4.605  -10778655.665  29163187   0.00381   0.01062
 148     4.615  -10778503.311  31550314   0.00384  -0.00335
 149     4.655  -10778486.127  30336851   0.00252   0.00327
 150     4.575  -10778329.216  31322389   0.00264   0.00035
 151     4.605  -10778608.618  29919254  -0.00202   0.00469
 152     4.615  -10778547.500  31441283   0.00355  -0.00126
 153     4.775  -10778530.774  29697362  -0.00347   0.00435
 154     4.645  -10778760.213  29524119   0.00723   0.00635
 155     4.755  -10778437.693  31423926   0.00206  -0.00181
 156     4.655  -10778733.966  29675827   0.00819   0.00612
 157     4.685  -10778746.567  30399164   0.00891   0.00385
 158     4.635  -10778399.016  32669877   0.00119  -0.00624
 159     4.705  -10778327.605  32286610  -0.00511  -0.00490
 160     4.695  -10778475.790  30028633   0.00325   0.00456
 161     4.645  -10778543.897  30049205   0.00327   0.00277
 162     4.535  -10778582.980  31480235   0.00209  -0.00120
 163     4.625  -10778599.218  30502283  -0.00186   0.00227
 164     4.645  -10778486.566  29641073  -0.00356   0.00549
 165     4.525  -10778642.935  31380032  -0.00320  -0.00183
 166     4.595  -10778368.038  31819469  -0.00227  -0.00368
 167     4.795  -10778537.129  29953870  -0.00643   0.00315
 168     4.665  -10778255.906  33892089   0.00113  -0.01377
 169     4.705  -10778541.861  29356295   0.00060   0.00688
 170     4.615  -10778601.970  29710374   0.00444   0.00595
 171     4.565  -10778548.831  32182045   0.00069  -0.00430
 172     4.655  -10778411.151  33219761   0.00120  -0.00925
 173     4.575  -10778497.306  31732622  -0.00003  -0.00041
 174     4.795  -10778300.532  31253813   0.00078  -0.00196
 175     4.705  -10778553.715  30527298   0.00318   0.00193
 176     4.595  -10778519.266  31507173  -0.00059  -0.00006
 177     4.615  -10778529.716  31002038  -0.00294  -0.00012
 178     4.755  -10778474.138  32082572   0.00161  -0.00424
 179     4.665  -10778524.644  30324012  -0.00203   0.00431
 180     4.565  -10778507.231  32296601  -0.00332  -0.00819
 181     4.635  -10778512.915  31799845   0.00722  -0.00315
 182     4.715  -10778416.843  30381859   0.00074   0.00269
 183     4.745  -10778351.117  31391619   0.00335  -0.00383
 184     4.585  -10778490.457  29643422   0.00276   0.00822
 185     4.695  -10778449.252  31868994  -0.00097  -0.00192
 186     4.755  -10778568.719  28311568  -0.00538   0.01291
 187     4.645  -10778584.538  30462604  -0.00067   0.00178
 188     4.645  -10778515.480  29753591  -0.00214   0.00445
 189     4.635  -10778442.297  31427011   0.00700  -0.00019
 190     4.715  -10778370.430  31456519   0.00149   0.00117
 191     4.635  -10778431.872  29503944  -0.00491   0.00579
 192     4.565  -10778633.162  30737065  -0.00184   0.00258
 193     4.635  -10778573.086  30022301  -0.00567   0.00524
 194     4.735  -10778455.962  31074973  -0.00850  -0.00186
 195     4.695  -10778425.930  30795349  -0.00266  -0.00016
 196     4.605  -10778512.019  30217079   0.00056   0.00269
 197     4.655  -10778758.105  29512096  -0.00013   0.00494
 198     4.825  -10778395.178  30530661  -0.00372   0.00020
 199     4.755  -10778596.150  30972240  -0.00109  -0.00203
 200     4.695  -10778504.704  31980600   0.00257  -0.00483
 201     4.755  -10778320.282  30656157  -0.00867   0.00057
 202     4.725  -10778335.893  31664269  -0.00200  -0.00470
 203     4.655  -10778365.982  32148352  -0.00008  -0.00417
 204     4.545  -10778587.905  30687308  -0.00353   0.00154
 205     4.725  -10778535.983  31710166   0.00172  -0.00568
 206     4.695  -10778413.266  30979279   0.00314  -0.00031
 207     4.845  -10778327.388  31448975  -0.00160  -0.00272
 208     4.725  -10778473.142  33207992   0.00659  -0.01167
 209     4.745  -10778430.390  32782078  -0.00509  -0.00949
 210     4.675  -10778562.591  31586162   0.00537  -0.00247
 211     4.905  -10778483.955  29306246   0.00098   0.00597
 212     4.635  -10778517.612  30598528   0.00137   0.00225
 213     4.675  -10778503.707  31354572   0.00544  -0.00136
 214     4.685  -10778498.484  31068569  -0.00049  -0.00089
 215     4.575  -10778598.055  30365227   0.00047   0.00220
 216     4.555  -10778637.450  29736365   0.00331   0.00587
 217     4.725  -10778556.363  28434589  -0.00342   0.01300
 218     4.655  -10778390.845  30875661   0.00353  -0.00004
 219     4.755  -10778347.003  31090278  -0.00945   0.00134
 220     4.605  -10778552.626  31139749   0.00048   0.00007
 221     4.695  -10778282.700  33473115   0.00205  -0.01306
 222     4.575  -10778519.287  31653158   0.00029  -0.00175
 223     4.575  -10778389.475  32803524   0.00253  -0.01055
 224     4.685  -10778716.355  29761725   0.00401   0.00661
 225     4.595  -10778477.045  31584051   0.00264  -0.00143
 226     4.645  -10778491.160  30235803  -0.00130   0.00337
 227     4.745  -10778269.703  32692454  -0.00075  -0.00775
 228     4.625  -10778601.373  31179064   0.00053   0.00021
 229     4.675  -10778225.769  34960152  -0.00339  -0.01799
 230     4.575  -10778475.841  31383679   0.00262  -0.00275
 231     4.615  -10778428.243  33071453   0.00586  -0.00884
 232     4.695  -10778359.479  33137378  -0.00138  -0.01244
 233     4.605  -10778781.509  28536304   0.00082   0.00931
 234     4.545  -10778650.386  29966065  -0.00102   0.00432
 235     4.745  -10778491.261  30888675  -0.00841  -0.00029
 236     4.655  -10778672.054  29841351  -0.00131   0.00493
 237     4.745  -10778510.807  29957519  -0.00123   0.00288
 238     4.775  -10778477.154  32032402   0.00185  -0.00319
 239     4.535  -10778561.447  29992967  -0.00524   0.00770
 240     4.625  -10778528.135  30874000   0.00100  -0.00059
 241     4.695  -10778361.346  30401583  -0.00269   0.00171
 242     4.695  -10778465.618  30979595   0.00241   0.00019
 243     4.655  -10778249.233  33233484   0.00302  -0.01170
 244     4.735  -10778427.287  30569627  -0.00439   0.00176
 245     4.565  -10778575.546  30099407   0.00181   0.00606
 246     4.635  -10778515.642  31455115  -0.00178  -0.00284
 247     4.635  -10778397.664  31004302   0.00008   0.00152
 248     4.665  -10778456.662  32984955   0.00510  -0.00870
 249     4.745  -10778372.916  30576169  -0.00701   0.00269
 250     4.615  -10778318.834  31688382   0.00196  -0.00320
 251     4.645  -10778464.626  32498680   0.00161  -0.00727
 252     4.665  -10778579.760  31083518   0.00027   0.00077
 253     4.675  -10778494.541  31036126  -0.00057   0.00039
 254     4.545  -10778558.551  31059131   0.00546   0.00156
 255     4.615  -10778552.442  31295809   0.01047  -0.00154
 256     4.715  -10778435.234  30378853  -0.00216   0.00283
 257     4.615  -10778491.345  31583362   0.00537  -0.00241
 258     4.765  -10778541.025  30223809   0.00497   0.00537
 259     4.685  -10778333.407  31618038   0.00103  -0.00429
 260     4.605  -10778702.175  29991088   0.00047   0.00498
 261     4.745  -10778307.986  31425193  -0.00687  -0.00080
 262     4.695  -10778303.355  32218464  -0.00336  -0.00651
 263     4.705  -10778503.373  31082270   0.00332   0.00031
 264     4.715  -10778363.497  31221248   0.00085  -0.00349
 265     4.595  -10778567.427  30132050  -0.00183   0.00467
 266     4.615  -10778491.888  31532663  -0.00421  -0.00107
 267     4.795  -10778414.506  29401673  -0.00288   0.00828
 268     4.825  -10778422.702  31643978  -0.00415  -0.00423
 269     4.675  -10778735.875  30189122   0.00162   0.00419
 270     4.655  -10778553.823  29509093   0.00036   0.00841
 271     4.665  -10778327.167  32121188   0.00572  -0.00481
 272     4.615  -10778531.480  30869345  -0.00202   0.00049
 273     4.595  -10778550.596  31628210   0.00737  -0.00031
 274     4.595  -10778645.465  30823705   0.00283   0.00134
 275     4.805  -10778419.445  29398489  -0.00723   0.00567
 276     4.625  -10778552.450  29642022  -0.00101   0.00680
 277     4.725  -10778488.211  31239895  -0.00302  -0.00171
 278     4.635  -10778372.776  33473687   0.00397  -0.00963
 279     4.645  -10778271.102  33725696   0.00268  -0.01141
 280     4.505  -10778556.003  29780575   0.00759   0.00525
 281     4.755  -10778514.125  30779024   0.00315   0.00227
 282     4.755  -10778485.208  31437957   0.00155  -0.00280
 283     4.705  -10778461.281  31493354   0.00391  -0.00143
 284     4.575  -10778676.240  30614820  -0.00208   0.00146
 285     4.665  -10778530.958  28958999  -0.00548   0.00768
 286     4.645  -10778453.623  31451817   0.00062  -0.00184
 287     4.715  -10778252.378  30838975  -0.00900   0.00098
 288     4.565  -10778472.401  31975678   0.00602  -0.00326
 289     4.685  -10778712.549  28450134  -0.00707   0.01103
 290     4.655  -10778608.993  31520760   0.00491  -0.00322
 291     4.635  -10778544.215  30657444  -0.00046   0.00098
 292     4.745  -10778411.587  31717359   0.00318  -0.00476
 293     4.535  -10778680.245  31398600   0.00104  -0.00282
 294     4.735  -10778506.897  30765683  -0.00166   0.00204
 295     4.615  -10778629.592  30325020  -0.00222   0.00470
 296     4.675  -10778394.894  31615776  -0.00209  -0.00398
 297     4.855  -10778181.276  33424712  -0.00037  -0.01203
 298     4.685  -10778601.719  30147194   0.00272   0.00691
 299     4.595  -10778528.867  31317958  -0.00089  -0.00124
 300     4.494  -10778433.475  30987363  -0.00156   0.00225
 301     4.575  -10778554.382  32194396  -0.00344  -0.00422
 302     4.645  -10778464.764  30596542  -0.00889   0.00228
 303     4.775  -10778565.018  31653845   0.00418  -0.00484
 304     4.815  -10778677.522  29350110  -0.00149   0.00577
 305     4.715  -10778409.411  31133418   0.00276  -0.00020
 306     4.565  -10778488.608  31984052   0.00239  -0.00226
 307     4.745  -10778567.214  29171156   0.00142   0.00929
 308     4.725  -10778418.536  31162251  -0.00031  -0.00057
 309     4.685  -10778622.925  30827377   0.00136  -0.00133
 310     4.765  -10778513.778  29072081  -0.00179   0.00842
 311     4.585  -10778368.029  33748896  -0.00003  -0.01108
 312     4.715  -10778404.824  33052398   0.00506  -0.00856
 313     4.675  -10778537.359  32244748   0.00652  -0.00529
 314     4.595  -10778447.334  32004252  -0.00049  -0.00457
 315     4.695  -10778353.991  33299896   0.00993  -0.00948
 316     4.795  -10778313.576  31493720  -0.00595   0.00027
 317     4.695  -10778602.357  31030965   0.00486  -0.00030
 318     4.695  -10778436.295  30693040   0.00302   0.00236
 319     4.515  -10778518.452  32392258   0.00197  -0.00746
 320     4.615  -10778499.760  31845837   0.00938  -0.00378
 321     4.825  -10778405.069  32883352   0.00103  -0.00851
 322     4.615  -10778666.581  30481054   0.00365   0.00152
 323     4.655  -10778488.403  32838067   0.00930  -0.00704
 324     4.695  -10778376.833  30620087  -0.00920  -0.00014
 325     4.765  -10778426.740  32530828   0.00845  -0.00768
 326     4.725  -10778368.531  31366600  -0.00361  -0.00130
 327     4.535  -10778569.434  30772376   0.00462  -0.00034
 328     4.615  -10778547.971  32303172  -0.00120  -0.00393
 329     4.605  -10778424.121  33159787   0.00691  -0.00990
 330     4.695  -10778394.219  30629004  -0.00152   0.00119
 331     4.775  -10778465.412  29837001   0.00016   0.00355
 332     4.595  -10778473.519  31438092   0.00525  -0.00200
 333     4.795  -10778243.306  32351306  -0.00366  -0.00600
 334     4.555  -10778560.323  28643132  -0.00056   0.01206
 335     4.645  -10778449.005  31121822   0.00020  -0.00068
 336     4.755  -10778354.180  31257774  -0.00006   0.00016
 337     4.755  -10778556.359  30499613   0.00651   0.00401
 338     4.585  -10778485.056  30011355  -0.00323   0.00183
 339     4.755  -10778509.407  31318418  -0.00019  -0.00313
 340     4.675  -10778383.222  32940829   0.00351  -0.00813
 341     4.575  -10778829.750  29423017   0.00608   0.00905
 342     4.645  -10778492.658  30315804  -0.01631   0.00446
 343     4.605  -10778471.669  32621463   0.00074  -0.00578
 344     4.665  -10778486.630  31171971   0.00030  -0.00210
 345     4.585  -10778513.384  31870078   0.00127  -0.00298
 346     4.615  -10778490.153  31055015  -0.00283   0.00087
 347     4.665  -10778515.022  29706113  -0.00154   0.00526
 348     4.645  -10778406.598  31982157  -0.00263  -0.00520
 349     4.695  -10778449.196  30766405  -0.00794   0.00118
 350     4.745  -10778393.527  33152010  -0.00131  -0.00866
 351     4.715  -10778442.943  31364238   0.00320  -0.00138
 352     4.685  -10778377.688  32191538   0.00099  -0.00568
 353     4.474  -10778436.090  33190634  -0.00105  -0.00926
 354     4.545  -10778575.609  32334942   0.00015  -0.00680
 355     4.645  -10778376.384  30605904  -0.00169   0.00106
 356     4.735  -10778536.311  31114455   0.00089  -0.00041
 357     4.625  -10778536.819  31726199   0.00867  -0.00223
 358     4.685  -10778454.982  29702734  -0.00135   0.00714
 359     4.585  -10778499.266  30581551   0.00219   0.00151
 360     4.645  -10778438.308  31207419   0.00617  -0.00059
 361     4.705  -10778482.329  30893121  -0.00052   0.00102
 362     4.755  -10778376.993  31259907   0.00202  -0.00072
 363     4.655  -10778440.980  28856764  -0.00354   0.00815
 364     4.685  -10778412.602  31145150  -0.00131  -0.00095
 365     4.695  -10778507.159  31255428   0.00487  -0.00078
 366     4.725  -10778451.936  32904380   0.00730  -0.00750
 367     4.705  -10778443.059  30103717  -0.00871   0.00515
 368     4.635  -10778553.634  31055540   0.00109  -0.00108
 369     4.705  -10778424.215  31000867   0.00589  -0.00289
 370     4.575  -10778743.675  29881922   0.00605   0.00437
 371     4.775  -10778263.449  32393496  -0.00490  -0.00669
 372     4.675  -10778609.967  31315673   0.00444  -0.00273
 373     4.785  -10778438.057  31230468   0.00037  -0.00010
 374     4.545  -10778590.655  31170303  -0.00075  -0.00158
 375     4.575  -10778494.020  31634783  -0.00452  -0.00378
 376     4.565  -10778448.804  30805921  -0.00228  -0.00015
 377     4.735  -10778464.321  30002734  -0.00463   0.00523
 378     4.835  -10778308.442  32769001  -0.00318  -0.00828
 379     4.525  -10778413.631  31403201  -0.00143  -0.00057
 380     4.685  -10778325.412  32613291   0.00256  -0.00611
 381     4.665  -10778476.921  31309424   0.00684  -0.00080
 382     4.775  -10778426.648  31118902  -0.00253  -0.00129
 383     4.805  -10778387.530  32346145  -0.00133  -0.00646
 384     4.555  -10778579.965  29812295   0.00146   0.00560
 385     4.815  -10778471.513  30440480  -0.01021   0.00266
 386     4.695  -10778592.401  30361175   0.00006   0.00465
 387     4.515  -10778619.377  30458767   0.00983   0.00211
 388     4.675  -10778432.352  31600220   0.00340  -0.00618
 389     4.665  -10778433.929  31388473  -0.00591  -0.00178
 390     4.765  -10778183.622  31438010  -0.00385  -0.00240
 391     4.705  -10778314.651  31399414  -0.00276  -0.00167
 392     4.675  -10778614.188  29961708  -0.00311   0.00304
 393     4.645  -10778444.532  30778897  -0.01252   0.00077
 394     4.645  -10778475.991  30978169  -0.00214  -0.00017
 395     4.735  -10778334.760  30893108   0.00132   0.00034
 396     4.605  -10778679.996  30841988  -0.00024  -0.00152
 397     4.725  -10778334.563  32336584   0.00616  -0.00619
 398     4.865  -10778431.466  31117836   0.00087  -0.00107
 399     4.655  -10778416.977  32164752   0.00888  -0.00355
 400     4.685  -10778609.258  29581710  -0.00726   0.00665
 401     4.665  -10778611.852  31399199   0.00619  -0.00092
 402     4.585  -10778540.477  30360518   0.00144   0.00237
 403     4.585  -10778546.366  29865180   0.00273   0.00663
 404     4.605  -10778715.595  29302641   0.00709   0.00753
 405     4.565  -10778438.072  32393581   0.00001  -0.00566
 406     4.695  -10778557.543  31366220   0.00255  -0.00102
 407     4.675  -10778337.877  33324523  -0.00361  -0.00939
 408     4.685  -10778365.068  32479815   0.00215  -0.00495
 409     4.575  -10778557.618  32370180   0.00685  -0.00675
 410     4.625  -10778402.589  32356112   0.00221  -0.00391
 411     4.685  -10778526.717  30979272  -0.00119   0.00143
 412     4.575  -10778341.547  31181570  -0.00479  -0.00229
 413     4.645  -10778482.695  29366778  -0.00477   0.00941
 414     4.665  -10778403.531  31781230  -0.00273  -0.00149
 415     4.565  -10778459.079  31077222  -0.00076   0.00070
 416     4.635  -10778659.666  31848686   0.00143  -0.00249
 417     4.615  -10778468.766  30279799   0.00113   0.00406
 418     4.705  -10778556.201  30225230  -0.00550   0.00622
 419     4.565  -10778536.244  30742406   0.00633   0.00230
 420     4.625  -10778534.779  31995848   0.00346  -0.00391
 421     4.775  -10778496.275  31074928  -0.00174  -0.00298
 422     4.745  -10778385.627  30259526  -0.00735   0.00225
 423     4.695  -10778529.210  30017547  -0.00682   0.00494
 424     4.815  -10778363.879  30896773  -0.00575   0.00099
 425     4.545  -10778343.336  31784941   0.00339  -0.00615
 426     4.705  -10778546.057  30702449  -0.00157   0.00222
 427     4.595  -10778577.776  29104939  -0.00741   0.00778
 428     4.675  -10778379.634  31625123  -0.00342  -0.00247
 429     4.795  -10778580.827  29846556  -0.00168   0.00613
 430     4.655  -10778641.548  30109356   0.00462   0.00334
 431     4.955  -10778410.437  29346865  -0.01024   0.00588
 432     4.605  -10778639.426  29192635  -0.00243   0.00918
 433     4.625  -10778555.297  29065794   0.00265   0.00955
 434     4.675  -10778525.131  30643060   0.00084   0.00015
 435     4.655  -10778549.418  30182534  -0.00025   0.00328
 436     4.755  -10778487.971  29021152  -0.00290   0.00686
 437     4.725  -10778647.259  29515790   0.00047   0.00851
 438     4.645  -10778463.912  30449961   0.00432   0.00144
 439     4.585  -10778349.189  31680970  -0.00133  -0.00150
 440     4.715  -10778450.268  31290123   0.00105   0.00038
 441     4.595  -10778290.658  31419233  -0.00260  -0.00232
 442     4.645  -10778493.727  31393991   0.00112  -0.00148
 443     4.645  -10778449.811  31351867  -0.00581   0.00032
 444     4.695  -10778488.925  30895919  -0.00220  -0.00085
 445     4.625  -10778531.209  31355763   0.00465  -0.00127
 446     4.645  -10778472.089  30938639  -0.00923  -0.00007
 447     4.585  -10778502.345  29789621  -0.00233   0.00579
 448     4.845  -10778327.482  29661528  -0.00284   0.00526
 449     4.685  -10778290.466  32750545   0.00538  -0.00661
 450     4.635  -10778440.499  30819065   0.00033   0.00107
 451     4.635  -10778368.508  32224538   0.00243  -0.00538
 452     4.655  -10778623.299  29133429  -0.00412   0.00860
 453     4.735  -10778435.884  30746544  -0.00093  -0.00038
 454     4.655  -10778458.848  31521316  -0.00551  -0.00302
 455     4.765  -10778552.757  29868468  -0.00633   0.00643
 456     4.665  -10778388.755  32149661  -0.00782  -0.00400
 457     4.555  -10778410.832  31950199  -0.00088  -0.00359
 458     4.615  -10778513.627  31388030   0.00276  -0.00244
 459     4.615  -10778441.666  33083482  -0.00260  -0.00925
 460     4.715  -10778415.242  30863156   0.00369  -0.00051
 461     4.895  -10778412.022  30537393  -0.00578   0.00040
 462     4.464  -10778555.501  31489294   0.00443  -0.00243
 463     4.575  -10778436.931  31586695   0.00188  -0.00112
 464     4.515  -10778644.278  30685476   0.00585   0.00197
 465     4.755  -10778360.259  30652064  -0.00925   0.00030
 466     4.645  -10778336.522  30889657  -0.00569   0.00005
 467     4.635  -10778435.106  32041089   0.00123  -0.00493
 468     4.685  -10778364.130  32560479  -0.00044  -0.00623
 469     4.665  -10778636.850  29572476   0.00155   0.00652
 470     4.675  -10778505.989  30660657   0.00044   0.00157
 471     4.765  -10778382.779  31269837  -0.00346  -0.00093
 472     4.635  -10778550.497  29986842  -0.00089   0.00419
 473     4.605  -10778611.425  30448130   0.00582   0.00496
 474     4.675  -10778471.874  31177995   0.00025  -0.00118
 475     4.565  -10778514.194  32443948   0.00144  -0.00578
 476     4.585  -10778336.540  31688953  -0.00306  -0.00309
 477     4.675  -10778404.179  31741493   0.00186  -0.00455
 478     4.825  -10778497.492  32694863   0.00631  -0.00636
 479     4.745  -10778555.990  30313686   0.00054   0.00354
 480     4.434  -10778544.309  30986995  -0.00220   0.00092
 481     4.555  -10778523.766  31692451  -0.00056  -0.00322
 482     4.675  -10778534.212  32927174   0.01359  -0.00657
 483     4.715  -10778660.956  30705518   0.00372   0.00137
 484     4.725  -10778577.497  30733246   0.00429   0.00082
 485     4.625  -10778310.193  33535880  -0.00598  -0.01222
 486     4.615  -10778417.192  32642621  -0.00624  -0.00734
 487     4.585  -10778617.897  31176568   0.00431   0.00024
 488     4.615  -10778638.067  30084999   0.00309   0.00295
 489     4.745  -10778389.371  31524303  -0.00153  -0.00405
 490     4.565  -10778448.315  31646170  -0.00051  -0.00196
 491     4.795  -10778335.758  31691532  -0.00257  -0.00139
 492     4.685  -10778490.958  30432315  -0.00010   0.00395
 493     4.705  -10778515.690  31420492   0.00346  -0.00204
 494     4.655  -10778477.631  30625605   0.00181   0.00197
 495     4.715  -10778589.696  29925486  -0.00388   0.00172
 496     4.705  -10778278.986  33586362  -0.00290  -0.00970
 497     4.725  -10778467.913  31905524  -0.00378  -0.00428
 498     4.595  -10778685.298  29505171  -0.00056   0.00568
 499     4.715  -10778403.500  33120475  -0.00466  -0.01003
 500     4.725  -10778466.303  30920862  -0.00566  -0.00071
 501     4.885  -10778274.511  32945624  -0.00369  -0.00801
 502     4.705  -10778573.409  31381189   0.00167  -0.00022
 503     4.515  -10778460.216  31782776  -0.00402  -0.00141
 504     4.585  -10778676.618  29885617   0.00277   0.00416
 505     4.615  -10778524.645  29617913  -0.00636   0.00477
 506     4.605  -10778588.451  30270121   0.01127   0.00569
 507     4.615  -10778697.464  28996534   0.00679   0.00904
 508     4.565  -10778639.738  30012137   0.00433   0.00440
 509     4.715  -10778468.133  31888824   0.00952  -0.00485
 510     4.815  -10778409.620  31948532   0.00179  -0.00415
 511     4.805  -10778154.727  30852485  -0.00977   0.00099
 512     4.675  -10778396.960  30381896  -0.01035   0.00268
 513     4.655  -10778501.386  29491608  -0.00510   0.00720
 514     4.615  -10778536.144  31120232   0.01036  -0.00031
 515     4.565  -10778423.907  31567833  -0.00396  -0.00392
 516     4.695  -10778558.072  30522562   0.00394   0.00271
 517     4.635  -10778431.489  31307628  -0.01024  -0.00130
 518     4.575  -10778607.927  31691662   0.00919  -0.00379
 519     4.845  -10778391.008  30383528  -0.00476   0.00003
 520     4.615  -10778376.982  32099843   0.00037  -0.00524
 521     4.665  -10778541.196  27973648  -0.00736   0.01341
 522     4.675  -10778445.236  30557651   0.00268   0.00227
 523     4.775  -10778406.326  31648563  -0.00719  -0.00184
 524     4.845  -10778225.921  32776465   0.00065  -0.00983
 525     4.675  -10778466.817  32063003   0.00553  -0.00370
 526     4.775  -10778499.799  30681979  -0.00134   0.00259
 527     4.715  -10778384.384  30867552  -0.01015  -0.00048
 528     4.685  -10778381.691  32228304   0.00499  -0.00360
 529     4.725  -10778527.606  30914760  -0.00186   0.00059
 530     4.535  -10778626.696  30674094  -0.00015   0.00220
 531     4.625  -10778301.261  33559281   0.00011  -0.01135
 532     4.494  -10778577.285  32731325   0.00558  -0.00609
 533     4.525  -10778694.264  29432915  -0.00140   0.00732
 534     4.655  -10778599.420  29610412   0.00032   0.00728
 535     4.805  -10778442.530  31641134   0.00114  -0.00420
 536     4.605  -10778622.451  28904468   0.00061   0.00980
 537     4.585  -10778397.069  32279462   0.00507  -0.00725
 538     4.615  -10778478.546  30738749  -0.00084   0.00036
 539     4.645  -10778355.853  32151207  -0.00432  -0.00709
 540     4.685  -10778245.891  32605373  -0.00394  -0.00551
 541     4.665  -10778695.396  29294611   0.00504   0.00749
 542     4.615  -10778649.412  30455457   0.00006   0.00211
 543     4.665  -10778435.705  31908937  -0.00183  -0.00461
 544     4.605  -10778266.855  34118617  -0.00219  -0.01313
 545     4.585  -10778477.768  28909243  -0.00295   0.00814
 546     4.555  -10778525.046  31496085   0.00292  -0.00089
 547     4.585  -10778515.699  30475447  -0.00124   0.00059
 548     4.685  -10778393.428  32734139  -0.00153  -0.00958
 549     4.635  -10778488.069  31320339   0.00324   0.00021
 550     4.845  -10778471.623  30768985   0.00182  -0.00075
 551     4.705  -10778502.108  31566568   0.00692  -0.00184
 552     4.635  -10778490.769  31657050   0.00698  -0.00302
 553     4.635  -10778243.783  31577898   0.00450  -0.00122
 554     4.795  -10778293.191  32103807  -0.00528  -0.00549
 555     4.655  -10778543.688  29350362  -0.00146   0.00649
 556     4.755  -10778387.486  30539723   0.00361   0.00124
 557     4.545  -10778508.018  30493684  -0.00054   0.00100
 558     4.665  -10778587.003  30545440  -0.00426   0.00341
 559     4.575  -10778493.406  31176674   0.00638  -0.00056
 560     4.765  -10778329.381  30626538   0.00258   0.00171
 561     4.695  -10778418.339  30933150   0.00995   0.00108
 562     4.645  -10778326.114  31554467  -0.00404  -0.00383
 563     4.575  -10778621.837  31619593   0.00235  -0.00005
 564     4.725  -10778649.096  29280464   0.00148   0.00563
 565     4.625  -10778428.308  31265052  -0.00484  -0.00339
 566     4.715  -10778414.547  32067522   0.00622  -0.00426
 567     4.825  -10778348.380  31663880  -0.00001  -0.00432
 568     4.795  -10778409.651  31309420   0.00094  -0.00298
 569     4.765  -10778447.057  31867697   0.00258  -0.00178
 570     4.575  -10778572.094  31717765   0.00542  -0.00063
 571     4.875  -10778211.781  34150740  -0.00562  -0.01599
 572     4.645  -10778554.532  32007602   0.00282  -0.00473
 573     4.665  -10778280.075  32001361  -0.00758  -0.00612
 574     4.565  -10778352.776  33091887   0.00188  -0.00854
 575     4.655  -10778491.225  30263788   0.00263   0.00190
 576     4.615  -10778415.914  32502855   0.00292  -0.00474
 577     4.745  -10778609.440  29639173   0.00553   0.00834
 578     4.565  -10778517.968  29552252   0.00277   0.00480
 579     4.625  -10778482.739  32543540   0.00411  -0.00949
 580     4.695  -10778591.938  29823723  -0.00047   0.00574
 581     4.585  -10778456.604  30752425  -0.00039   0.00299
 582     4.615  -10778386.835  31121230  -0.00708  -0.00172
 583     4.725  -10778622.385  29224687  -0.00740   0.00749
 584     4.665  -10778631.038  28503475  -0.00557   0.00991
 585     4.675  -10778656.164  29759987  -0.00544   0.00662
 586     4.645  -10778470.087  31674765   0.00312  -0.00300
 587     4.675  -10778472.335  31869202   0.00635  -0.00354
 588     4.665  -10778630.977  30331100  -0.00073   0.00258
 589     4.785  -10778376.746  32518351  -0.00025  -0.01114
 590     4.665  -10778352.691  32379170   0.00500  -0.00804
 591     4.645  -10778545.710  30392095   0.00448   0.00341
 592     4.635  -10778630.559  28314800  -0.00170   0.01243
 593     4.735  -10778527.884  29889742   0.00075   0.00601
 594     4.585  -10778177.367  32623436  -0.00865  -0.00703
 595     4.775  -10778282.978  32632272   0.00325  -0.00733
 596     4.985  -10778333.671  30401050  -0.00678   0.00254
 597     4.825  -10778415.653  31266667   0.00139  -0.00195
 598     4.885  -10778315.213  29934817  -0.00884   0.00599
 599     4.865  -10778321.583  30454686  -0.00823   0.00134
 600     4.745  -10778566.642  31993154   0.00586  -0.00454
 601     4.765  -10778272.001  31992965  -0.00688  -0.00324
 602     4.755  -10778411.539  31816714  -0.00203  -0.00259
 603     4.705  -10778454.780  31771862  -0.00652  -0.00641
 604     4.605  -10778515.233  32295080   0.00776  -0.00627
 605     4.585  -10778683.401  30229247   0.00724   0.00282
 606     4.635  -10778535.042  31397803   0.00222  -0.00077
 607     4.595  -10778566.144  31145171   0.00475  -0.00153
 608     4.705  -10778366.062  31470455  -0.00818  -0.00060
 609     4.615  -10778686.461  28848747  -0.00405   0.00993
 610     4.695  -10778321.751  31586066   0.00136  -0.00468
 611     4.625  -10778399.796  30945404   0.00307   0.00227
 612     4.705  -10778391.862  31099602  -0.00049  -0.00120
 613     4.685  -10778329.139  32000783  -0.00447  -0.00587
 614     4.675  -10778557.995  30984279  -0.00026   0.00290
 615     4.715  -10778338.687  31672688   0.00407  -0.00342
 616     4.685  -10778478.394  30704895   0.00233   0.00267
 617     4.665  -10778629.360  28378416  -0.00358   0.01283
 618     4.825  -10778310.846  30956065  -0.00862  -0.00118
 619     4.745  -10778489.068  31407365  -0.00498  -0.00170
 620     4.725  -10778519.354  31856830   0.00805  -0.00265
 621     4.895  -10778430.095  29084379  -0.00513   0.00626
 622     4.745  -10778571.401  29615211  -0.00058   0.00413
 623     4.635  -10778579.966  31019935  -0.00524  -0.00175
 624     4.545  -10778364.634  32302745   0.00180  -0.00520
 625     4.665  -10778622.191  30536887   0.00219   0.00064
 626     4.635  -10778409.469  30190999  -0.00400   0.00243
 627     4.665  -10778379.628  32521864  -0.00470  -0.00699
 628     4.665  -10778572.860  30761890   0.00127   0.00051
 629     4.625  -10778693.220  30554503  -0.00077   0.00358
 630     4.745  -10778552.460  31279325   0.00351  -0.00102
 631     4.675  -10778421.763  32704096   0.00501  -0.00679
 632     4.645  -10778531.596  32402194  -0.00232  -0.00701
 633     4.695  -10778696.377  29608968  -0.00155   0.00652
 634     4.755  -10778546.246  30650046   0.00150   0.00284
 635     4.484  -10778539.869  31899302   0.00557  -0.00338
 636     4.605  -10778521.365  30394594  -0.00425   0.00252
 637     4.785  -10778770.116  29093960  -0.00257   0.00704
 638     4.675  -10778414.517  30883641   0.00127   0.00077
 639     4.665  -10778597.272  31083028   0.00593  -0.00058
 640     4.655  -10778543.448  30216510  -0.00102   0.00190
 641     4.555  -10778582.570  30372999  -0.00199   0.00278
 642     4.545  -10778551.136  29502901   0.00287   0.00711
 643     4.675  -10778314.992  31921392  -0.00523  -0.00520
 644     4.444  -10778657.688  30778628   0.00472   0.00266
 645     4.685  -10778237.140  32759529  -0.00726  -0.00582
 646     4.565  -10778707.664  29593059   0.00478   0.00634
 647     4.525  -10778620.621  29554348  -0.00062   0.00695
 648     4.595  -10778511.332  32090910  -0.00188  -0.00531
 649     4.695  -10778326.073  31667528  -0.00719  -0.00286
 650     4.765  -10778560.649  30643248   0.00145   0.00062
 651     4.815  -10778613.860  29203030  -0.00125   0.00748
 652     4.735  -10778364.295  31832891  -0.00022  -0.00455
 653     4.765  -10778219.490  31129432  -0.00750  -0.00060
 654     4.625  -10778671.219  30052533   0.00521   0.00567
 655     4.815  -10778480.752  30185343   0.00379   0.00559
 656     4.645  -10778434.677  32166065   0.00378  -0.00486
 657     4.795  -10778506.332  29868015  -0.00908   0.00520
 658     4.815  -10778439.219  30981292   0.00228   0.00006
 659     4.535  -10778461.995  32375636  -0.00319  -0.00469
 660     4.675  -10778593.242  29783555   0.00055   0.00361
 661     4.675  -10778529.814  30556645  -0.00654   0.00253
 662     4.665  -10778240.115  33149351  -0.00119  -0.00894
 663     4.555  -10778533.167  31736435   0.00467  -0.00189
 664     4.555  -10778751.896  30058874  -0.00140   0.00447
 665     4.795  -10778350.583  32640432  -0.00050  -0.00563
 666     4.635  -10778531.032  28716331  -0.00055   0.00874
 667     4.665  -10778429.487  31177578   0.00016  -0.00270
 668     4.705  -10778456.508  30332296  -0.00200   0.00399
 669     4.675  -10778527.078  29740169  -0.00517   0.00666
 670     4.585  -10778440.475  32084294   0.00142  -0.00394
 671     4.605  -10778526.270  31862496  -0.00237  -0.00292
 672     4.675  -10778491.658  31417823   0.00017  -0.00172
 673     4.735  -10778495.046  30325500  -0.00064   0.00173
 674     4.565  -10778729.665  28212230  -0.00298   0.01384
 675     4.675  -10778486.822  30624803  -0.00024   0.00317
 676     4.685  -10778309.021  34040272   0.00352  -0.01435
 677     4.605  -10778342.105  32229350  -0.00495  -0.00509
 678     4.555  -10778731.504  30386040   0.00160   0.00149
 679     4.555  -10778749.958  28156679   0.00209   0.01413
 680     4.484  -10778454.230  30796355  -0.00105   0.00288
 681     4.705  -10778515.313  29238393  -0.00126   0.00643
 682     4.725  -10778427.013  31811982   0.00259  -0.00514
 683     4.835  -10778343.715  31041902  -0.00505  -0.00239
 684     4.565  -10778373.122  32371370  -0.00204  -0.00742
 685     4.715  -10778470.691  32371308   0.01076  -0.00399
 686     4.555  -10778617.801  30284495   0.00545   0.00369
 687     4.555  -10778473.296  31217931  -0.00130   0.00166
 688     4.494  -10778482.899  32397391   0.01378  -0.00455
 689     4.655  -10778557.087  29722415  -0.00091   0.00715
 690     4.745  -10778471.993  30004251  -0.00626   0.00418
 691     4.585  -10778466.128  31960366   0.00477  -0.00441
 692     4.665  -10778638.374  29814639   0.00503   0.00347
 693     4.565  -10778536.650  29494102   0.00017   0.00673
 694     4.655  -10778479.685  30471713  -0.00533   0.00245
 695     4.635  -10778307.412  33516333   0.00702  -0.01144
 696     4.745  -10778229.799  32616842  -0.00248  -0.00518
 697     4.685  -10778708.948  30696618   0.00207  -0.00181
 698     4.745  -10778465.205  30940384  -0.00584   0.00303
 699     4.615  -10778407.557  31868172  -0.00138  -0.00380
 700     4.675  -10778585.528  30888881   0.00556   0.00209
 701     4.575  -10778576.028  29671810  -0.00383   0.00697
 702     4.605  -10778652.649  29818227  -0.00002   0.00542
 703     4.565  -10778530.190  30098099  -0.00286   0.00446
 704     4.735  -10778392.210  30580083  -0.00081  -0.00004
 705     4.685  -10778245.607  33555864   0.00164  -0.01054
 706     4.595  -10778503.226  30471195  -0.00182   0.00379
 707     4.505  -10778535.130  32348584  -0.00015  -0.00758
 708     4.575  -10778394.960  31366722  -0.00447  -0.00077
 709     4.585  -10778596.859  29139255  -0.00326   0.00815
 710     4.715  -10778298.701  31997748  -0.00015  -0.00687
 711     4.585  -10778374.119  30620337  -0.00765   0.00091
 712     4.765  -10778390.220  30926749  -0.00289  -0.00121
 713     4.444  -10778371.409  33870868  -0.00093  -0.01276
 714     4.675  -10778571.408  30607464   0.00163   0.00097
 715     4.575  -10778489.255  30984285  -0.00137   0.00181
 716     4.615  -10778614.530  30047744  -0.00222   0.00367
 717     4.795  -10778430.587  30252389   0.00127   0.00416
 718     4.625  -10778433.358  31368580   0.00274  -0.00010
 719     4.705  -10778333.097  31638336  -0.00382  -0.00221
 720     4.755  -10778365.851  31560897   0.00203  -0.00560
 721     4.805  -10778349.041  29010239  -0.00981   0.00746
 722     4.705  -10778477.547  30800730  -0.00423  -0.00022
 723     4.815  -10778362.200  30098309  -0.00428   0.00361
 724     4.705  -10778431.580  32092514   0.00417  -0.00407
 725     4.625  -10778340.112  33466938   0.00512  -0.00945
 726     4.595  -10778396.353  32422079   0.00266  -0.00797
 727     4.705  -10778539.739  29899990  -0.00600   0.00529
 728     4.825  -10778347.783  31002983  -0.00336  -0.00196
 729     4.665  -10778511.427  29564065  -0.00529   0.00578
 730     4.605  -10778491.700  30376407  -0.00346   0.00206
 731     4.545  -10778503.084  29795821   0.00022   0.00342
 732     4.535  -10778397.484  33796384   0.00667  -0.01281
 733     4.605  -10778541.151  30849523   0.00477  -0.00063
 734     4.765  -10778341.140  32275663   0.00095  -0.00472
 735     4.575  -10778558.748  30031130  -0.00148   0.00442
 736     4.685  -10778491.076  30344403  -0.00073  -0.00142
 737     4.645  -10778530.267  30285466  -0.00304   0.00211
 738     4.685  -10778445.583  32491284   0.00679  -0.00550
 739     4.535  -10778578.079  31933297  -0.00137  -0.00232
 740     4.535  -10778565.518  31094665  -0.00236  -0.00097
 741     4.505  -10778676.908  30253018   0.00434   0.00355
 742     4.615  -10778435.929  31713985   0.00333  -0.00169
 743     4.645  -10778652.422  29471077  -0.00186   0.00639
 744     4.645  -10778570.045  28902164  -0.00382   0.00896
 745     4.675  -10778522.332  31866494   0.00187  -0.00643
 746     4.645  -10778469.458  30138366  -0.00127   0.00452
 747     4.595  -10778455.049  30612909  -0.00240   0.00073
 748     4.685  -10778584.333  29492439  -0.00221   0.00669
 749     4.725  -10778542.405  29523674  -0.00204   0.00638
 750     4.715  -10778621.225  29083079  -0.00327   0.00849
 751     4.595  -10778460.766  31943348   0.00540  -0.00224
 752     4.645  -10778472.412  32172588   0.00166  -0.00557
 753     4.635  -10778334.664  31435822   0.00018  -0.00172
 754     4.525  -10778596.096  31656002   0.00957  -0.00443
 755     4.755  -10778483.695  32213869   0.00169  -0.00493
 756     4.655  -10778601.850  30216759  -0.00212   0.00514
 757     4.755  -10778560.861  29325621   0.00043   0.00823
 758     4.735  -10778377.843  30854683  -0.00369  -0.00018
 759     4.735  -10778630.492  29883410  -0.00477   0.00410
 760     4.745  -10778278.326  32363410   0.00410  -0.01011
 761     4.835  -10778341.462  31473395  -0.01234  -0.00144
 762     4.795  -10778436.185  30649378  -0.00252  -0.00104
 763     4.745  -10778515.270  30868047   0.00166  -0.00079
 764     4.535  -10778481.900  29118608  -0.00368   0.00744
 765     4.705  -10778745.798  29217529   0.00396   0.00802
 766     4.735  -10778522.768  31751844   0.00420  -0.00137
 767     4.494  -10778418.788  31302434  -0.00313   0.00035
 768     4.625  -10778361.154  32429113   0.00308  -0.00626
 769     4.645  -10778424.358  29966967  -0.00561   0.00387
 770     4.745  -10778327.369  32188637  -0.00873  -0.00617
 771     4.755  -10778447.607  31086477  -0.00471   0.00114
 772     4.805  -10778485.311  29889640  -0.00171   0.00445
 773     4.745  -10778193.283  33252903   0.00155  -0.01353
 774     4.635  -10778412.677  31060131  -0.00064  -0.00083
 775     4.675  -10778550.277  30209894   0.00367   0.00520
 776     4.665  -10778562.924  29796882   0.00446   0.00687
 777     4.765  -10778431.687  31051683  -0.00321   0.00036
 778     4.695  -10778524.560  29745860   0.00047   0.00590
 779     4.785  -10778337.341  31603091  -0.00647  -0.00461
 780     4.595  -10778546.867  30445298  -0.00263   0.00449
 781     4.845  -10778291.371  31151157  -0.00260  -0.00093
 782     4.695  -10778424.897  30318017   0.00015   0.00263
 783     4.494  -10778563.160  31870292   0.00817  -0.00338
 784     4.685  -10778433.758  32965129   0.00238  -0.00923
 785     4.715  -10778429.443  30899295  -0.00289  -0.00024
 786     4.625  -10778631.606  30582199   0.00293   0.00279
 787     4.535  -10778529.403  31529404   0.00116  -0.00229
 788     4.735  -10778498.097  29654784  -0.00221   0.00518
 789     4.855  -10778326.426  30915863  -0.00231  -0.00294
 790     4.615  -10778569.150  31426511   0.00463  -0.00128
 791     4.655  -10778533.723  31837903  -0.00202  -0.00295
 792     4.825  -10778323.678  33256039   0.00539  -0.00871
 793     4.765  -10778521.639  29748694  -0.00051   0.00447
 794     4.745  -10778553.162  31948362   0.00432  -0.00485
 795     4.535  -10778660.272  30588384   0.00728   0.00287
 796     4.665  -10778401.323  31443061  -0.00103  -0.00262
 797     4.655  -10778613.570  29525228   0.00139   0.00646
 798     4.585  -10778510.457  31752180   0.00294  -0.00289
 799     4.555  -10778558.849  31289442   0.00797  -0.00004
 800     4.665  -10778422.205  30731356   0.00106   0.00081
 801     4.705  -10778434.198  30661025   0.00451   0.00087
 802     4.515  -10778601.986  28392617  -0.00526   0.01347
 803     4.625  -10778543.562  31586348   0.00259  -0.00185
 804     4.555  -10778523.420  31765237  -0.00066  -0.00396
 805     4.525  -10778686.926  29600718  -0.00081   0.00717
 806     4.795  -10778492.298  29168201  -0.00053   0.00784
 807     4.595  -10778532.814  31110332   0.00323  -0.00083
 808     4.685  -10778385.329  32180336   0.00226  -0.00731
 809     4.685  -10778347.856  33726229   0.00248  -0.01281
 810     4.655  -10778635.357  30824841   0.00230   0.00140
 811     4.565  -10778446.663  32830005   0.00597  -0.00577
 812     4.635  -10778462.803  31652449  -0.00309  -0.00410
 813     4.755  -10778549.240  28431065  -0.00212   0.00961
 814     4.645  -10778519.252  30742262  -0.00586   0.00097
 815     4.775  -10778621.847  29156066   0.00218   0.00847
 816     4.615  -10778543.990  30385009   0.00171   0.00311
 817     4.715  -10778455.280  30972160  -0.00346   0.00164
 818     4.454  -10778660.709  30994565   0.00164   0.00012
 819     4.755  -10778564.598  29313609   0.00371   0.00706
 820     4.655  -10778298.290  33955443   0.00007  -0.01301
 821     4.745  -10778475.982  30725699  -0.00686   0.00029
 822     4.565  -10778647.534  29581789  -0.00003   0.00713
 823     4.625  -10778514.683  32009360  -0.00017  -0.00535
 824     4.825  -10778452.982  30932171  -0.00250   0.00064
 825     4.695  -10778480.982  30702445  -0.00082   0.00164
 826     4.605  -10778585.355  30457229   0.00273   0.00006
 827     4.585  -10778494.492  31157052  -0.00025  -0.00053
 828     4.705  -10778434.654  31477949  -0.00131  -0.00233
 829     4.575  -10778662.860  30844119   0.00183   0.00143
 830     4.775  -10778614.796  29243583  -0.00626   0.00741
 831     4.775  -10778424.516  30748309  -0.00543   0.00090
 832     4.635  -10778542.436  31507906  -0.00307  -0.00156
 833     4.795  -10778497.865  29753844   0.00664   0.00504
 834     4.605  -10778515.130  30784627   0.00628   0.00089
 835     4.755  -10778500.207  31908323   0.00385  -0.00428
 836     4.685  -10778416.988  31423735  -0.00418  -0.00141
 837     4.725  -10778360.839  31776375  -0.00165  -0.00157
 838     4.565  -10778544.091  31796415   0.00113  -0.00381
 839     4.605  -10778451.760  30971948   0.00201   0.00064
 840     4.625  -10778412.563  32756880  -0.00148  -0.00800
 841     4.695  -10778413.928  32281262   0.00480  -0.00483
 842     4.585  -10778643.235  30532602   0.00519   0.00291
 843     4.535  -10778436.046  32130989  -0.00054  -0.00382
 844     4.545  -10778746.428  29438039  -0.00093   0.00867
 845     4.565  -10778429.955  31734042   0.00222  -0.00191
 846     4.555  -10778595.831  29721835   0.00086   0.00567
 847     4.715  -10778633.442  29728845   0.00446   0.00554
 848     4.725  -10778530.265  29720126  -0.00291   0.00602
 849     4.615  -10778473.540  32166069  -0.00215  -0.00466
 850     4.705  -10778574.483  31318242   0.00123  -0.00070
 851     4.735  -10778630.325  28523307  -0.00472   0.01068
 852     4.745  -10778392.246  30517118  -0.00317   0.00240
 853     4.785  -10778311.308  31788394  -0.00454  -0.00272
 854     4.755  -10778588.583  30402981  -0.00102   0.00310
 855     4.755  -10778587.689  30073503   0.00072   0.00579
 856     4.655  -10778415.004  29588330  -0.00675   0.00621
 857     4.655  -10778660.936  29935829   0.00023   0.00603
 858     4.745  -10778530.911  29985612  -0.00441   0.00197
 859     4.605  -10778249.423  33847599   0.00235  -0.01436
 860     4.585  -10778582.490  31389862   0.00555   0.00119
 861     4.795  -10778491.029  29084442  -0.00150   0.00916
 862     4.765  -10778416.577  31205777  -0.00868   0.00043
 863     4.685  -10778334.717  32289052   0.00139  -0.00697
 864     4.605  -10778570.268  29033267   0.00182   0.00781
 865     4.585  -10778577.730  30758167   0.00580   0.00233
 866     4.605  -10778601.303  31033703  -0.00158  -0.00028
 867     4.725  -10778506.772  31672509  -0.00248  -0.00233
 868     4.865  -10778095.742  33275088  -0.00315  -0.01156
 869     4.675  -10778516.081  31285811  -0.00213  -0.00041
 870     4.605  -10778605.367  28844009  -0.00696   0.00872
 871     4.535  -10778662.718  30271897   0.00345   0.00328
 872     4.855  -10778192.176  32504841  -0.00549  -0.00542
 873     4.665  -10778495.469  30007252   0.00228   0.00509
 874     4.625  -10778466.626  30795177   0.00362   0.00081
 875     4.565  -10778416.532  30954958  -0.00304   0.00030
 876     4.765  -10778585.193  29355266   0.00125   0.00687
 877     4.665  -10778298.796  32401302  -0.00686  -0.00794
 878     4.605  -10778554.884  31744289   0.00058  -0.00452
 879     4.605  -10778562.735  29323401   0.00035   0.00771
 880     4.645  -10778655.322  30298197  -0.00361   0.00418
 881     4.625  -10778394.942  32017452  -0.00501  -0.00506
 882     4.745  -10778531.797  29502847   0.00098   0.00552
 883     4.695  -10778379.385  31175471  -0.00086  -0.00151
 884     4.705  -10778417.458  31880344   0.00625  -0.00339
 885     4.655  -10778344.236  32316416   0.00255  -0.00617
 886     4.765  -10778351.551  30879541  -0.00566  -0.00035
 887     4.625  -10778459.557  30756056  -0.00908   0.00303
 888     4.715  -10778485.845  31084995  -0.00096  -0.00260
 889     4.605  -10778563.846  30758804  -0.00234   0.00221
 890     4.695  -10778516.269  30352912   0.00258   0.00269
 891     4.685  -10778467.448  31304327  -0.00102  -0.00248
 892     4.795  -10778397.926  32400822   0.00219  -0.00840
 893     4.494  -10778710.073  28845819  -0.00049   0.01026
 894     4.705  -10778397.476  30448123   0.00113   0.00162
 895     4.665  -10778231.597  32221669  -0.00062  -0.00503
 896     4.755  -10778555.802  29255935  -0.00194   0.00745
 897     4.665  -10778488.386  31703554   0.00302  -0.00362
 898     4.785  -10778470.062  31565012  -0.00194  -0.00204
 899     4.615  -10778548.693  32159103   0.00569  -0.00704
 900     4.675  -10778431.324  29850268  -0.00694   0.00460
 901     4.655  -10778565.660  29856001   0.00012   0.00436
 902     4.725  -10778473.440  29830319  -0.00505   0.00503
 903     4.535  -10778631.906  29695788   0.00669   0.00734
 904     4.735  -10778524.619  29041194  -0.00341   0.00787
 905     4.695  -10778428.587  30355948  -0.00084   0.00098
 906     4.755  -10778450.176  31712745   0.00268  -0.00353
 907     4.625  -10778462.914  31898387   0.00376  -0.00176
 908     4.625  -10778537.363  31223481   0.00222   0.00072
 909     4.484  -10778590.795  31198680   0.00705  -0.00134
 910     4.525  -10778509.779  31245523  -0.00850   0.00005
 911     4.705  -10778462.247  31274760   0.00225   0.00132
 912     4.765  -10778411.358  30668554  -0.00545   0.00277
 913     4.675  -10778524.132  29759094  -0.00175   0.00668
 914     4.785  -10778293.498  32980335   0.00900  -0.00889
 915     4.805  -10778362.098  30350410   0.00125   0.00115
 916     4.835  -10778377.359  30736773  -0.00054  -0.00069
 917     4.635  -10778433.795  29791858  -0.00182   0.00790
 918     4.525  -10778689.353  30247801   0.00061   0.00547
 919     4.735  -10778454.751  29958995  -0.00047   0.00426
 920     4.775  -10778564.601  28999009  -0.00332   0.00919
 921     4.615  -10778528.091  31945943   0.00542  -0.00485
 922     4.695  -10778564.302  31164429  -0.00446  -0.00148
 923     4.605  -10778433.286  31142601   0.00187   0.00084
 924     4.535  -10778669.302  31196274  -0.00005  -0.00142
 925     4.695  -10778369.884  31586435   0.00041  -0.00292
 926     4.805  -10778512.463  30895205  -0.00716  -0.00303
 927     4.755  -10778618.002  30164016   0.00740   0.00523
 928     4.645  -10778560.897  31462193   0.00307  -0.00195
 929     4.575  -10778687.286  28108256  -0.00427   0.01301
 930     4.755  -10778535.564  31207748   0.00223  -0.00200
 931     4.805  -10778635.133  28374476  -0.00179   0.01238
 932     4.685  -10778449.963  30482908  -0.00790   0.00271
 933     4.685  -10778603.366  30382139   0.00409   0.00270
 934     4.695  -10778555.872  31133168   0.00428  -0.00233
 935     4.665  -10778440.794  33227687  -0.00143  -0.00944
 936     4.675  -10778506.517  31077495   0.00140   0.00227
 937     4.645  -10778457.490  30953733   0.00156   0.00100
 938     4.615  -10778575.829  29766206   0.00016   0.00382
 939     4.705  -10778554.869  30711162  -0.00148  -0.00007
 940     4.665  -10778616.538  29901792  -0.00323   0.00458
 941     4.595  -10778565.290  31482163  -0.00373  -0.00111
 942     4.735  -10778356.337  30872406  -0.00730  -0.00089
 943     4.705  -10778362.151  31356120   0.00252  -0.00343
 944     4.675  -10778492.344  31730764   0.00071  -0.00225
 945     4.615  -10778398.039  32360590  -0.00186  -0.00559
 946     4.515  -10778587.785  30744397  -0.00167   0.00174
 947     4.535  -10778561.322  29773006   0.00061   0.00614
 948     4.675  -10778368.063  32743467   0.00516  -0.00959
 949     4.755  -10778418.681  31864015   0.00056  -0.00421
 950     4.615  -10778422.512  32548719   0.00561  -0.00486
 951     4.605  -10778532.276  29827119  -0.00149   0.00480
 952     4.595  -10778575.389  29833640  -0.00071   0.00483
 953     4.675  -10778632.196  30240689   0.00289   0.00433
 954     4.665  -10778474.703  31259181  -0.00033  -0.00031
 955     4.615  -10778545.178  32707637   0.00926  -0.00898
 956     4.855  -10778228.223  31645434  -0.00105  -0.00223
 957     4.645  -10778463.381  31225363  -0.00592  -0.00093
 958     4.815  -10778440.597  31483547  -0.00262  -0.00295
 959     4.625  -10778549.158  30667538   0.00159   0.00113
 960     4.755  -10778550.804  30774993   0.00025   0.00061
 961     4.615  -10778413.167  32397508  -0.00399  -0.00764
 962     4.635  -10778526.649  31517430   0.00320  -0.00212
 963     4.665  -10778624.014  30178356  -0.00195   0.00588
 964     4.705  -10778505.190  31649766   0.00573  -0.00175
 965     4.695  -10778542.700  31130603   0.00677  -0.00171
 966     4.655  -10778552.420  29484888   0.00058   0.00829
 967     4.795  -10778445.898  30969340   0.00261  -0.00107
 968     4.815  -10778299.905  30818528  -0.00996   0.00128
 969     4.555  -10778637.157  30797933   0.00645   0.00165
 970     4.825  -10778105.812  34183280  -0.00018  -0.01732
 971     4.575  -10778440.648  30295756  -0.00721   0.00224
 972     4.685  -10778477.632  32767703  -0.00053  -0.00863
 973     4.745  -10778338.319  31481496  -0.00391  -0.00175
 974     4.575  -10778665.874  30600370   0.00678   0.00204
 975     4.705  -10778568.406  31570062   0.00548  -0.00222
 976     4.605  -10778564.484  31255737  -0.00372  -0.00062
 977     4.525  -10778444.600  31141612  -0.00219   0.00121
 978     4.545  -10778504.943  31294344   0.00952   0.00036
 979     4.685  -10778342.176  30881695  -0.00213   0.00116
 980     4.695  -10778490.304  32106954  -0.00060  -0.00563
 981     4.595  -10778683.789  29722732   0.00369   0.00531
 982     4.545  -10778406.064  32865452   0.00421  -0.00978
 983     4.725  -10778415.888  31011203  -0.00704  -0.00037
 984     4.685  -10778427.755  32058649   0.00421  -0.00458
 985     4.735  -10778403.909  30413903   0.00089   0.00163
 986     4.715  -10778642.242  30624131   0.00607   0.00228
 987     4.725  -10778550.401  29948652  -0.00373   0.00705
 988     4.675  -10778635.463  30196404   0.00206   0.00226
 989     4.865  -10778461.414  30334770  -0.00237   0.00155
 990     4.705  -10778532.471  29234045  -0.00675   0.00730
 991     4.705  -10778484.907  29842365  -0.00667   0.00590
 992     4.745  -10778509.327  30650373   0.00124   0.00160
 993     4.655  -10778332.201  31634782  -0.00234  -0.00230
 994     4.645  -10778475.050  32059948   0.00299  -0.00406
 995     4.835  -10778543.388  30852085  -0.00412   0.00059
 996     4.595  -10778427.496  31623742   0.00574  -0.00291
 997     4.595  -10778427.978  30989270  -0.00639   0.00135
 998     4.805  -10778427.565  31996845  -0.00166  -0.00596
 999     4.645  -10778663.348  29199309   0.00314   0.00936
1000     4.625  -10778627.273  31144510   0.00271  -0.00068
