767 30000.000 L
30.000
33.000
56.000
120.000
252.000
301.000
327.000
360.000
388.000
400.000
426.000
475.000
556.000
582.000
606.000
639.000
672.000
730.000
771.000
807.000
819.000
897.000
900.000
1143.000
1154.000
1227.000
1230.000
1296.000
1311.000
1338.000
1367.000
1434.000
1436.000
1483.000
1681.000
1731.000
1761.000
1812.000
1960.000
1974.000
1992.000
2005.000
2010.000
2022.000
2148.000
2154.000
2156.000
2198.000
2226.000
2244.000
2255.000
2280.000
2355.000
2394.000
2446.000
2475.000
2589.000
2700.000
2763.000
2786.000
2865.000
2877.000
2958.000
3006.000
3056.000
3102.000
3171.000
3180.000
3216.000
3273.000
3286.000
3308.000
3312.000
3409.000
3449.000
3450.000
3537.000
3549.000
3555.000
3595.000
3603.000
3642.000
3657.000
3660.000
3669.000
3693.000
3786.000
3813.000
3867.000
3873.000
3894.000
3921.000
3954.000
4041.000
4134.000
4236.000
4263.000
4419.000
4458.000
4518.000
4557.000
4641.000
4644.000
4650.000
4671.000
4764.000
4772.000
4786.000
4788.000
4812.000
4845.000
4854.000
4857.000
4902.000
4932.000
4935.000
5016.000
5052.000
5094.000
5139.000
5160.000
5184.000
5283.000
5328.000
5373.000
5400.000
5479.000
5535.000
5580.000
5604.000
5619.000
5622.000
5653.000
5668.000
5670.000
5697.000
5727.000
5829.000
5898.000
5943.000
5961.000
6006.000
6046.000
6048.000
6051.000
6138.000
6165.000
6300.000
6351.000
6360.000
6366.000
6399.000
6564.000
6573.000
6585.000
6664.000
6717.000
6750.000
6756.000
6783.000
6790.000
6806.000
6847.000
6849.000
6927.000
6940.000
7065.000
7102.000
7140.000
7147.000
7149.000
7215.000
7224.000
7269.000
7275.000
7340.000
7349.000
7482.000
7485.000
7674.000
7764.000
7770.000
7998.000
8000.000
8040.000
8124.000
8256.000
8376.000
8550.000
8595.000
8676.000
8682.000
8910.000
8956.000
8991.000
9015.000
9046.000
9079.000
9081.000
9093.000
9122.000
9147.000
9225.000
9301.000
9303.000
9468.000
9510.000
9628.000
9637.000
9705.000
9707.000
9768.000
9837.000
9893.000
9949.000
10068.000
10128.000
10209.000
10215.000
10281.000
10320.000
10383.000
10419.000
10473.000
10483.000
10485.000
10500.000
10563.000
10650.000
10695.000
10719.000
10776.000
10926.000
10992.000
11040.000
11088.000
11103.000
11118.000
11139.000
11179.000
11199.000
11217.000
11231.000
11259.000
11286.000
11304.000
11326.000
11331.000
11355.000
11394.000
11409.000
11412.000
11435.000
11439.000
11481.000
11499.000
11530.000
11589.000
11591.000
11598.000
11604.000
11653.000
11748.000
11904.000
11930.000
11970.000
11991.000
12009.000
12114.000
12228.000
12318.000
12391.000
12392.000
12393.000
12491.000
12498.000
12522.000
12543.000
12567.000
12636.000
12657.000
12763.000
12774.000
12807.000
12861.000
12895.000
12897.000
12900.000
12909.000
12912.000
12963.000
12966.000
13037.000
13038.000
13044.000
13125.000
13130.000
13206.000
13212.000
13377.000
13386.000
13422.000
13434.000
13463.000
13473.000
13494.000
13614.000
13626.000
13635.000
13655.000
13716.000
13794.000
13970.000
13977.000
13983.000
14016.000
14142.000
14150.000
14163.000
14220.000
14373.000
14455.000
14562.000
14632.000
14703.000
14777.000
14781.000
14784.000
14817.000
14823.000
14907.000
14949.000
14961.000
14964.000
14970.000
15039.000
15063.000
15099.000
15210.000
15243.000
15294.000
15435.000
15474.000
15486.000
15504.000
15522.000
15625.000
15774.000
15851.000
15876.000
15962.000
16056.000
16074.000
16083.000
16136.000
16203.000
16224.000
16233.000
16329.000
16341.000
16437.000
16500.000
16551.000
16578.000
16632.000
16722.000
16734.000
16746.000
16878.000
16950.000
16990.000
16992.000
17044.000
17049.000
17056.000
17112.000
17126.000
17127.000
17136.000
17139.000
17280.000
17289.000
17322.000
17358.000
17361.000
17430.000
17445.000
17518.000
17589.000
17595.000
17640.000
17642.000
17643.000
17645.000
17715.000
17717.000
17751.000
17781.000
17809.000
17823.000
17937.000
17991.000
17994.000
17997.000
18006.000
18064.000
18081.000
18093.000
18125.000
18126.000
18143.000
18175.000
18306.000
18367.000
18381.000
18385.000
18432.000
18438.000
18511.000
18534.000
18570.000
18612.000
18629.000
18642.000
18720.000
18786.000
18788.000
18789.000
18831.000
18845.000
18846.000
18870.000
18889.000
18891.000
18918.000
18973.000
19034.000
19035.000
19037.000
19042.000
19088.000
19310.000
19330.000
19335.000
19461.000
19518.000
19657.000
19770.000
19774.000
19776.000
19794.000
19962.000
20001.000
20007.000
20014.000
20043.000
20058.000
20109.000
20118.000
20151.000
20176.000
20178.000
20203.000
20213.000
20214.000
20224.000
20283.000
20321.000
20349.000
20424.000
20427.000
20472.000
20481.000
20520.000
20530.000
20532.000
20551.000
20616.000
20652.000
20719.000
20731.000
20742.000
20762.000
20763.000
20838.000
20844.000
20854.000
20856.000
20892.000
20962.000
20964.000
21093.000
21117.000
21131.000
21138.000
21216.000
21223.000
21285.000
21342.000
21352.000
21354.000
21370.000
21501.000
21603.000
21642.000
21654.000
21670.000
21671.000
21681.000
21685.000
21741.000
21790.000
21792.000
21852.000
21881.000
21891.000
21897.000
21927.000
21939.000
21940.000
21943.000
21960.000
21998.000
22001.000
22041.000
22083.000
22114.000
22116.000
22119.000
22152.000
22216.000
22242.000
22304.000
22324.000
22329.000
22365.000
22406.000
22407.000
22410.000
22446.000
22459.000
22479.000
22485.000
22503.000
22524.000
22557.000
22593.000
22635.000
22656.000
22674.000
22677.000
22724.000
22725.000
22731.000
22733.000
22749.000
22767.000
22802.000
22851.000
22855.000
22890.000
22912.000
22925.000
22926.000
22931.000
22932.000
22957.000
22974.000
23034.000
23051.000
23070.000
23076.000
23083.000
23103.000
23211.000
23236.000
23253.000
23256.000
23288.000
23289.000
23298.000
23319.000
23322.000
23337.000
23443.000
23445.000
23454.000
23460.000
23487.000
23493.000
23508.000
23517.000
23542.000
23543.000
23559.000
23583.000
23605.000
23634.000
23691.000
23736.000
23781.000
23839.000
23865.000
23894.000
23937.000
23991.000
24006.000
24027.000
24058.000
24111.000
24219.000
24273.000
24367.000
24414.000
24448.000
24522.000
24525.000
24542.000
24564.000
24585.000
24588.000
24743.000
24792.000
24795.000
24826.000
24828.000
24837.000
24952.000
24984.000
25005.000
25077.000
25080.000
25146.000
25154.000
25158.000
25179.000
25291.000
25338.000
25341.000
25353.000
25380.000
25407.000
25479.000
25524.000
25657.000
25659.000
25743.000
25747.000
25749.000
25803.000
25832.000
25881.000
25995.000
26004.000
26030.000
26035.000
26037.000
26068.000
26070.000
26143.000
26151.000
26178.000
26214.000
26241.000
26349.000
26370.000
26381.000
26382.000
26430.000
26451.000
26458.000
26460.000
26472.000
26496.000
26501.000
26514.000
26623.000
26770.000
26771.000
26813.000
26814.000
26871.000
26895.000
26911.000
26937.000
26962.000
26963.000
27007.000
27009.000
27073.000
27090.000
27147.000
27240.000
27294.000
27295.000
27462.000
27478.000
27513.000
27562.000
27612.000
27624.000
27657.000
27757.000
27762.000
27771.000
27810.000
27819.000
27831.000
27849.000
27870.000
27945.000
27957.000
27975.000
27990.000
28009.000
28056.000
28107.000
28161.000
28182.000
28239.000
28264.000
28268.000
28365.000
28375.000
28377.000
28389.000
28434.000
28446.000
28467.000
28485.000
28491.000
28581.000
28612.000
28692.000
28755.000
28764.000
28872.000
28878.000
28941.000
28979.000
29003.000
29010.000
29247.000
29271.000
29298.000
29370.000
29382.000
29400.000
29427.000
29432.000
29493.000
29499.000
29541.000
29544.000
29565.000
29616.000
29634.000
29712.000
29721.000
29730.000
29771.000
29805.000
29874.000
29901.000
29913.000
29918.000
29967.000