807 30000.000 L
8.000
9.000
51.000
57.000
75.000
246.000
354.000
505.000
537.000
571.000
627.000
660.000
792.000
828.000
835.000
844.000
870.000
876.000
882.000
1071.000
1074.000
1076.000
1083.000
1233.000
1352.000
1379.000
1398.000
1412.000
1446.000
1518.000
1560.000
1698.000
1725.000
1727.000
1728.000
1808.000
1863.000
1978.000
1980.000
2036.000
2292.000
2373.000
2397.000
2413.000
2415.000
2454.000
2484.000
2510.000
2544.000
2553.000
2610.000
2679.000
2799.000
2856.000
2877.000
2925.000
2940.000
2955.000
2979.000
3117.000
3197.000
3291.000
3294.000
3363.000
3420.000
3424.000
3491.000
3525.000
3591.000
3597.000
3602.000
3709.000
3715.000
3729.000
3780.000
3804.000
3862.000
3951.000
3959.000
4050.000
4128.000
4200.000
4221.000
4223.000
4270.000
4272.000
4279.000
4294.000
4302.000
4326.000
4513.000
4535.000
4569.000
4590.000
4662.000
4749.000
4863.000
4884.000
4897.000
5003.000
5028.000
5034.000
5175.000
5247.000
5421.000
5547.000
5580.000
5712.000
5793.000
5805.000
5827.000
5838.000
5856.000
5871.000
5916.000
6040.000
6072.000
6075.000
6084.000
6121.000
6289.000
6329.000
6381.000
6489.000
6644.000
6681.000
6693.000
6779.000
6870.000
6900.000
6931.000
6933.000
6939.000
6955.000
7174.000
7182.000
7203.000
7240.000
7243.000
7296.000
7329.000
7446.000
7488.000
7509.000
7584.000
7692.000
7708.000
7785.000
7806.000
7910.000
7923.000
8159.000
8328.000
8355.000
8367.000
8382.000
8493.000
8502.000
8550.000
8554.000
8679.000
8694.000
8727.000
8736.000
8883.000
8901.000
8907.000
8952.000
8961.000
8985.000
9063.000
9066.000
9069.000
9156.000
9286.000
9319.000
9426.000
9471.000
9498.000
9593.000
9596.000
9601.000
9630.000
9675.000
9681.000
9717.000
9788.000
9869.000
9891.000
9912.000
9939.000
9962.000
10046.000
10047.000
10164.000
10167.000
10234.000
10374.000
10407.000
10416.000
10424.000
10425.000
10455.000
10461.000
10466.000
10506.000
10518.000
10601.000
10608.000
10614.000
10758.000
10911.000
10943.000
10959.000
11025.000
11073.000
11076.000
11091.000
11112.000
11201.000
11292.000
11295.000
11379.000
11388.000
11410.000
11411.000
11412.000
11426.000
11514.000
11526.000
11628.000
11770.000
11788.000
11865.000
11874.000
11931.000
11973.000
12000.000
12078.000
12099.000
12132.000
12138.000
12153.000
12286.000
12288.000
12291.000
12364.000
12546.000
12558.000
12609.000
12660.000
12696.000
12708.000
12906.000
12942.000
12951.000
12994.000
13017.000
13053.000
13176.000
13244.000
13275.000
13317.000
13329.000
13331.000
13341.000
13342.000
13362.000
13377.000
13380.000
13461.000
13509.000
13515.000
13530.000
13541.000
13557.000
13599.000
13699.000
13734.000
13887.000
13905.000
13932.000
14127.000
14178.000
14190.000
14208.000
14382.000
14401.000
14442.000
14484.000
14505.000
14546.000
14562.000
14571.000
14641.000
14644.000
14658.000
14664.000
14694.000
14772.000
14787.000
14838.000
14907.000
14949.000
14955.000
15024.000
15114.000
15166.000
15168.000
15183.000
15189.000
15240.000
15363.000
15385.000
15495.000
15513.000
15535.000
15591.000
15594.000
15633.000
15642.000
15666.000
15713.000
15714.000
15717.000
15729.000
15804.000
15846.000
15858.000
15982.000
16029.000
16065.000
16077.000
16086.000
16116.000
16203.000
16212.000
16230.000
16479.000
16563.000
16597.000
16621.000
16656.000
16746.000
16785.000
16815.000
16870.000
16947.000
16992.000
17136.000
17193.000
17223.000
17271.000
17295.000
17309.000
17310.000
17340.000
17390.000
17511.000
17526.000
17583.000
17643.000
17769.000
17784.000
17811.000
17823.000
17841.000
17853.000
17928.000
18000.000
18096.000
18211.000
18249.000
18288.000
18347.000
18387.000
18450.000
18510.000
18522.000
18564.000
18588.000
18640.000
18671.000
18672.000
18783.000
18819.000
18846.000
18904.000
18905.000
18969.000
19032.000
19056.000
19071.000
19305.000
19338.000
19344.000
19501.000
19578.000
19594.000
19611.000
19657.000
19662.000
19674.000
19740.000
20010.000
20016.000
20028.000
20052.000
20063.000
20088.000
20097.000
20099.000
20107.000
20108.000
20112.000
20163.000
20169.000
20172.000
20181.000
20185.000
20189.000
20190.000
20221.000
20232.000
20280.000
20313.000
20331.000
20333.000
20334.000
20385.000
20439.000
20445.000
20501.000
20529.000
20531.000
20538.000
20586.000
20590.000
20631.000
20679.000
20724.000
20737.000
20739.000
20799.000
20834.000
20892.000
20896.000
20922.000
20949.000
20957.000
20982.000
21000.000
21013.000
21018.000
21030.000
21048.000
21090.000
21093.000
21130.000
21168.000
21207.000
21222.000
21240.000
21282.000
21285.000
21290.000
21292.000
21327.000
21338.000
21354.000
21357.000
21369.000
21381.000
21405.000
21429.000
21498.000
21510.000
21552.000
21566.000
21579.000
21581.000
21591.000
21603.000
21609.000
21625.000
21687.000
21717.000
21720.000
21725.000
21726.000
21735.000
21774.000
21837.000
21852.000
21876.000
21888.000
21951.000
21963.000
22009.000
22011.000
22020.000
22056.000
22083.000
22109.000
22119.000
22126.000
22127.000
22128.000
22210.000
22212.000
22227.000
22236.000
22239.000
22260.000
22279.000
22395.000
22443.000
22498.000
22530.000
22566.000
22578.000
22593.000
22605.000
22647.000
22677.000
22713.000
22729.000
22731.000
22773.000
22776.000
22782.000
22784.000
22785.000
22899.000
22953.000
22965.000
22973.000
22974.000
22980.000
22998.000
23009.000
23010.000
23036.000
23037.000
23046.000
23085.000
23087.000
23167.000
23169.000
23172.000
23179.000
23244.000
23274.000
23298.000
23307.000
23324.000
23328.000
23338.000
23385.000
23410.000
23529.000
23586.000
23604.000
23625.000
23627.000
23631.000
23634.000
23647.000
23649.000
23679.000
23769.000
23770.000
23785.000
23786.000
23839.000
23891.000
23898.000
23910.000
24019.000
24024.000
24036.000
24081.000
24123.000
24126.000
24138.000
24141.000
24180.000
24202.000
24204.000
24252.000
24260.000
24313.000
24315.000
24354.000
24366.000
24372.000
24435.000
24453.000
24483.000
24492.000
24510.000
24514.000
24543.000
24552.000
24660.000
24666.000
24705.000
24723.000
24795.000
24801.000
24846.000
24876.000
24963.000
25002.000
25017.000
25074.000
25110.000
25119.000
25125.000
25134.000
25165.000
25185.000
25203.000
25213.000
25215.000
25220.000
25287.000
25290.000
25295.000
25332.000
25350.000
25371.000
25403.000
25416.000
25428.000
25435.000
25476.000
25488.000
25503.000
25644.000
25656.000
25657.000
25690.000
25728.000
25740.000
25767.000
25769.000
25770.000
25773.000
25812.000
25829.000
25937.000
25968.000
25977.000
25998.000
26025.000
26043.000
26052.000
26082.000
26109.000
26110.000
26115.000
26139.000
26145.000
26155.000
26229.000
26239.000
26240.000
26241.000
26250.000
26298.000
26334.000
26355.000
26363.000
26364.000
26388.000
26421.000
26469.000
26475.000
26496.000
26532.000
26634.000
26664.000
26769.000
26775.000
26787.000
26810.000
26826.000
26832.000
26880.000
26881.000
26904.000
26916.000
26961.000
26976.000
27047.000
27060.000
27090.000
27133.000
27138.000
27171.000
27178.000
27180.000
27201.000
27285.000
27323.000
27396.000
27417.000
27492.000
27507.000
27546.000
27561.000
27579.000
27597.000
27609.000
27675.000
27681.000
27695.000
27723.000
27731.000
27732.000
27771.000
27792.000
27813.000
27819.000
27824.000
27826.000
27828.000
27897.000
27972.000
27981.000
28020.000
28101.000
28188.000
28252.000
28297.000
28299.000
28315.000
28374.000
28421.000
28422.000
28428.000
28440.000
28485.000
28529.000
28536.000
28539.000
28572.000
28634.000
28635.000
28644.000
28653.000
28664.000
28692.000
28704.000
28734.000
28748.000
28749.000
28778.000
28785.000
28812.000
28818.000
28832.000
28836.000
28908.000
28914.000
29004.000
29014.000
29016.000
29019.000
29046.000
29118.000
29127.000
29130.000
29175.000
29244.000
29295.000
29390.000
29391.000
29403.000
29437.000
29439.000
29446.000
29454.000
29463.000
29478.000
29484.000
29502.000
29523.000
29526.000
29547.000
29562.000
29700.000
29733.000
29765.000
29766.000
29776.000
29781.000
29784.000
29832.000
29835.000
29865.000
29895.000
29940.000
29996.000
29997.000
30000.000