839 30000.000 L
49.000
78.000
96.000
116.000
124.000
134.000
148.000
231.000
236.000
325.000
367.000
376.000
470.000
491.000
514.000
528.000
529.000
641.000
658.000
683.000
800.000
842.000
847.000
862.000
906.000
915.000
922.000
941.000
982.000
1042.000
1051.000
1061.000
1100.000
1128.000
1152.000
1178.000
1187.000
1204.000
1211.000
1212.000
1214.000
1223.000
1317.000
1330.000
1407.000
1430.000
1502.000
1504.000
1513.000
1534.000
1547.000
1600.000
1652.000
1662.000
1671.000
1672.000
1719.000
1739.000
1783.000
1934.000
2008.000
2027.000
2030.000
2084.000
2116.000
2185.000
2187.000
2356.000
2363.000
2365.000
2386.000
2392.000
2409.000
2412.000
2462.000
2465.000
2468.000
2489.000
2502.000
2543.000
2549.000
2576.000
2589.000
2619.000
2621.000
2639.000
2659.000
2687.000
2705.000
2726.000
2767.000
2788.000
2818.000
2843.000
2847.000
2878.000
2901.000
2979.000
2984.000
2986.000
3007.000
3032.000
3055.000
3084.000
3156.000
3180.000
3185.000
3197.000
3203.000
3237.000
3258.000
3262.000
3306.000
3341.000
3362.000
3439.000
3453.000
3468.000
3476.000
3500.000
3506.000
3521.000
3574.000
3654.000
3679.000
3699.000
3716.000
3848.000
3852.000
3853.000
3898.000
4020.000
4108.000
4145.000
4165.000
4226.000
4258.000
4554.000
4582.000
4616.000
4720.000
4776.000
4803.000
4845.000
4958.000
4976.000
4983.000
4990.000
5011.000
5029.000
5054.000
5104.000
5113.000
5202.000
5275.000
5290.000
5340.000
5367.000
5397.000
5402.000
5409.000
5413.000
5461.000
5509.000
5519.000
5565.000
5574.000
5632.000
5658.000
5668.000
5673.000
5689.000
5691.000
5695.000
5710.000
5750.000
5774.000
5788.000
5816.000
5843.000
5876.000
5878.000
5881.000
5937.000
5955.000
5965.000
6052.000
6058.000
6089.000
6162.000
6201.000
6254.000
6268.000
6290.000
6292.000
6335.000
6349.000
6399.000
6408.000
6451.000
6540.000
6555.000
6583.000
6589.000
6615.000
6655.000
6691.000
6696.000
6707.000
6720.000
6745.000
6757.000
6792.000
6794.000
6797.000
6823.000
6863.000
6882.000
6891.000
6958.000
6968.000
6988.000
7002.000
7015.000
7140.000
7152.000
7193.000
7219.000
7235.000
7239.000
7281.000
7338.000
7367.000
7386.000
7391.000
7401.000
7418.000
7429.000
7433.000
7468.000
7580.000
7708.000
7724.000
7749.000
7750.000
7764.000
7771.000
7778.000
7786.000
7803.000
7810.000
7811.000
7824.000
7881.000
7901.000
7952.000
8060.000
8061.000
8067.000
8085.000
8094.000
8138.000
8227.000
8236.000
8253.000
8264.000
8279.000
8321.000
8329.000
8345.000
8432.000
8513.000
8527.000
8541.000
8619.000
8704.000
8758.000
8797.000
8838.000
8849.000
8850.000
8909.000
9046.000
9049.000
9072.000
9109.000
9114.000
9156.000
9167.000
9178.000
9251.000
9265.000
9275.000
9362.000
9382.000
9392.000
9412.000
9484.000
9487.000
9489.000
9517.000
9551.000
9567.000
9629.000
9642.000
9668.000
9725.000
9865.000
9884.000
9894.000
9898.000
9905.000
9916.000
9958.000
9959.000
9984.000
9989.000
10059.000
10066.000
10128.000
10231.000
10256.000
10266.000
10280.000
10317.000
10338.000
10347.000
10352.000
10365.000
10377.000
10388.000
10424.000
10427.000
10429.000
10496.000
10525.000
10534.000
10537.000
10616.000
10736.000
10816.000
10817.000
10833.000
10851.000
10886.000
10894.000
10916.000
10937.000
10965.000
10971.000
11000.000
11037.000
11054.000
11163.000
11180.000
11204.000
11215.000
11229.000
11279.000
11345.000
11395.000
11402.000
11403.000
11407.000
11413.000
11473.000
11564.000
11573.000
11636.000
11685.000
11727.000
11872.000
11887.000
11894.000
11927.000
11931.000
12054.000
12060.000
12086.000
12093.000
12096.000
12098.000
12129.000
12424.000
12450.000
12457.000
12459.000
12461.000
12491.000
12511.000
12547.000
12595.000
12609.000
12636.000
12700.000
12753.000
12797.000
12892.000
12900.000
12902.000
12906.000
12948.000
13034.000
13164.000
13245.000
13250.000
13309.000
13345.000
13361.000
13418.000
13436.000
13441.000
13448.000
13486.000
13487.000
13520.000
13619.000
13632.000
13741.000
13745.000
13794.000
13827.000
13838.000
13841.000
13858.000
13868.000
13896.000
13978.000
13989.000
13992.000
14016.000
14071.000
14087.000
14091.000
14125.000
14130.000
14145.000
14224.000
14299.000
14322.000
14371.000
14380.000
14431.000
14616.000
14619.000
14675.000
14696.000
14697.000
14834.000
14899.000
14938.000
14941.000
14943.000
14973.000
14983.000
15001.000
15006.000
15053.000
15090.000
15134.000
15152.000
15164.000
15189.000
15293.000
15339.000
15368.000
15413.000
15416.000
15463.000
15477.000
15487.000
15615.000
15656.000
15659.000
15663.000
15696.000
15699.000
15711.000
15820.000
15846.000
15853.000
15910.000
15925.000
15949.000
15982.000
16021.000
16042.000
16107.000
16150.000
16182.000
16215.000
16224.000
16266.000
16329.000
16395.000
16400.000
16422.000
16486.000
16495.000
16536.000
16684.000
16687.000
16714.000
16718.000
16776.000
16784.000
16806.000
16838.000
16892.000
16943.000
16970.000
17010.000
17025.000
17134.000
17140.000
17143.000
17159.000
17181.000
17198.000
17201.000
17230.000
17341.000
17392.000
17431.000
17433.000
17434.000
17435.000
17552.000
17596.000
17603.000
17728.000
17748.000
17753.000
17869.000
17893.000
17963.000
17974.000
18011.000
18029.000
18037.000
18145.000
18168.000
18175.000
18177.000
18190.000
18200.000
18202.000
18203.000
18227.000
18399.000
18485.000
18624.000
18661.000
18662.000
18679.000
18729.000
18767.000
18834.000
18867.000
18917.000
18925.000
18991.000
19089.000
19107.000
19260.000
19308.000
19370.000
19391.000
19472.000
19576.000
19592.000
19619.000
19664.000
19700.000
19713.000
19759.000
19840.000
19849.000
19870.000
19962.000
20007.000
20058.000
20144.000
20249.000
20289.000
20292.000
20319.000
20371.000
20466.000
20516.000
20523.000
20539.000
20656.000
20673.000
20689.000
20698.000
20733.000
20768.000
20971.000
20973.000
20977.000
20995.000
21001.000
21057.000
21063.000
21091.000
21110.000
21124.000
21129.000
21136.000
21251.000
21253.000
21298.000
21310.000
21346.000
21389.000
21542.000
21544.000
21571.000
21608.000
21653.000
21691.000
21694.000
21770.000
21788.000
21824.000
21826.000
21862.000
21868.000
21897.000
21929.000
21966.000
21968.000
22010.000
22125.000
22157.000
22177.000
22181.000
22236.000
22287.000
22315.000
22328.000
22396.000
22461.000
22488.000
22500.000
22535.000
22616.000
22664.000
22730.000
22755.000
22913.000
23045.000
23060.000
23063.000
23065.000
23076.000
23081.000
23111.000
23121.000
23200.000
23280.000
23310.000
23405.000
23414.000
23427.000
23551.000
23671.000
23673.000
23746.000
23752.000
23764.000
23798.000
23823.000
23850.000
23875.000
23883.000
23886.000
23919.000
23957.000
23984.000
23993.000
24024.000
24025.000
24048.000
24108.000
24122.000
24210.000
24285.000
24287.000
24316.000
24351.000
24421.000
24437.000
24464.000
24467.000
24498.000
24522.000
24558.000
24566.000
24567.000
24598.000
24618.000
24621.000
24627.000
24663.000
24696.000
24706.000
24712.000
24754.000
24766.000
24865.000
24878.000
24927.000
24966.000
24971.000
25026.000
25030.000
25041.000
25062.000
25106.000
25119.000
25133.000
25167.000
25187.000
25194.000
25303.000
25311.000
25341.000
25446.000
25451.000
25467.000
25505.000
25519.000
25533.000
25549.000
25616.000
25621.000
25624.000
25689.000
25693.000
25721.000
25777.000
25785.000
25845.000
25926.000
25970.000
26025.000
26041.000
26102.000
26262.000
26265.000
26289.000
26317.000
26538.000
26541.000
26548.000
26555.000
26556.000
26595.000
26611.000
26612.000
26700.000
26743.000
26791.000
26839.000
26864.000
26891.000
26892.000
26916.000
26932.000
26938.000
26979.000
26983.000
27031.000
27089.000
27212.000
27250.000
27288.000
27326.000
27359.000
27395.000
27489.000
27514.000
27657.000
27697.000
27736.000
27777.000
27789.000
27838.000
27875.000
27887.000
27990.000
27996.000
28004.000
28047.000
28067.000
28068.000
28131.000
28198.000
28282.000
28304.000
28305.000
28373.000
28412.000
28413.000
28478.000
28499.000
28516.000
28563.000
28571.000
28579.000
28630.000
28664.000
28679.000
28684.000
28718.000
28724.000
28741.000
28855.000
28870.000
28938.000
29141.000
29288.000
29306.000
29376.000
29402.000
29403.000
29478.000
29504.000
29515.000
29534.000
29610.000
29753.000
29776.000
29817.000
29827.000
29854.000
29863.000
