Distribution of estimated Rho values

Shuffle   Rho    Lkmax      G4     corr(r2,d)   corr(D',d)

   1     0.600  -13540469.684  2432645   0.00356   0.00127
   2     0.600  -13540460.630  2082611  -0.00334   0.00526
   3     0.600  -13540438.894  2526032  -0.00608  -0.00025
   4     0.600  -13540426.776  2269102   0.00591   0.00254
   5     0.600  -13540491.112  2558772  -0.00873  -0.00035
   6     0.600  -13540418.538  2589138   0.00317  -0.00102
   7     0.600  -13540441.507  2438621  -0.00322   0.00356
   8     0.600  -13540396.747  1785433  -0.00735   0.00959
   9     0.600  -13540404.182  2384139   0.00068   0.00132
  10     0.600  -13540421.826  2610229  -0.00235  -0.00343
  11     0.600  -13540489.326  2638889   0.00235  -0.00153
  12     0.600  -13540501.249  2273913  -0.00299   0.00448
  13     0.600  -13540524.887  2207911   0.00071   0.00416
  14     0.600  -13540445.549  2976710   0.00038  -0.00634
  15     0.600  -13540379.426  2290323  -0.00292   0.00350
  16     0.600  -13540446.279  2927894  -0.00314  -0.00706
  17     0.600  -13540442.734  2471124  -0.00200   0.00012
  18     0.600  -13540392.431  2940391   0.00001  -0.00562
  19     0.600  -13540457.030  2668522   0.00091  -0.00031
  20     0.600  -13540505.908  2301507   0.00722   0.00256
  21     0.600  -13540417.859  2300489  -0.00011   0.00211
  22     0.600  -13540439.307  2909765  -0.00168  -0.00729
  23     0.600  -13540459.198  2087041  -0.00314   0.00565
  24     0.600  -13540394.439  2500939   0.00193  -0.00059
  25     0.600  -13540452.583  2308810   0.00666   0.00313
  26     0.600  -13540419.506  2726397   0.00732  -0.00390
  27     0.600  -13540513.102  2602331  -0.00323  -0.00322
  28     0.600  -13540451.491  2577987  -0.00180   0.00081
  29     0.600  -13540520.496  2156038   0.00310   0.00424
  30     0.600  -13540464.972  2660294   0.00243  -0.00279
  31     0.600  -13540365.941  2762870   0.00541  -0.00365
  32     0.600  -13540428.364  2105148   0.00454   0.00528
  33     0.600  -13540410.266  3328601   0.00568  -0.00964
  34     0.600  -13540339.104  3201457  -0.00160  -0.00913
  35     0.700  -13540426.845  2870499  -0.00200  -0.00500
  36     0.600  -13540464.032  2479920  -0.00266  -0.00013
  37     0.600  -13540477.162  2295099  -0.00088   0.00187
  38     0.600  -13540384.943  3158734   0.00004  -0.00771
  39     0.600  -13540472.693  2405811  -0.00003   0.00069
  40     0.700  -13540487.786  3260687   0.00348  -0.00992
  41     0.600  -13540462.591  2647634  -0.00098  -0.00178
  42     0.600  -13540513.282  2123729  -0.00556   0.00674
  43     0.600  -13540478.452  2325805   0.00055   0.00304
  44     0.600  -13540422.408  2757595   0.00259  -0.00323
  45     0.600  -13540463.102  2218221   0.00484   0.00421
  46     0.600  -13540483.987  2883592   0.00677  -0.00605
  47     0.600  -13540432.141  2885158   0.00104  -0.00300
  48     0.600  -13540438.458  2304101   0.00074   0.00249
  49     0.600  -13540479.678  2902043  -0.00737  -0.00574
  50     0.600  -13540437.858  2546594   0.00067  -0.00034
  51     0.600  -13540469.746  2169458  -0.00491   0.00512
  52     0.600  -13540416.705  2519466  -0.00229  -0.00107
  53     0.600  -13540447.205  2496333   0.00267  -0.00042
  54     0.600  -13540446.180  2575253  -0.00297  -0.00142
  55     0.600  -13540402.145  2611247   0.00222  -0.00130
  56     0.600  -13540447.193  2180638  -0.00860   0.00407
  57     0.600  -13540428.717  2922065   0.00193  -0.00518
  58     0.600  -13540466.663  2769616  -0.00632  -0.00519
  59     0.600  -13540447.145  2407232  -0.00242   0.00119
  60     0.600  -13540389.892  3132857  -0.00346  -0.00889
  61     0.600  -13540418.341  2742226  -0.00127  -0.00203
  62     0.600  -13540380.708  2475483  -0.00003  -0.00016
  63     0.600  -13540443.795  2536938  -0.00141   0.00064
  64     0.600  -13540511.989  2117319  -0.00453   0.00601
  65     0.600  -13540513.985  2313981  -0.00204   0.00221
  66     0.600  -13540502.033  3232746  -0.00300  -0.01127
  67     0.600  -13540411.116  2394672  -0.00058   0.00290
  68     0.600  -13540387.318  2681483   0.00022  -0.00289
  69     0.600  -13540428.004  2284068   0.00399   0.00214
  70     0.600  -13540476.244  2441993  -0.00180   0.00091
  71     0.600  -13540551.100  2091728  -0.00126   0.00481
  72     0.600  -13540484.114  2416496  -0.00074   0.00100
  73     0.600  -13540501.759  2021006  -0.00759   0.00739
  74     0.600  -13540492.596  1772658  -0.00176   0.01115
  75     0.600  -13540436.383  2674441  -0.00079  -0.00261
  76     0.600  -13540450.843  2351669   0.00700   0.00297
  77     0.600  -13540456.248  2781134   0.00223  -0.00414
  78     0.600  -13540464.549  2305506  -0.00097   0.00270
  79     0.600  -13540438.849  2675895   0.00052  -0.00328
  80     0.600  -13540440.528  2490770   0.00251  -0.00089
  81     0.600  -13540470.588  2534654  -0.00313  -0.00082
  82     0.600  -13540488.574  2270405   0.00114   0.00300
  83     0.600  -13540438.083  2520294  -0.00664   0.00008
  84     0.600  -13540471.345  2582728   0.00063  -0.00005
  85     0.600  -13540492.850  2694649  -0.00719  -0.00142
  86     0.600  -13540423.503  2428944   0.01069   0.00062
  87     0.600  -13540485.061  2141922   0.00574   0.00433
  88     0.600  -13540452.830  2453761   0.00152   0.00005
  89     0.600  -13540459.243  2274023   0.00350   0.00460
  90     0.600  -13540522.993  2670724   0.00596  -0.00204
  91     0.600  -13540389.567  2667048  -0.00259  -0.00127
  92     0.600  -13540445.402  2591039   0.00294  -0.00132
  93     0.600  -13540449.470  2631917  -0.00007  -0.00136
  94     0.600  -13540431.669  2728230  -0.00086  -0.00448
  95     0.600  -13540475.598  2113348  -0.00516   0.00582
  96     0.600  -13540339.439  2798764  -0.00390  -0.00222
  97     0.600  -13540466.910  2519123  -0.00048  -0.00052
  98     0.600  -13540510.808  2485612   0.00064   0.00097
  99     0.600  -13540474.210  2565972  -0.00275  -0.00210
 100     0.600  -13540439.492  2228979   0.00822   0.00519
 101     0.600  -13540464.393  2361770  -0.00431   0.00157
 102     0.600  -13540473.193  2219273   0.00292   0.00283
 103     0.600  -13540489.847  2089018  -0.00463   0.00534
 104     0.600  -13540469.183  2082325  -0.00363   0.00736
 105     0.600  -13540447.841  2108173  -0.00037   0.00700
 106     0.600  -13540462.841  2957237  -0.00117  -0.00817
 107     0.600  -13540439.260  2590704   0.00239  -0.00068
 108     0.600  -13540431.598  2567272  -0.00085  -0.00150
 109     0.600  -13540467.468  2832053  -0.00442  -0.00545
 110     0.600  -13540486.953  1944845   0.00109   0.00804
 111     0.600  -13540462.423  2419721   0.00739   0.00148
 112     0.600  -13540498.227  2305651  -0.00047   0.00386
 113     0.600  -13540507.495  2710562  -0.00238  -0.00345
 114     0.600  -13540494.466  2406634   0.00162   0.00188
 115     0.600  -13540436.026  3048101  -0.00051  -0.00786
 116     0.600  -13540497.962  2378385  -0.00189   0.00184
 117     0.600  -13540447.411  2704924   0.00826  -0.00274
 118     0.600  -13540487.694  2354072  -0.00021   0.00155
 119     0.600  -13540416.337  2337868   0.00171   0.00167
 120     0.600  -13540500.680  2331184  -0.00720   0.00174
 121     0.600  -13540412.537  2233279   0.00159   0.00323
 122     0.600  -13540481.422  2643307   0.00048  -0.00159
 123     0.600  -13540483.755  2673971   0.00194  -0.00070
 124     0.600  -13540502.805  2152446   0.00516   0.00428
 125     0.600  -13540489.891  2633421   0.00054  -0.00177
 126     0.600  -13540415.106  3269608  -0.00257  -0.01175
 127     0.600  -13540493.734  2129659   0.00161   0.00552
 128     0.600  -13540461.766  2420440  -0.00319   0.00178
 129     0.600  -13540522.792  2114298  -0.00559   0.00513
 130     0.600  -13540453.108  2541357  -0.00117  -0.00039
 131     0.600  -13540454.648  2806253  -0.00262  -0.00527
 132     0.600  -13540452.252  2135047   0.00343   0.00464
 133     0.600  -13540463.116  2206416   0.00129   0.00417
 134     0.600  -13540484.540  3107114  -0.00114  -0.00911
 135     0.600  -13540450.970  3210139  -0.00120  -0.00830
 136     0.600  -13540496.684  2246170  -0.00431   0.00383
 137     0.600  -13540490.535  2171703   0.00579   0.00459
 138     0.600  -13540445.510  2815975  -0.00315  -0.00536
 139     0.600  -13540439.985  3081227   0.00050  -0.00742
 140     0.600  -13540475.526  2745407  -0.00014  -0.00190
 141     0.600  -13540437.325  2933079  -0.00083  -0.00534
 142     0.600  -13540483.658  2721242   0.00579  -0.00168
 143     0.600  -13540468.125  2439618   0.00180   0.00120
 144     0.600  -13540520.837  2294104   0.00177   0.00256
 145     0.600  -13540480.839  2410056   0.00340   0.00109
 146     0.600  -13540447.595  2285402  -0.00204   0.00337
 147     0.600  -13540478.124  2617788  -0.00455  -0.00182
 148     0.600  -13540439.299  2960634   0.00408  -0.00605
 149     0.600  -13540365.908  3109403   0.00215  -0.00976
 150     0.600  -13540457.971  2417299  -0.00597   0.00061
 151     0.600  -13540526.772  2232467  -0.00237   0.00338
 152     0.600  -13540453.855  2546788  -0.00183   0.00008
 153     0.600  -13540457.036  2897202   0.00273  -0.00594
 154     0.600  -13540445.669  2135734  -0.00055   0.00612
 155     0.600  -13540413.803  2513209   0.00355  -0.00185
 156     0.600  -13540490.015  2681886  -0.00001  -0.00296
 157     0.600  -13540487.370  2302326  -0.00683   0.00167
 158     0.600  -13540437.798  2259068  -0.00434   0.00392
 159     0.600  -13540420.531  2432879  -0.00066   0.00134
 160     0.600  -13540443.437  2215168   0.00676   0.00328
 161     0.600  -13540444.309  2121992   0.00152   0.00476
 162     0.600  -13540462.824  2964307  -0.00553  -0.00826
 163     0.600  -13540443.561  2029580   0.00512   0.00687
 164     0.600  -13540402.770  2260134   0.00517   0.00264
 165     0.600  -13540490.645  2375331   0.00062   0.00170
 166     0.700  -13540370.442  2511613   0.00293  -0.00102
 167     0.600  -13540427.894  2925997  -0.00032  -0.00435
 168     0.600  -13540473.376  2411264   0.00399   0.00322
 169     0.600  -13540490.071  2117970  -0.00075   0.00525
 170     0.600  -13540476.887  2311825   0.00132   0.00333
 171     0.600  -13540467.329  2716273  -0.00529  -0.00357
 172     0.600  -13540436.929  2603343  -0.00039  -0.00026
 173     0.600  -13540495.714  3239924  -0.00461  -0.00878
 174     0.600  -13540441.971  2660972   0.00027  -0.00172
 175     0.700  -13540541.461  2688712  -0.00021  -0.00321
 176     0.600  -13540455.058  2559270   0.00005  -0.00010
 177     0.600  -13540446.832  2566549   0.00548  -0.00109
 178     0.600  -13540459.394  2747961  -0.00035  -0.00211
 179     0.600  -13540479.465  2754779  -0.00299  -0.00260
 180     0.600  -13540500.197  2096319  -0.00784   0.00551
 181     0.600  -13540458.402  2778965   0.00387  -0.00233
 182     0.600  -13540497.667  1996636   0.00041   0.00797
 183     0.600  -13540477.229  2603318   0.00175  -0.00164
 184     0.600  -13540441.462  3122041   0.00129  -0.01012
 185     0.600  -13540456.781  2572887  -0.00628  -0.00023
 186     0.600  -13540450.397  2471323   0.00047  -0.00119
 187     0.600  -13540458.483  2145840  -0.00641   0.00620
 188     0.600  -13540438.934  2120853  -0.00214   0.00595
 189     0.600  -13540446.110  2503174  -0.00283  -0.00023
 190     0.600  -13540494.116  2157661   0.00088   0.00547
 191     0.600  -13540520.856  2251123   0.00416   0.00328
 192     0.600  -13540474.549  2022705  -0.00477   0.00643
 193     0.600  -13540483.021  2109174  -0.00222   0.00528
 194     0.600  -13540422.502  2237935   0.00030   0.00473
 195     0.600  -13540452.980  2103442   0.00055   0.00598
 196     0.600  -13540516.004  2786662   0.00037  -0.00291
 197     0.600  -13540510.609  2467735  -0.00112   0.00032
 198     0.600  -13540481.230  2801479  -0.00312  -0.00396
 199     0.600  -13540505.675  2222549  -0.00563   0.00371
 200     0.600  -13540487.756  2186449   0.00083   0.00417
 201     0.600  -13540444.667  2600570  -0.00324  -0.00006
 202     0.700  -13540460.578  2434012   0.00546   0.00017
 203     0.600  -13540520.736  2284071  -0.00588   0.00184
 204     0.600  -13540434.648  2714880   0.00207  -0.00257
 205     0.600  -13540458.165  2119584   0.00094   0.00487
 206     0.600  -13540456.627  2358044   0.00073   0.00136
 207     0.600  -13540503.776  2508326  -0.00468  -0.00078
 208     0.600  -13540393.512  3089878  -0.00123  -0.00790
 209     0.600  -13540438.774  2996468   0.00329  -0.00700
 210     0.600  -13540503.006  2826328  -0.00192  -0.00581
 211     0.600  -13540410.385  2061359  -0.00222   0.00765
 212     0.600  -13540498.425  2771630  -0.00421  -0.00503
 213     0.600  -13540484.861  2904155  -0.00510  -0.00644
 214     0.600  -13540457.708  2257438  -0.00187   0.00383
 215     0.600  -13540517.462  2907187   0.00027  -0.00596
 216     0.600  -13540445.107  2865684   0.00450  -0.00504
 217     0.600  -13540475.354  2668724  -0.00764  -0.00189
 218     0.600  -13540470.362  2353565  -0.00503   0.00132
 219     0.600  -13540462.936  3047798  -0.00402  -0.00723
 220     0.600  -13540390.078  2821998  -0.00052  -0.00491
 221     0.600  -13540449.858  2612648  -0.00228  -0.00181
 222     0.700  -13540455.097  2614914   0.00489  -0.00162
 223     0.600  -13540468.957  2106826   0.00613   0.00567
 224     0.600  -13540449.650  3148605  -0.00103  -0.01026
 225     0.600  -13540459.330  2660506   0.00741  -0.00108
 226     0.600  -13540527.969  2351981  -0.00232   0.00177
 227     0.600  -13540457.930  2259813   0.00719   0.00457
 228     0.600  -13540482.486  2592972  -0.00315  -0.00109
 229     0.600  -13540414.803  2434518  -0.00497  -0.00082
 230     0.600  -13540446.217  2474526  -0.00408  -0.00015
 231     0.600  -13540484.371  2527568   0.00003  -0.00085
 232     0.600  -13540465.236  2292064   0.00394   0.00269
 233     0.600  -13540478.732  2278888  -0.00096   0.00456
 234     0.600  -13540423.310  2857572  -0.00442  -0.00632
 235     0.600  -13540437.406  2338871  -0.00591   0.00194
 236     0.600  -13540479.008  2491583   0.00689  -0.00079
 237     0.600  -13540483.747  2539075  -0.00873   0.00012
 238     0.600  -13540393.381  2497025  -0.00251  -0.00016
 239     0.600  -13540462.730  2432313  -0.00346   0.00109
 240     0.600  -13540457.773  2704551  -0.00065  -0.00316
 241     0.600  -13540430.331  2818936   0.00712  -0.00405
 242     0.600  -13540475.495  2075682  -0.00052   0.00625
 243     0.600  -13540416.365  2999879   0.00129  -0.00593
 244     0.600  -13540495.173  2475410   0.00119   0.00041
 245     0.600  -13540427.758  2482633   0.00095   0.00061
 246     0.600  -13540518.556  2052932   0.00195   0.00693
 247     0.600  -13540404.821  2152907   0.00063   0.00502
 248     0.600  -13540455.849  2894474   0.01047  -0.00386
 249     0.600  -13540521.178  2279867  -0.00048   0.00339
 250     0.600  -13540427.037  3032345  -0.00230  -0.00657
 251     0.600  -13540521.995  2180578  -0.00755   0.00496
 252     0.600  -13540531.656  2826507  -0.00105  -0.00377
 253     0.600  -13540474.231  2418274   0.00011   0.00097
 254     0.600  -13540484.329  2653700   0.00042  -0.00278
 255     0.600  -13540456.599  2158289   0.00130   0.00483
 256     0.600  -13540416.010  2326214   0.00532   0.00253
 257     0.600  -13540482.950  2676907  -0.00438  -0.00377
 258     0.600  -13540426.004  2200803  -0.00518   0.00386
 259     0.600  -13540465.949  3002842   0.00302  -0.00592
 260     0.600  -13540483.378  2762099  -0.00257  -0.00047
 261     0.600  -13540476.733  2559802   0.00016  -0.00073
 262     0.600  -13540469.211  2314346   0.00595   0.00303
 263     0.600  -13540391.849  2650738   0.00199  -0.00158
 264     0.600  -13540452.104  2944643   0.00510  -0.00831
 265     0.600  -13540483.434  2409997   0.00135   0.00187
 266     0.600  -13540432.560  2493530  -0.00221   0.00007
 267     0.600  -13540422.869  2568761  -0.00089  -0.00104
 268     0.600  -13540469.653  2575133  -0.00280  -0.00173
 269     0.600  -13540423.834  2587694   0.00039   0.00030
 270     0.600  -13540407.371  2485782  -0.00274  -0.00063
 271     0.600  -13540524.498  2423728  -0.00094   0.00088
 272     0.600  -13540506.593  2039591   0.00079   0.00692
 273     0.600  -13540450.302  2579722   0.00007   0.00059
 274     0.600  -13540438.002  2397179   0.00476   0.00107
 275     0.600  -13540423.860  2146804   0.00282   0.00509
 276     0.600  -13540452.665  2410487  -0.00007   0.00112
 277     0.600  -13540453.284  2363677  -0.00591   0.00084
 278     0.600  -13540530.561  2028712   0.00000   0.00653
 279     0.600  -13540516.640  2546072   0.00233  -0.00097
 280     0.600  -13540445.530  2115039  -0.00129   0.00486
 281     0.600  -13540481.403  2097139  -0.00632   0.00605
 282     0.600  -13540461.234  2753243  -0.00440  -0.00240
 283     0.600  -13540495.769  2581438  -0.00018  -0.00187
 284     0.600  -13540454.332  2334491   0.00516   0.00313
 285     0.600  -13540416.513  2190867   0.00398   0.00403
 286     0.600  -13540488.274  2699909  -0.00235  -0.00153
 287     0.600  -13540426.462  2522869  -0.00362   0.00091
 288     0.600  -13540464.806  2674246  -0.00644  -0.00130
 289     0.600  -13540423.295  2285725  -0.00058   0.00411
 290     0.600  -13540482.012  2375479   0.00301   0.00286
 291     0.600  -13540480.544  2020521   0.00149   0.00686
 292     0.600  -13540447.475  2094996   0.00665   0.00464
 293     0.600  -13540474.381  2138166   0.00311   0.00568
 294     0.600  -13540445.537  2923630  -0.00278  -0.00469
 295     0.600  -13540497.150  2721189  -0.00502  -0.00389
 296     0.600  -13540465.312  2222067  -0.00013   0.00379
 297     0.600  -13540507.188  1928266  -0.00083   0.00820
 298     0.600  -13540409.074  2455520   0.00172   0.00045
 299     0.600  -13540422.780  2908292   0.00416  -0.00584
 300     0.600  -13540420.545  2583401  -0.00181  -0.00079
 301     0.700  -13540400.172  2710200  -0.00020  -0.00284
 302     0.700  -13540438.770  2416813  -0.00141   0.00227
 303     0.600  -13540494.271  2483025  -0.00403  -0.00040
 304     0.600  -13540399.082  2617636  -0.00278  -0.00335
 305     0.600  -13540446.777  2877774   0.00138  -0.00409
 306     0.600  -13540433.633  2736920   0.00104  -0.00323
 307     0.600  -13540475.626  2329187   0.00462   0.00266
 308     0.600  -13540521.062  2216256  -0.00491   0.00416
 309     0.600  -13540491.814  2245512   0.00565   0.00461
 310     0.600  -13540498.315  2421785  -0.00164   0.00060
 311     0.600  -13540460.313  2624869  -0.00113  -0.00180
 312     0.600  -13540512.726  2567727  -0.00429  -0.00016
 313     0.600  -13540451.910  2794369  -0.00471  -0.00557
 314     0.600  -13540426.902  2438482  -0.00128   0.00077
 315     0.600  -13540458.726  2054906  -0.00291   0.00697
 316     0.600  -13540429.220  2452902  -0.00164   0.00059
 317     0.600  -13540429.082  2592960   0.00108  -0.00094
 318     0.600  -13540486.574  2293655  -0.00051   0.00288
 319     0.600  -13540487.229  2070651  -0.00588   0.00530
 320     0.600  -13540503.110  2498274  -0.00313   0.00019
 321     0.600  -13540495.070  2270409  -0.00053   0.00280
 322     0.600  -13540445.567  2009940   0.00643   0.00787
 323     0.600  -13540463.208  2263613   0.00221   0.00266
 324     0.600  -13540425.288  2955919  -0.00007  -0.00605
 325     0.600  -13540470.698  2161616   0.00189   0.00465
 326     0.600  -13540495.956  2014939   0.00241   0.00646
 327     0.600  -13540505.851  2423169  -0.00302   0.00148
 328     0.600  -13540537.587  2297327  -0.00965   0.00242
 329     0.600  -13540411.417  2399621   0.00335   0.00145
 330     0.600  -13540431.859  2611884  -0.00116  -0.00058
 331     0.600  -13540623.030  1836865  -0.00752   0.00989
 332     0.600  -13540478.340  2002773   0.00423   0.00771
 333     0.600  -13540432.028  2791921  -0.00229  -0.00517
 334     0.600  -13540495.569  2236304   0.00230   0.00388
 335     0.600  -13540382.031  2528562   0.00478  -0.00009
 336     0.600  -13540456.966  2263054  -0.00069   0.00276
 337     0.600  -13540397.344  2686034  -0.00066  -0.00192
 338     0.600  -13540512.677  2968594  -0.00131  -0.00672
 339     0.600  -13540474.131  2073167   0.00796   0.00634
 340     0.600  -13540428.272  2911996  -0.00667  -0.00614
 341     0.600  -13540445.165  2359136  -0.00219   0.00257
 342     0.600  -13540409.412  2301083  -0.00434   0.00205
 343     0.600  -13540464.839  2530518   0.00743   0.00011
 344     0.600  -13540488.632  2542494   0.00367   0.00109
 345     0.600  -13540414.225  2165950  -0.00799   0.00566
 346     0.600  -13540355.889  2989784   0.00122  -0.00745
 347     0.600  -13540453.175  2778616   0.00016  -0.00508
 348     0.600  -13540422.939  2374338   0.00103   0.00183
 349     0.600  -13540487.745  3005445   0.00373  -0.00701
 350     0.600  -13540475.752  2004397  -0.00027   0.00703
 351     0.600  -13540474.804  2577613   0.00039  -0.00126
 352     0.600  -13540463.363  2148986  -0.00052   0.00530
 353     0.600  -13540460.599  2800057  -0.00120  -0.00440
 354     0.600  -13540472.570  2555978   0.00421  -0.00077
 355     0.600  -13540492.839  2364494   0.00227   0.00239
 356     0.600  -13540427.200  2253013  -0.00835   0.00349
 357     0.600  -13540441.646  2363952  -0.00142   0.00048
 358     0.600  -13540452.256  2644345   0.00283  -0.00174
 359     0.600  -13540526.733  2193175   0.00281   0.00388
 360     0.600  -13540515.225  2244506  -0.00101   0.00285
 361     0.600  -13540528.067  2318158   0.00058   0.00299
 362     0.600  -13540446.679  2829774  -0.00670  -0.00502
 363     0.600  -13540430.385  2417244   0.00124   0.00103
 364     0.600  -13540426.982  2691995   0.00170  -0.00237
 365     0.600  -13540452.246  2925139  -0.00451  -0.00666
 366     0.600  -13540483.418  2595203   0.00110  -0.00081
 367     0.600  -13540444.908  2688404  -0.00196  -0.00177
 368     0.600  -13540527.965  2326287   0.00018   0.00366
 369     0.600  -13540512.113  2037031  -0.00457   0.00639
 370     0.600  -13540465.246  2261825   0.00040   0.00216
 371     0.600  -13540511.565  2389406  -0.00161   0.00344
 372     0.600  -13540460.161  2164885   0.00398   0.00342
 373     0.600  -13540439.466  2243533   0.00375   0.00260
 374     0.700  -13540479.994  2349301   0.00163   0.00215
 375     0.600  -13540414.883  2326280   0.00737   0.00280
 376     0.600  -13540403.198  2511614   0.00466  -0.00124
 377     0.600  -13540460.265  2617719  -0.01142  -0.00119
 378     0.600  -13540554.078  2118273   0.00056   0.00557
 379     0.600  -13540416.676  2610500  -0.00378   0.00001
 380     0.600  -13540546.889  2083839  -0.00105   0.00601
 381     0.600  -13540502.011  1953447  -0.00241   0.00787
 382     0.600  -13540471.825  2033414   0.00014   0.00637
 383     0.600  -13540524.554  2378689  -0.00071   0.00286
 384     0.600  -13540442.208  3030999   0.00373  -0.00634
 385     0.600  -13540528.026  1934946  -0.00732   0.00805
 386     0.600  -13540468.542  2694214  -0.00862  -0.00187
 387     0.600  -13540403.607  2820654   0.00446  -0.00374
 388     0.600  -13540449.699  2829628   0.00096  -0.00500
 389     0.600  -13540441.189  2532464  -0.00095  -0.00091
 390     0.600  -13540404.188  2745442  -0.00554  -0.00165
 391     0.700  -13540355.022  3185284   0.00562  -0.00925
 392     0.600  -13540476.327  2592215  -0.00078  -0.00008
 393     0.600  -13540460.548  2172845  -0.00029   0.00428
 394     0.600  -13540427.670  2440535  -0.00390   0.00196
 395     0.600  -13540444.015  2994806   0.00233  -0.00710
 396     0.600  -13540461.004  2670846   0.00077  -0.00242
 397     0.600  -13540504.849  2187888  -0.00409   0.00513
 398     0.600  -13540473.884  2366795  -0.00560   0.00206
 399     0.600  -13540458.651  2331772   0.00224   0.00251
 400     0.600  -13540469.599  2093783   0.00455   0.00583
 401     0.600  -13540483.965  2460947  -0.00292   0.00088
 402     0.600  -13540457.477  2536167   0.00075   0.00124
 403     0.600  -13540429.112  1990850  -0.00553   0.00687
 404     0.600  -13540436.877  3016337  -0.00194  -0.00668
 405     0.600  -13540465.790  2146786   0.00083   0.00498
 406     0.600  -13540448.644  2350482   0.00675   0.00313
 407     0.600  -13540476.294  1972980  -0.00009   0.00783
 408     0.600  -13540450.908  2182167   0.00042   0.00567
 409     0.600  -13540387.061  3050637   0.00777  -0.00777
 410     0.700  -13540409.796  2288146   0.00555   0.00326
 411     0.600  -13540474.716  2279359   0.00474   0.00341
 412     0.600  -13540390.045  2359543   0.00327   0.00164
 413     0.600  -13540442.026  2186759   0.00258   0.00479
 414     0.600  -13540361.240  2534995  -0.00014  -0.00190
 415     0.600  -13540440.682  2597133   0.00225  -0.00114
 416     0.600  -13540459.617  2649368   0.00336  -0.00234
 417     0.600  -13540475.506  2742751  -0.00013  -0.00421
 418     0.600  -13540397.297  2266923   0.00024   0.00364
 419     0.600  -13540499.438  2769983  -0.00099  -0.00444
 420     0.600  -13540432.287  2313554   0.00019   0.00242
 421     0.600  -13540465.491  2911517   0.00775  -0.00574
 422     0.600  -13540473.219  2466053  -0.00235   0.00092
 423     0.600  -13540483.034  2399070   0.00414   0.00189
 424     0.600  -13540455.401  2315212  -0.00009   0.00177
 425     0.600  -13540557.845  2139596   0.00064   0.00545
 426     0.600  -13540407.660  2921853  -0.00023  -0.00437
 427     0.600  -13540453.086  2587485   0.00142  -0.00162
 428     0.600  -13540474.671  2379364   0.00663   0.00093
 429     0.600  -13540443.256  3106563  -0.00855  -0.01014
 430     0.600  -13540492.027  3129489   0.00082  -0.00782
 431     0.600  -13540476.936  2362263   0.00082   0.00216
 432     0.600  -13540471.627  2575971  -0.00108  -0.00037
 433     0.600  -13540443.494  2527026   0.00326   0.00007
 434     0.600  -13540485.692  2209786   0.00138   0.00439
 435     0.600  -13540490.777  2588591  -0.00230  -0.00230
 436     0.600  -13540472.522  2467132  -0.00715   0.00075
 437     0.600  -13540476.221  2354408   0.00013   0.00242
 438     0.600  -13540483.482  2439929   0.00064   0.00207
 439     0.600  -13540422.291  2211042  -0.00360   0.00455
 440     0.600  -13540484.048  2678623  -0.00348  -0.00381
 441     0.600  -13540442.935  2627038   0.00000  -0.00217
 442     0.600  -13540454.860  2501525  -0.00111   0.00043
 443     0.600  -13540412.379  2282639  -0.00201   0.00270
 444     0.600  -13540432.138  3031867  -0.00386  -0.00932
 445     0.600  -13540456.629  2966747   0.00131  -0.00529
 446     0.600  -13540469.512  2288946  -0.00028   0.00371
 447     0.600  -13540443.641  2268243  -0.00302   0.00333
 448     0.600  -13540501.081  2183748   0.00170   0.00425
 449     0.600  -13540423.032  2477548  -0.00196   0.00043
 450     0.600  -13540495.545  2396327   0.00301   0.00152
 451     0.600  -13540475.014  2075676   0.00112   0.00658
 452     0.600  -13540485.511  2156523   0.00354   0.00470
 453     0.600  -13540521.332  2169522   0.00163   0.00610
 454     0.600  -13540442.023  2312667   0.00038   0.00335
 455     0.600  -13540451.129  2621720   0.00197  -0.00171
 456     0.600  -13540467.292  2268940  -0.00426   0.00481
 457     0.600  -13540399.090  2909142  -0.00425  -0.00667
 458     0.600  -13540529.929  2165344  -0.00390   0.00381
 459     0.600  -13540556.000  1906537  -0.00118   0.00823
 460     0.600  -13540448.654  2423118  -0.00519   0.00167
 461     0.600  -13540467.871  2799214  -0.00166  -0.00317
 462     0.600  -13540516.004  2244172   0.00182   0.00438
 463     0.600  -13540479.953  2296164   0.00277   0.00325
 464     0.600  -13540532.395  2481738  -0.00010  -0.00039
 465     0.600  -13540496.372  2321828   0.00277   0.00211
 466     0.600  -13540411.864  2677067   0.00221  -0.00270
 467     0.600  -13540409.351  2869729   0.00132  -0.00530
 468     0.600  -13540484.646  2604277  -0.00025  -0.00019
 469     0.600  -13540462.218  2186802   0.00213   0.00499
 470     0.600  -13540418.932  2326808   0.00421   0.00194
 471     0.600  -13540475.147  2324999   0.00233   0.00267
 472     0.600  -13540504.950  2161652  -0.00066   0.00564
 473     0.600  -13540421.254  2949247   0.00092  -0.00707
 474     0.600  -13540446.612  2111362  -0.00210   0.00580
 475     0.600  -13540456.998  2039335  -0.00269   0.00705
 476     0.600  -13540477.500  2200649  -0.00058   0.00401
 477     0.600  -13540430.046  2729217   0.00530  -0.00255
 478     0.600  -13540530.270  2705861  -0.00015  -0.00337
 479     0.600  -13540445.910  2288511   0.00368   0.00207
 480     0.600  -13540451.165  2652209  -0.00427  -0.00205
 481     0.600  -13540456.186  2285050   0.00372   0.00388
 482     0.600  -13540468.202  2677461  -0.00088  -0.00364
 483     0.600  -13540509.801  1967002  -0.00268   0.00698
 484     0.600  -13540436.289  2861678   0.00317  -0.00600
 485     0.600  -13540473.285  2253558  -0.00576   0.00432
 486     0.600  -13540458.712  2506366  -0.00639  -0.00064
 487     0.600  -13540440.086  2509759   0.00134   0.00005
 488     0.600  -13540468.744  2232535   0.00432   0.00344
 489     0.600  -13540410.110  2527037   0.00600   0.00059
 490     0.600  -13540478.707  2093177  -0.00548   0.00569
 491     0.600  -13540433.036  2864370   0.00316  -0.00312
 492     0.600  -13540483.241  2139064  -0.00255   0.00602
 493     0.600  -13540475.611  2715728  -0.00442  -0.00267
 494     0.600  -13540500.332  2149785   0.00073   0.00531
 495     0.700  -13540413.920  2349714   0.00205   0.00225
 496     0.600  -13540396.095  2317242   0.00851   0.00345
 497     0.600  -13540435.485  2468741  -0.00053   0.00111
 498     0.600  -13540487.355  2374348   0.00748   0.00311
 499     0.600  -13540486.760  2475149   0.00144   0.00038
 500     0.600  -13540532.992  2617548   0.00272  -0.00165
 501     0.600  -13540495.456  2860412   0.00642  -0.00391
 502     0.600  -13540487.932  2370808   0.00172   0.00111
 503     0.600  -13540451.511  2898058  -0.00466  -0.00487
 504     0.600  -13540489.232  2383238  -0.00073   0.00195
 505     0.600  -13540364.263  2900787  -0.00064  -0.00538
 506     0.600  -13540451.730  2448975  -0.00205  -0.00013
 507     0.600  -13540461.430  2362193   0.00020   0.00231
 508     0.600  -13540443.311  2128125   0.00442   0.00474
 509     0.600  -13540533.211  2471462  -0.00001   0.00038
 510     0.600  -13540553.608  2670618   0.00851  -0.00258
 511     0.600  -13540494.909  2432737  -0.00194   0.00192
 512     0.700  -13540451.253  2463968   0.00259   0.00028
 513     0.600  -13540387.105  3234534  -0.00158  -0.00987
 514     0.600  -13540400.254  2827610  -0.00182  -0.00453
 515     0.600  -13540450.349  2649091  -0.00417  -0.00188
 516     0.600  -13540452.589  2640503   0.00060  -0.00285
 517     0.600  -13540468.371  2269190  -0.00102   0.00472
 518     0.600  -13540459.235  2067276  -0.00244   0.00653
 519     0.600  -13540540.775  2579851  -0.00458  -0.00209
 520     0.600  -13540424.467  2510427  -0.00290   0.00058
 521     0.600  -13540398.876  2589131  -0.00019  -0.00188
 522     0.600  -13540441.592  2353122   0.00445   0.00139
 523     0.600  -13540469.415  2671236   0.00471  -0.00229
 524     0.600  -13540418.391  2844740   0.00286  -0.00330
 525     0.600  -13540431.336  2670935   0.00195  -0.00161
 526     0.700  -13540453.928  2762686   0.00251  -0.00272
 527     0.700  -13540497.872  2627421   0.00158  -0.00217
 528     0.600  -13540385.779  3193807  -0.00144  -0.00958
 529     0.600  -13540479.471  2582484  -0.00424  -0.00162
 530     0.600  -13540508.072  2302605  -0.00074   0.00300
 531     0.600  -13540477.581  2333270  -0.00165   0.00139
 532     0.600  -13540527.214  2124630   0.00224   0.00540
 533     0.600  -13540448.563  2458536  -0.00199   0.00258
 534     0.600  -13540414.910  3110299  -0.00515  -0.00835
 535     0.600  -13540504.372  2523179  -0.00347   0.00081
 536     0.600  -13540503.500  2280193   0.00130   0.00270
 537     0.600  -13540449.096  2684212   0.00257  -0.00329
 538     0.600  -13540455.463  2292795   0.00598   0.00327
 539     0.600  -13540473.474  2640523   0.00045  -0.00285
 540     0.600  -13540411.276  2657513   0.00410  -0.00294
 541     0.600  -13540483.002  2484934   0.00007   0.00114
 542     0.600  -13540470.197  3067204  -0.00049  -0.00774
 543     0.600  -13540508.476  2193044  -0.00943   0.00463
 544     0.600  -13540465.722  2591238  -0.00454  -0.00106
 545     0.600  -13540457.221  2740077   0.00237  -0.00306
 546     0.600  -13540403.104  2386004   0.00158   0.00073
 547     0.600  -13540472.686  3569633  -0.00287  -0.01444
 548     0.600  -13540445.131  2098022   0.00195   0.00566
 549     0.600  -13540453.836  2718863   0.00315  -0.00293
 550     0.600  -13540481.876  2832878  -0.00077  -0.00314
 551     0.600  -13540445.462  2581300   0.00447   0.00045
 552     0.600  -13540461.079  2797471   0.00518  -0.00390
 553     0.600  -13540409.444  2628676   0.00183  -0.00227
 554     0.600  -13540456.101  2270959   0.00166   0.00305
 555     0.600  -13540486.342  2735270  -0.00402  -0.00338
 556     0.600  -13540488.347  2160994  -0.00781   0.00526
 557     0.600  -13540368.144  3646515  -0.00624  -0.01579
 558     0.600  -13540440.187  2610477   0.00237  -0.00263
 559     0.600  -13540491.227  2488145  -0.00236   0.00058
 560     0.600  -13540540.266  2052993   0.00057   0.00618
 561     0.600  -13540440.002  1983246   0.00494   0.00663
 562     0.600  -13540442.168  2400458  -0.00326   0.00146
 563     0.600  -13540494.755  2358938  -0.00150   0.00167
 564     0.600  -13540506.600  2564159  -0.00026  -0.00219
 565     0.600  -13540513.303  2156226   0.00612   0.00584
 566     0.600  -13540390.872  3054610   0.00624  -0.00786
 567     0.600  -13540477.105  2431910  -0.00496   0.00131
 568     0.600  -13540509.547  1886297  -0.00170   0.00879
 569     0.600  -13540406.810  2685701  -0.00134  -0.00127
 570     0.600  -13540501.270  2599546  -0.00336  -0.00044
 571     0.600  -13540497.362  2647888   0.00532  -0.00275
 572     0.600  -13540447.904  2686257  -0.00104  -0.00335
 573     0.600  -13540476.944  2362031  -0.00237   0.00229
 574     0.600  -13540417.113  2660235  -0.00151  -0.00254
 575     0.600  -13540441.559  2509063  -0.00868   0.00037
 576     0.600  -13540399.279  2699616   0.00262  -0.00373
 577     0.600  -13540530.417  2297723   0.00099   0.00263
 578     0.600  -13540472.566  2582924   0.00085  -0.00114
 579     0.600  -13540417.360  2831707   0.00272  -0.00379
 580     0.600  -13540457.156  2959122  -0.00035  -0.00702
 581     0.600  -13540375.132  3357863   0.00366  -0.01345
 582     0.600  -13540400.146  2815398   0.00284  -0.00286
 583     0.600  -13540534.741  2028570  -0.00324   0.00656
 584     0.600  -13540439.971  2864417  -0.00448  -0.00603
 585     0.600  -13540519.473  2262880   0.00114   0.00459
 586     0.600  -13540489.430  2981418  -0.00341  -0.00578
 587     0.600  -13540483.841  2517557   0.00066  -0.00096
 588     0.600  -13540582.960  2171353  -0.00844   0.00451
 589     0.600  -13540460.760  2644159   0.00374  -0.00181
 590     0.600  -13540486.198  2325034  -0.00361   0.00196
 591     0.600  -13540417.619  2419955   0.00197   0.00219
 592     0.600  -13540346.202  2873668  -0.00321  -0.00440
 593     0.600  -13540420.884  2853615  -0.00636  -0.00648
 594     0.600  -13540419.844  2288706   0.00001   0.00222
 595     0.600  -13540494.318  2568462   0.00529  -0.00146
 596     0.600  -13540455.242  2043659  -0.00256   0.00689
 597     0.600  -13540444.991  2603816  -0.00104  -0.00074
 598     0.600  -13540389.312  2750422   0.00783  -0.00214
 599     0.600  -13540571.152  2155949  -0.00770   0.00475
 600     0.600  -13540491.614  2633661   0.00100  -0.00234
 601     0.600  -13540507.235  2372312  -0.00507   0.00310
 602     0.600  -13540379.522  2381499  -0.00068   0.00178
 603     0.600  -13540451.759  2070056  -0.00362   0.00663
 604     0.600  -13540477.574  2405673   0.00755   0.00210
 605     0.600  -13540410.738  2606228  -0.00246  -0.00123
 606     0.600  -13540425.322  2345551   0.00331   0.00188
 607     0.600  -13540404.835  3277255   0.00103  -0.00955
 608     0.600  -13540473.289  2515344  -0.00035   0.00187
 609     0.600  -13540463.089  2893708  -0.00064  -0.00553
 610     0.600  -13540417.082  2949986   0.00329  -0.00569
 611     0.600  -13540504.850  1916839  -0.00937   0.00799
 612     0.600  -13540463.883  2118127  -0.00563   0.00593
 613     0.600  -13540464.717  2051085   0.00104   0.00707
 614     0.600  -13540482.951  2867195  -0.00132  -0.00589
 615     0.600  -13540487.594  1889428  -0.00693   0.00860
 616     0.600  -13540503.473  2394438   0.00325   0.00260
 617     0.600  -13540508.176  2548107  -0.00761  -0.00068
 618     0.600  -13540471.854  2318156  -0.00310   0.00280
 619     0.600  -13540442.655  2201711   0.00161   0.00425
 620     0.600  -13540473.249  2269850   0.00041   0.00312
 621     0.600  -13540479.472  2208712   0.00071   0.00438
 622     0.600  -13540444.397  2530167  -0.00114  -0.00063
 623     0.700  -13540434.637  2302445   0.00098   0.00204
 624     0.600  -13540421.793  2366985  -0.00167   0.00138
 625     0.600  -13540466.757  3335074   0.00443  -0.01235
 626     0.600  -13540412.250  3396935  -0.00280  -0.01256
 627     0.600  -13540545.829  2064341   0.00247   0.00582
 628     0.600  -13540495.726  2690070  -0.00149  -0.00041
 629     0.600  -13540466.878  2082352  -0.00384   0.00598
 630     0.600  -13540493.304  2915001  -0.00314  -0.00681
 631     0.600  -13540493.494  2152161   0.00322   0.00464
 632     0.600  -13540449.110  2543976   0.00181   0.00054
 633     0.600  -13540490.559  2549192  -0.00064  -0.00176
 634     0.600  -13540512.093  2006179  -0.00290   0.00723
 635     0.600  -13540461.978  2726246   0.00147  -0.00284
 636     0.600  -13540432.225  2672113  -0.00151  -0.00185
 637     0.600  -13540396.971  2960158   0.00220  -0.00660
 638     0.600  -13540459.946  2612874   0.00057  -0.00049
 639     0.600  -13540479.277  2198862  -0.00595   0.00540
 640     0.600  -13540528.643  1759989   0.00084   0.01028
 641     0.600  -13540466.427  2175330  -0.00235   0.00445
 642     0.600  -13540486.971  2922226   0.00506  -0.00523
 643     0.600  -13540446.059  2490209  -0.00455  -0.00014
 644     0.600  -13540484.136  2516168  -0.00465   0.00126
 645     0.600  -13540485.928  1997003  -0.00352   0.00729
 646     0.600  -13540458.091  2582128  -0.00342  -0.00016
 647     0.700  -13540385.878  2687836   0.00211  -0.00230
 648     0.600  -13540484.005  2084477   0.00098   0.00594
 649     0.600  -13540502.437  2492770   0.00116  -0.00000
 650     0.600  -13540446.412  2349793   0.00642   0.00282
 651     0.600  -13540424.131  2618247   0.00053  -0.00109
 652     0.600  -13540503.708  2045238   0.00094   0.00569
 653     0.600  -13540399.732  2581047  -0.00395   0.00032
 654     0.600  -13540491.198  2456933  -0.00321   0.00219
 655     0.600  -13540458.864  2429044   0.00868   0.00098
 656     0.600  -13540443.386  2696066   0.00086  -0.00257
 657     0.600  -13540450.393  2870238  -0.00022  -0.00485
 658     0.600  -13540468.520  2505158   0.00175  -0.00030
 659     0.600  -13540542.741  2317629  -0.00902   0.00239
 660     0.600  -13540493.567  2788377  -0.00263  -0.00447
 661     0.600  -13540539.018  2695953   0.00116  -0.00324
 662     0.600  -13540487.148  2153679   0.00425   0.00520
 663     0.600  -13540495.444  2786066   0.00071  -0.00440
 664     0.600  -13540368.347  2760848   0.00629  -0.00348
 665     0.600  -13540522.185  2003633   0.00229   0.00706
 666     0.600  -13540491.809  2257557   0.00906   0.00450
 667     0.600  -13540410.171  2898986  -0.00561  -0.00579
 668     0.600  -13540465.732  1974135   0.00034   0.00765
 669     0.600  -13540541.424  2361007  -0.00104   0.00310
 670     0.600  -13540488.719  2982740   0.00765  -0.00806
 671     0.600  -13540392.214  2805547   0.00030  -0.00377
 672     0.600  -13540494.339  2505950  -0.00372  -0.00018
 673     0.600  -13540480.390  2076436   0.00028   0.00574
 674     0.600  -13540499.501  2153260  -0.00768   0.00512
 675     0.600  -13540465.861  2153842   0.00023   0.00522
 676     0.600  -13540513.409  2063637  -0.00273   0.00643
 677     0.600  -13540505.028  2506737  -0.00103   0.00120
 678     0.600  -13540472.620  2612231  -0.00356  -0.00235
 679     0.600  -13540398.231  3052086  -0.00070  -0.00671
 680     0.600  -13540433.652  3397207   0.00059  -0.01385
 681     0.600  -13540448.286  2831783  -0.00174  -0.00507
 682     0.600  -13540441.582  2607229   0.00029  -0.00010
 683     0.600  -13540450.629  2679635  -0.01037  -0.00312
 684     0.600  -13540474.346  2685958  -0.00194  -0.00184
 685     0.600  -13540499.933  2310671   0.00066   0.00167
 686     0.600  -13540464.797  2467942   0.00871  -0.00047
 687     0.600  -13540518.175  2494457  -0.00562  -0.00030
 688     0.600  -13540443.951  2300949  -0.00083   0.00476
 689     0.600  -13540489.405  2534112  -0.00574  -0.00037
 690     0.600  -13540509.948  2262752  -0.00968   0.00543
 691     0.600  -13540501.448  2423710   0.00323   0.00078
 692     0.600  -13540479.436  2598795  -0.00054  -0.00202
 693     0.600  -13540491.405  2096118   0.00015   0.00498
 694     0.600  -13540439.010  2691411   0.00001  -0.00316
 695     0.600  -13540378.909  2611448   0.00210  -0.00165
 696     0.600  -13540492.778  2564553  -0.00331  -0.00171
 697     0.600  -13540420.301  2553878   0.00594  -0.00034
 698     0.600  -13540511.337  2487735  -0.00587   0.00015
 699     0.600  -13540444.994  2881431  -0.00353  -0.00576
 700     0.600  -13540453.967  2785640   0.00373  -0.00321
 701     0.600  -13540472.759  2412479  -0.00164   0.00061
 702     0.600  -13540371.639  2426496  -0.00218   0.00038
 703     0.600  -13540344.171  3214443   0.00376  -0.00931
 704     0.600  -13540515.965  1904203  -0.00261   0.00702
 705     0.600  -13540449.536  3022995   0.00000  -0.00831
 706     0.600  -13540420.800  2252931  -0.00528   0.00341
 707     0.600  -13540438.572  2376939  -0.00211   0.00074
 708     0.600  -13540485.496  2753633  -0.00250  -0.00491
 709     0.600  -13540491.804  2409091   0.00258   0.00200
 710     0.600  -13540556.994  2248857   0.00081   0.00341
 711     0.600  -13540459.584  3367372  -0.00306  -0.01213
 712     0.600  -13540483.466  3322011   0.00473  -0.01051
 713     0.600  -13540483.208  2039120   0.00111   0.00722
 714     0.600  -13540443.817  2283001  -0.00042   0.00379
 715     0.600  -13540498.810  2681818   0.00210  -0.00319
 716     0.600  -13540481.527  2141346   0.00342   0.00499
 717     0.600  -13540485.119  2672246  -0.00750  -0.00166
 718     0.600  -13540429.115  2227416   0.00655   0.00381
 719     0.600  -13540386.030  2861851  -0.00544  -0.00611
 720     0.600  -13540394.838  2935065   0.00277  -0.00362
 721     0.600  -13540469.218  2003175  -0.00740   0.00692
 722     0.600  -13540459.841  2436673  -0.00074   0.00024
 723     0.600  -13540386.318  2974479  -0.00483  -0.00870
 724     0.600  -13540502.930  2496162   0.00164  -0.00059
 725     0.600  -13540386.166  2548537  -0.00139   0.00195
 726     0.600  -13540526.305  2221277   0.00224   0.00534
 727     0.600  -13540480.585  2634745  -0.00590   0.00004
 728     0.600  -13540511.448  2122557  -0.00277   0.00538
 729     0.600  -13540417.842  2757367   0.00501  -0.00223
 730     0.600  -13540537.525  2271643  -0.00354   0.00314
 731     0.600  -13540505.233  2376070  -0.00434   0.00369
 732     0.600  -13540449.915  2924410   0.00102  -0.00616
 733     0.700  -13540401.634  2933391  -0.00068  -0.00544
 734     0.600  -13540438.646  2614147  -0.00071  -0.00154
 735     0.600  -13540415.241  2695242   0.00287  -0.00137
 736     0.700  -13540437.545  2847878   0.00544  -0.00530
 737     0.600  -13540403.317  2221720   0.00238   0.00347
 738     0.600  -13540445.722  2232264  -0.00396   0.00313
 739     0.600  -13540477.429  2851513  -0.00087  -0.00270
 740     0.600  -13540478.724  2435537   0.00388   0.00153
 741     0.600  -13540461.361  2092833  -0.00246   0.00535
 742     0.600  -13540501.936  2707803   0.00089  -0.00244
 743     0.600  -13540475.766  2058622  -0.00421   0.00537
 744     0.700  -13540492.984  3196021   0.00456  -0.01087
 745     0.600  -13540452.422  2678278  -0.00059  -0.00400
 746     0.600  -13540461.720  2260643   0.00695   0.00253
 747     0.600  -13540445.927  2847647   0.00367  -0.00450
 748     0.600  -13540507.654  2314262  -0.00471   0.00312
 749     0.600  -13540412.490  1981539   0.00301   0.00656
 750     0.600  -13540447.418  2117380  -0.00736   0.00506
 751     0.600  -13540475.272  2641794   0.00005  -0.00235
 752     0.600  -13540426.399  3014480   0.00242  -0.00514
 753     0.600  -13540483.663  2329626   0.00076   0.00231
 754     0.600  -13540515.367  2609909   0.00005  -0.00139
 755     0.600  -13540431.028  2587337   0.00219  -0.00130
 756     0.600  -13540460.568  3036008   0.00084  -0.00758
 757     0.600  -13540412.044  2059256   0.00138   0.00594
 758     0.600  -13540551.086  2325933  -0.00267   0.00223
 759     0.600  -13540573.201  2555010   0.00390  -0.00043
 760     0.600  -13540527.208  2121805   0.00039   0.00506
 761     0.600  -13540486.528  2161706   0.00186   0.00395
 762     0.600  -13540486.362  2413951  -0.00670   0.00017
 763     0.600  -13540469.755  2431888  -0.00226   0.00280
 764     0.600  -13540425.948  2910927   0.00004  -0.00464
 765     0.600  -13540521.851  2685253  -0.00197  -0.00309
 766     0.600  -13540416.544  2447413  -0.00071   0.00071
 767     0.600  -13540498.766  2383516  -0.00055   0.00217
 768     0.600  -13540436.310  2467961  -0.00294   0.00126
 769     0.600  -13540458.605  2206194   0.00011   0.00606
 770     0.600  -13540431.419  2815753  -0.00215  -0.00427
 771     0.600  -13540420.793  2623703   0.00077  -0.00242
 772     0.600  -13540465.233  2472210   0.00487   0.00212
 773     0.600  -13540368.354  2913885  -0.00395  -0.00639
 774     0.600  -13540467.302  2148661  -0.00292   0.00536
 775     0.600  -13540511.571  2278409   0.00380   0.00346
 776     0.600  -13540510.421  2663908  -0.00230  -0.00236
 777     0.600  -13540547.280  2560893   0.00301  -0.00195
 778     0.600  -13540399.606  2377309  -0.00021   0.00096
 779     0.600  -13540477.431  2471035  -0.00176  -0.00040
 780     0.600  -13540452.730  2530141  -0.00010   0.00131
 781     0.600  -13540413.034  2379172   0.00677   0.00283
 782     0.600  -13540424.863  2287828  -0.00450   0.00422
 783     0.600  -13540476.243  2240270   0.00992   0.00379
 784     0.600  -13540425.392  2081893   0.00110   0.00580
 785     0.600  -13540440.611  2238972  -0.00346   0.00464
 786     0.600  -13540443.930  2833508   0.00275  -0.00563
 787     0.600  -13540466.679  3141254  -0.00287  -0.00648
 788     0.600  -13540456.696  2279860  -0.00216   0.00382
 789     0.600  -13540430.689  2550412   0.00908  -0.00073
 790     0.600  -13540411.258  2852860   0.00164  -0.00314
 791     0.600  -13540386.318  3035867   0.00093  -0.00693
 792     0.600  -13540373.905  2870739   0.00536  -0.00426
 793     0.600  -13540415.396  2564997  -0.00059   0.00111
 794     0.600  -13540413.854  2075383   0.00016   0.00599
 795     0.600  -13540426.548  2607992  -0.00062  -0.00103
 796     0.600  -13540480.029  2488637   0.00453   0.00234
 797     0.600  -13540420.390  2630763  -0.00217  -0.00207
 798     0.600  -13540477.959  2273324   0.00151   0.00336
 799     0.600  -13540401.784  2826708   0.00463  -0.00560
 800     0.600  -13540491.412  2812280  -0.00290  -0.00481
 801     0.600  -13540497.878  2345951  -0.00870   0.00208
 802     0.600  -13540436.625  2299556   0.00223   0.00245
 803     0.600  -13540391.355  2430653   0.00502   0.00271
 804     0.600  -13540396.800  2291022   0.00086   0.00317
 805     0.600  -13540384.095  2909638   0.00115  -0.00437
 806     0.600  -13540408.654  2582455  -0.00116   0.00017
 807     0.600  -13540391.086  3054988   0.00097  -0.00646
 808     0.700  -13540502.806  2088954   0.00157   0.00495
 809     0.600  -13540510.173  2321376  -0.00061   0.00135
 810     0.600  -13540417.371  2629250   0.00163  -0.00009
 811     0.600  -13540397.927  2277440   0.00184   0.00301
 812     0.600  -13540440.036  2498204   0.00143   0.00086
 813     0.600  -13540527.654  2052696  -0.00310   0.00652
 814     0.600  -13540439.508  2200947   0.00001   0.00421
 815     0.600  -13540478.418  2110612  -0.00096   0.00533
 816     0.600  -13540457.661  2575044   0.00186  -0.00115
 817     0.600  -13540471.110  2445589  -0.00109   0.00159
 818     0.600  -13540494.844  2425131   0.00299   0.00098
 819     0.600  -13540500.738  2735681   0.00617  -0.00157
 820     0.600  -13540470.943  2406203  -0.00273   0.00159
 821     0.600  -13540502.923  2372463  -0.00529   0.00261
 822     0.600  -13540523.935  2455075  -0.00012   0.00138
 823     0.600  -13540474.698  1915965   0.00068   0.00816
 824     0.600  -13540459.649  2782171   0.00895  -0.00408
 825     0.600  -13540440.863  2457141  -0.00522   0.00161
 826     0.600  -13540399.956  2525858   0.00698  -0.00114
 827     0.600  -13540445.676  2694421   0.00347  -0.00396
 828     0.600  -13540471.451  2192901  -0.00424   0.00248
 829     0.700  -13540458.232  2314841   0.00252   0.00207
 830     0.600  -13540398.517  3063108  -0.00367  -0.00862
 831     0.600  -13540480.876  2325976   0.00207   0.00260
 832     0.600  -13540390.315  2986097   0.00239  -0.00706
 833     0.600  -13540437.284  2992962   0.00034  -0.00734
 834     0.600  -13540424.204  2212303   0.00194   0.00426
 835     0.700  -13540318.130  3337726   0.00556  -0.01080
 836     0.600  -13540434.312  2288440  -0.00252   0.00208
 837     0.600  -13540408.849  2481628   0.00508   0.00020
 838     0.600  -13540453.131  2270545  -0.00385   0.00406
 839     0.600  -13540504.506  2325408  -0.00324   0.00253
 840     0.600  -13540436.919  2781263   0.00210  -0.00359
 841     0.600  -13540401.897  2355955   0.00429   0.00140
 842     0.600  -13540453.154  2561823  -0.00187  -0.00015
 843     0.600  -13540527.205  2603481  -0.00239  -0.00046
 844     0.600  -13540385.856  2948664  -0.00169  -0.00635
 845     0.600  -13540469.455  2990514   0.00234  -0.00631
 846     0.600  -13540557.486  2275342  -0.00123   0.00354
 847     0.600  -13540412.355  2833438   0.00190  -0.00520
 848     0.600  -13540539.571  2324515  -0.00390   0.00301
 849     0.600  -13540505.716  2332802  -0.00341   0.00243
 850     0.600  -13540443.350  2365154   0.00310   0.00263
 851     0.600  -13540529.881  2110241  -0.00330   0.00635
 852     0.600  -13540546.628  1817654   0.00004   0.00977
 853     0.600  -13540405.855  2574807   0.00212  -0.00099
 854     0.600  -13540459.948  2359170  -0.00560   0.00166
 855     0.600  -13540523.995  2256303  -0.00309   0.00552
 856     0.600  -13540395.978  2987585   0.00442  -0.00512
 857     0.600  -13540483.164  2221400  -0.00047   0.00343
 858     0.600  -13540428.584  2759641   0.00208  -0.00374
 859     0.600  -13540475.781  2577784  -0.00161  -0.00094
 860     0.600  -13540482.408  2451049  -0.00157   0.00007
 861     0.600  -13540463.483  2468630   0.00474  -0.00035
 862     0.600  -13540405.462  2444290   0.00217   0.00233
 863     0.600  -13540465.446  2835699  -0.00245  -0.00503
 864     0.600  -13540496.828  2237616  -0.00474   0.00477
 865     0.600  -13540418.280  2871121  -0.00343  -0.00374
 866     0.600  -13540453.517  2635402   0.00083  -0.00042
 867     0.600  -13540498.391  2260567  -0.00788   0.00428
 868     0.600  -13540467.845  2429168   0.00684   0.00046
 869     0.600  -13540494.294  2096740  -0.00230   0.00604
 870     0.600  -13540505.507  2341239   0.00151   0.00305
 871     0.600  -13540405.491  2760973   0.00673  -0.00314
 872     0.600  -13540455.338  2594071   0.00586  -0.00145
 873     0.600  -13540466.849  2450333  -0.00077   0.00137
 874     0.600  -13540520.347  2984042  -0.00166  -0.00735
 875     0.600  -13540456.892  2484717   0.00384  -0.00123
 876     0.600  -13540491.726  2520196   0.00125  -0.00040
 877     0.600  -13540524.548  2517607   0.00205  -0.00015
 878     0.600  -13540541.477  2576077  -0.00067  -0.00170
 879     0.600  -13540487.181  2541989  -0.00517  -0.00251
 880     0.600  -13540487.048  2281933  -0.00241   0.00309
 881     0.600  -13540431.009  2633241   0.00240  -0.00177
 882     0.600  -13540433.423  2661280  -0.00334  -0.00247
 883     0.600  -13540406.176  2633054  -0.00372  -0.00081
 884     0.600  -13540557.171  2135090   0.00458   0.00578
 885     0.600  -13540513.019  2479615  -0.00346   0.00043
 886     0.600  -13540464.676  2790145   0.00197  -0.00270
 887     0.600  -13540467.212  2334382   0.00024   0.00182
 888     0.600  -13540465.934  2790297   0.00369  -0.00532
 889     0.600  -13540394.624  3337639   0.00087  -0.01279
 890     0.600  -13540422.818  2151594   0.00486   0.00452
 891     0.600  -13540465.910  2409408  -0.00199   0.00135
 892     0.600  -13540452.261  1933237  -0.00700   0.00889
 893     0.600  -13540496.723  2210924   0.00050   0.00440
 894     0.600  -13540431.223  2729656   0.00818  -0.00169
 895     0.600  -13540456.008  2810062  -0.00115  -0.00495
 896     0.600  -13540429.755  2417612  -0.00692   0.00116
 897     0.600  -13540499.876  1864146  -0.00184   0.00888
 898     0.600  -13540480.653  2729648   0.00117  -0.00324
 899     0.600  -13540490.797  2232730  -0.00337   0.00329
 900     0.600  -13540506.365  2616517   0.00043  -0.00307
 901     0.600  -13540459.819  2637444  -0.00589  -0.00107
 902     0.600  -13540407.019  2645229  -0.00180  -0.00057
 903     0.600  -13540492.453  2107661   0.00135   0.00516
 904     0.600  -13540448.737  2563793   0.00164  -0.00003
 905     0.600  -13540427.194  2741296   0.00594  -0.00293
 906     0.600  -13540418.912  2401343   0.00701   0.00197
 907     0.600  -13540443.122  2610596   0.00134  -0.00128
 908     0.600  -13540465.233  2164812   0.00345   0.00540
 909     0.600  -13540411.943  2326510  -0.00527   0.00167
 910     0.600  -13540413.811  2546106  -0.00204  -0.00207
 911     0.600  -13540439.153  2543382   0.00161  -0.00196
 912     0.600  -13540493.018  2678245   0.00013  -0.00326
 913     0.600  -13540413.162  2603035  -0.00095  -0.00287
 914     0.600  -13540387.100  2535664   0.00089  -0.00128
 915     0.600  -13540471.225  2593028   0.00321  -0.00208
 916     0.600  -13540513.720  2733165  -0.00477  -0.00299
 917     0.600  -13540427.856  2922550   0.00116  -0.00499
 918     0.600  -13540467.398  2123385   0.00162   0.00363
 919     0.600  -13540490.922  2313159   0.00435   0.00268
 920     0.600  -13540583.416  2460282  -0.00179   0.00008
 921     0.600  -13540497.465  2428347  -0.00642   0.00243
 922     0.600  -13540427.510  2905120  -0.00410  -0.00550
 923     0.600  -13540432.863  2607686  -0.00209  -0.00199
 924     0.600  -13540452.237  2737544   0.00339  -0.00372
 925     0.600  -13540473.218  2487896   0.00795   0.00033
 926     0.600  -13540507.277  2359832  -0.00162   0.00158
 927     0.600  -13540406.741  2729032   0.00080  -0.00386
 928     0.600  -13540421.970  2771442  -0.00325  -0.00362
 929     0.600  -13540464.846  2052732   0.00256   0.00659
 930     0.600  -13540460.557  2610665  -0.00303  -0.00068
 931     0.600  -13540447.105  2321709   0.00013   0.00180
 932     0.600  -13540402.278  2536867  -0.00311  -0.00038
 933     0.600  -13540432.648  2730224  -0.00028  -0.00102
 934     0.600  -13540402.069  2770257   0.00476  -0.00455
 935     0.600  -13540487.097  2477941   0.00009   0.00083
 936     0.600  -13540413.081  2754846  -0.00426  -0.00331
 937     0.600  -13540493.807  2644075  -0.00204  -0.00192
 938     0.600  -13540436.595  2786636  -0.00128  -0.00457
 939     0.600  -13540414.718  2468652   0.00360   0.00216
 940     0.600  -13540512.422  2350508  -0.00077   0.00183
 941     0.600  -13540470.786  2597379  -0.00134  -0.00108
 942     0.600  -13540500.203  2191277  -0.00502   0.00495
 943     0.600  -13540395.876  2641249  -0.00082  -0.00316
 944     0.600  -13540434.850  2118933   0.00610   0.00482
 945     0.600  -13540512.938  2435424   0.00159   0.00078
 946     0.600  -13540468.572  3095102  -0.00379  -0.00876
 947     0.600  -13540437.975  2536487   0.00078  -0.00010
 948     0.600  -13540411.416  2823087  -0.00485  -0.00339
 949     0.600  -13540489.667  2212334  -0.00183   0.00516
 950     0.600  -13540402.056  2454653   0.00117   0.00070
 951     0.600  -13540570.078  2040991  -0.00050   0.00640
 952     0.600  -13540460.388  2778443  -0.00053  -0.00315
 953     0.600  -13540415.542  2159509  -0.00087   0.00618
 954     0.600  -13540516.542  2405143  -0.00167   0.00117
 955     0.600  -13540508.423  2213539  -0.00001   0.00477
 956     0.600  -13540454.785  2322832   0.00025   0.00440
 957     0.600  -13540438.908  2400580  -0.00282   0.00122
 958     0.600  -13540463.238  2415606  -0.00088   0.00191
 959     0.600  -13540508.778  2312759   0.00026   0.00337
 960     0.600  -13540463.945  3051136   0.00291  -0.00648
 961     0.600  -13540420.047  2533074   0.00338  -0.00140
 962     0.600  -13540419.607  2511005   0.00102  -0.00022
 963     0.600  -13540526.293  2393787   0.00080   0.00230
 964     0.600  -13540448.814  3042783  -0.00165  -0.00838
 965     0.600  -13540455.183  2258922   0.00404   0.00360
 966     0.600  -13540447.582  2514151   0.00412  -0.00048
 967     0.600  -13540433.333  2447991  -0.00277   0.00177
 968     0.600  -13540437.826  3018801   0.00195  -0.00802
 969     0.600  -13540450.192  2422493  -0.00477   0.00078
 970     0.600  -13540475.065  2150287   0.00435   0.00553
 971     0.600  -13540512.533  2298762  -0.00073   0.00379
 972     0.600  -13540464.379  2547260  -0.00110  -0.00082
 973     0.600  -13540395.584  2665439   0.00306  -0.00340
 974     0.600  -13540463.198  2124927   0.00674   0.00527
 975     0.600  -13540495.086  3030834   0.00354  -0.00558
 976     0.600  -13540476.997  2545498  -0.00128  -0.00201
 977     0.600  -13540456.740  2793635  -0.00302  -0.00270
 978     0.600  -13540417.822  2841303   0.00181  -0.00616
 979     0.600  -13540466.180  2537723   0.00266   0.00004
 980     0.600  -13540459.846  2369118  -0.00315   0.00300
 981     0.600  -13540493.659  2433469  -0.00237   0.00058
 982     0.600  -13540518.728  2454985  -0.00080   0.00066
 983     0.600  -13540382.809  3129100  -0.00219  -0.00855
 984     0.600  -13540430.783  2723841  -0.00529  -0.00133
 985     0.700  -13540482.980  2761170  -0.00045  -0.00446
 986     0.600  -13540415.502  2705040   0.00572  -0.00314
 987     0.600  -13540518.475  2299879   0.00213   0.00351
 988     0.600  -13540429.040  2286397  -0.00285   0.00505
 989     0.600  -13540491.510  2546929  -0.00123   0.00089
 990     0.600  -13540476.439  2093980  -0.00450   0.00522
 991     0.600  -13540512.638  2136871   0.00067   0.00640
 992     0.600  -13540426.890  2964385  -0.00787  -0.00716
 993     0.600  -13540464.513  2665158  -0.00119  -0.00261
 994     0.600  -13540504.150  2735713   0.00361  -0.00288
 995     0.600  -13540475.896  2263598   0.00231   0.00373
 996     0.600  -13540463.325  2227719  -0.00168   0.00262
 997     0.600  -13540480.308  2108963  -0.00313   0.00557
 998     0.600  -13540409.608  2154013   0.00562   0.00606
 999     0.600  -13540500.173  2489020   0.00241  -0.00051
1000     0.600  -13540421.508  3450153   0.00035  -0.01300
