949 30000.000 L
50.000
60.000
67.000
89.000
120.000
165.000
193.000
237.000
260.000
334.000
339.000
400.000
444.000
446.000
510.000
568.000
580.000
682.000
717.000
732.000
752.000
758.000
801.000
808.000
840.000
842.000
850.000
857.000
904.000
916.000
921.000
946.000
1013.000
1018.000
1027.000
1063.000
1070.000
1099.000
1194.000
1209.000
1281.000
1308.000
1319.000
1330.000
1386.000
1389.000
1397.000
1440.000
1445.000
1446.000
1506.000
1519.000
1572.000
1573.000
1604.000
1703.000
1735.000
1768.000
1797.000
1810.000
1868.000
1873.000
1963.000
1982.000
2001.000
2094.000
2095.000
2137.000
2191.000
2210.000
2253.000
2325.000
2352.000
2379.000
2406.000
2584.000
2589.000
2709.000
2767.000
2827.000
2856.000
2861.000
2864.000
2876.000
3011.000
3050.000
3089.000
3130.000
3167.000
3179.000
3193.000
3195.000
3204.000
3205.000
3209.000
3223.000
3236.000
3247.000
3284.000
3301.000
3336.000
3343.000
3352.000
3383.000
3389.000
3462.000
3464.000
3465.000
3511.000
3569.000
3572.000
3588.000
3628.000
3678.000
3696.000
3759.000
3771.000
3778.000
3805.000
3827.000
3849.000
3874.000
3964.000
4004.000
4022.000
4026.000
4032.000
4073.000
4180.000
4250.000
4256.000
4278.000
4317.000
4346.000
4350.000
4359.000
4374.000
4442.000
4531.000
4575.000
4603.000
4604.000
4665.000
4731.000
4774.000
4871.000
4899.000
4932.000
4975.000
5009.000
5062.000
5074.000
5079.000
5123.000
5252.000
5344.000
5362.000
5386.000
5409.000
5411.000
5429.000
5485.000
5486.000
5487.000
5500.000
5505.000
5586.000
5628.000
5773.000
5789.000
5798.000
5822.000
5841.000
5864.000
5905.000
5906.000
5948.000
5968.000
6280.000
6297.000
6358.000
6417.000
6505.000
6522.000
6552.000
6572.000
6623.000
6643.000
6668.000
6755.000
6819.000
6868.000
6977.000
6986.000
7016.000
7062.000
7087.000
7090.000
7106.000
7124.000
7241.000
7256.000
7292.000
7316.000
7319.000
7401.000
7436.000
7498.000
7504.000
7587.000
7692.000
7753.000
7782.000
7808.000
7809.000
7832.000
7973.000
8022.000
8030.000
8097.000
8168.000
8174.000
8177.000
8182.000
8183.000
8300.000
8322.000
8335.000
8405.000
8417.000
8434.000
8489.000
8491.000
8498.000
8515.000
8555.000
8666.000
8782.000
8793.000
8832.000
8894.000
8909.000
8934.000
8994.000
9012.000
9092.000
9111.000
9234.000
9256.000
9320.000
9379.000
9381.000
9402.000
9472.000
9584.000
9623.000
9644.000
9650.000
9652.000
9719.000
9721.000
9862.000
9895.000
9950.000
9953.000
9966.000
10070.000
10128.000
10199.000
10217.000
10228.000
10357.000
10418.000
10430.000
10440.000
10522.000
10533.000
10579.000
10605.000
10633.000
10664.000
10692.000
10700.000
10719.000
10747.000
10862.000
10888.000
11203.000
11255.000
11299.000
11402.000
11442.000
11443.000
11460.000
11468.000
11591.000
11615.000
11674.000
11682.000
11723.000
11765.000
11777.000
11833.000
11909.000
11918.000
11928.000
11934.000
11935.000
11952.000
11967.000
11998.000
12002.000
12015.000
12062.000
12127.000
12130.000
12162.000
12167.000
12179.000
12239.000
12266.000
12386.000
12454.000
12463.000
12487.000
12547.000
12559.000
12701.000
12752.000
12780.000
12784.000
12807.000
12812.000
12884.000
12910.000
12922.000
12964.000
12995.000
13060.000
13088.000
13102.000
13120.000
13227.000
13326.000
13347.000
13356.000
13397.000
13403.000
13496.000
13530.000
13533.000
13599.000
13636.000
13696.000
13755.000
13761.000
13774.000
13792.000
13818.000
13858.000
13867.000
13882.000
13894.000
13917.000
14032.000
14069.000
14082.000
14108.000
14202.000
14241.000
14315.000
14364.000
14394.000
14454.000
14498.000
14500.000
14558.000
14661.000
14712.000
14718.000
14763.000
14767.000
14821.000
14845.000
14866.000
14908.000
14923.000
14925.000
14928.000
15012.000
15031.000
15047.000
15080.000
15139.000
15155.000
15169.000
15217.000
15240.000
15263.000
15312.000
15337.000
15372.000
15416.000
15500.000
15513.000
15603.000
15628.000
15693.000
15694.000
15738.000
15845.000
15854.000
15864.000
15916.000
15949.000
15993.000
16006.000
16102.000
16129.000
16149.000
16180.000
16189.000
16252.000
16342.000
16360.000
16389.000
16432.000
16446.000
16616.000
16694.000
16710.000
16767.000
16777.000
16796.000
16823.000
16902.000
16912.000
16934.000
17082.000
17090.000
17160.000
17183.000
17207.000
17236.000
17247.000
17276.000
17319.000
17427.000
17457.000
17485.000
17544.000
17549.000
17565.000
17584.000
17585.000
17597.000
17616.000
17630.000
17661.000
17665.000
17721.000
17731.000
17742.000
17779.000
17785.000
17786.000
17833.000
17887.000
17913.000
17970.000
17993.000
18012.000
18022.000
18026.000
18055.000
18080.000
18119.000
18140.000
18150.000
18244.000
18249.000
18310.000
18311.000
18347.000
18360.000
18365.000
18484.000
18525.000
18543.000
18572.000
18602.000
18604.000
18608.000
18725.000
18729.000
18749.000
18804.000
18806.000
18858.000
18935.000
18972.000
19103.000
19127.000
19169.000
19191.000
19256.000
19335.000
19346.000
19402.000
19553.000
19565.000
19611.000
19642.000
19677.000
19701.000
19720.000
19737.000
19784.000
19862.000
19885.000
19898.000
19905.000
19921.000
20005.000
20013.000
20030.000
20065.000
20104.000
20116.000
20127.000
20208.000
20237.000
20248.000
20269.000
20308.000
20332.000
20360.000
20405.000
20416.000
20426.000
20437.000
20458.000
20477.000
20510.000
20518.000
20525.000
20532.000
20566.000
20575.000
20593.000
20656.000
20675.000
20685.000
20706.000
20710.000
20737.000
20754.000
20777.000
20781.000
20849.000
20923.000
20941.000
21004.000
21021.000
21078.000
21131.000
21151.000
21184.000
21191.000
21252.000
21266.000
21332.000
21392.000
21395.000
21442.000
21446.000
21455.000
21509.000
21520.000
21533.000
21575.000
21616.000
21617.000
21632.000
21645.000
21651.000
21654.000
21659.000
21666.000
21725.000
21752.000
21772.000
21793.000
21796.000
21798.000
21800.000
21804.000
21815.000
21828.000
21833.000
21897.000
21993.000
22026.000
22053.000
22106.000
22114.000
22130.000
22168.000
22205.000
22247.000
22315.000
22321.000
22322.000
22333.000
22334.000
22358.000
22372.000
22380.000
22440.000
22472.000
22478.000
22501.000
22512.000
22534.000
22539.000
22541.000
22555.000
22558.000
22566.000
22583.000
22619.000
22622.000
22664.000
22693.000
22709.000
22710.000
22777.000
22792.000
22822.000
22847.000
22858.000
22866.000
22870.000
22877.000
22892.000
22921.000
22954.000
22955.000
22986.000
22994.000
23006.000
23018.000
23019.000
23047.000
23078.000
23092.000
23112.000
23125.000
23168.000
23183.000
23191.000
23209.000
23214.000
23229.000
23269.000
23272.000
23307.000
23346.000
23360.000
23391.000
23394.000
23404.000
23432.000
23468.000
23471.000
23480.000
23517.000
23567.000
23602.000
23603.000
23634.000
23660.000
23670.000
23694.000
23704.000
23741.000
23848.000
23859.000
23893.000
23896.000
23936.000
23968.000
23993.000
24073.000
24077.000
24099.000
24103.000
24141.000
24143.000
24148.000
24172.000
24185.000
24211.000
24229.000
24235.000
24244.000
24278.000
24294.000
24384.000
24390.000
24423.000
24463.000
24464.000
24476.000
24491.000
24497.000
24536.000
24558.000
24569.000
24582.000
24647.000
24650.000
24691.000
24693.000
24703.000
24719.000
24752.000
24774.000
24799.000
24828.000
24844.000
24846.000
24852.000
24898.000
24908.000
24920.000
24931.000
24940.000
24950.000
24964.000
24967.000
24971.000
25004.000
25047.000
25073.000
25091.000
25104.000
25113.000
25119.000
25175.000
25191.000
25201.000
25230.000
25267.000
25289.000
25319.000
25322.000
25333.000
25334.000
25354.000
25393.000
25406.000
25434.000
25441.000
25459.000
25475.000
25514.000
25527.000
25532.000
25547.000
25598.000
25621.000
25630.000
25685.000
25720.000
25730.000
25753.000
25757.000
25795.000
25831.000
25836.000
25903.000
25910.000
25932.000
25943.000
25960.000
25994.000
26024.000
26047.000
26066.000
26073.000
26100.000
26128.000
26194.000
26264.000
26366.000
26376.000
26382.000
26384.000
26408.000
26428.000
26452.000
26467.000
26481.000
26493.000
26517.000
26522.000
26570.000
26591.000
26620.000
26625.000
26628.000
26650.000
26660.000
26661.000
26664.000
26675.000
26695.000
26745.000
26824.000
26854.000
26865.000
26886.000
26903.000
26932.000
26946.000
26980.000
27019.000
27022.000
27054.000
27089.000
27101.000
27128.000
27153.000
27161.000
27169.000
27172.000
27201.000
27229.000
27235.000
27237.000
27252.000
27272.000
27286.000
27318.000
27346.000
27360.000
27367.000
27412.000
27479.000
27494.000
27507.000
27516.000
27588.000
27634.000
27672.000
27676.000
27709.000
27780.000
27782.000
27787.000
27805.000
27806.000
27841.000
27877.000
27951.000
27960.000
27972.000
27991.000
28012.000
28016.000
28029.000
28036.000
28141.000
28156.000
28181.000
28218.000
28230.000
28244.000
28266.000
28269.000
28280.000
28344.000
28350.000
28357.000
28398.000
28405.000
28407.000
28432.000
28499.000
28587.000
28608.000
28631.000
28652.000
28656.000
28680.000
28699.000
28742.000
28829.000
28830.000
28899.000
28901.000
28916.000
28932.000
28933.000
28943.000
29038.000
29042.000
29047.000
29050.000
29060.000
29066.000
29075.000
29108.000
29123.000
29128.000
29229.000
29232.000
29242.000
29329.000
29334.000
29355.000
29393.000
29406.000
29484.000
29491.000
29526.000
29530.000
29543.000
29544.000
29595.000
29599.000
29611.000
29614.000
29618.000
29660.000
29674.000
29676.000
29690.000
29732.000
29755.000
29767.000
29771.000
29798.000
29847.000
29865.000
29902.000
29920.000
29962.000