
Sliding windows analysis - rho for total gene = 0.00013 per bp/kb

SNP_L	 SNP_R	 #SNPs	4Ner/bp/kb	 CLR	  Tajima's D

      3.00	    259.00	  10	   0.00000	    288.79	    -0.229
    324.00	    572.00	   8	   0.00000	    603.11	    -1.194
    599.00	    868.00	   8	   0.00000	    864.67	    -2.056
    915.00	   1155.00	  10	   0.00000	   1030.69	    -1.824
   1244.00	   1403.00	   6	   0.00000	   1227.44	    -1.733
   1490.00	   1766.00	   7	   0.00000	   1376.55	    -0.992
   1790.00	   1937.00	   6	   0.00000	   1598.49	    -0.866
   2125.00	   2327.00	   6	   0.00000	   1797.92	    -1.991
   2387.00	   2576.00	   6	   0.00000	   1985.62	    -1.033
   2723.00	   2967.00	  13	   0.00000	   2218.09	    -1.516
   3020.00	   3224.00	   7	   0.00000	   2465.22	    -1.934
   3369.00	   3557.00	   6	   0.00000	   2602.52	    -0.334
   3591.00	   3852.00	   7	   0.00000	   2888.48	    -1.529
   3881.00	   4125.00	   9	   0.00000	   3108.25	    -1.236
   4161.00	   4422.00	   7	   0.00000	   3444.24	    -0.911
   4473.00	   4751.00	   6	   0.00000	   3606.88	    -1.493
   4783.00	   5040.00	   7	   0.00000	   3779.94	    -0.894
   5137.00	   5327.00	   5	   0.00000	   3916.36	    -1.456
   5351.00	   5521.00	   5	   0.00000	   3973.19	    -1.641
   5804.00	   5926.00	   4	   0.00000	   4038.60	    -1.800
   5972.00	   6113.00	   2	   0.00000	   4093.58	    -1.400
   6307.00	   6465.00	   7	   0.00000	   4132.96	    -1.628
   6537.00	   6804.00	  10	   0.00000	   4201.75	    -2.132
   6835.00	   7127.00	  15	   0.00000	   4377.86	    -1.559
   7144.00	   7402.00	   9	   0.00000	   4617.52	    -2.007
   7466.00	   7611.00	   4	   0.00000	   4791.59	    -0.532
   7819.00	   8006.00	   6	   0.00000	   4914.27	    -1.144
   8080.00	   8312.00	   3	   0.00000	   4988.82	    -0.140
   8326.00	   8537.00	   5	   0.00000	   5081.63	    -0.958
   8616.00	   8812.00	   3	   0.00000	   5146.12	    -1.351
   8915.00	   9156.00	   4	   0.00000	   5167.92	    -1.741
   9228.00	   9501.00	  11	   0.00000	   5237.92	    -1.774
   9540.00	   9707.00	   9	   0.00000	   5319.54	    -1.402
   9992.00	  10089.00	   4	   0.00000	   5438.30	    -1.800
  10170.00	  10333.00	   6	   0.00000	   5485.92	    -0.425
  10452.00	  10632.00	   6	   0.00000	   5597.43	    -2.036
  10714.00	  10919.00	   9	   0.00000	   5663.14	    -1.661
  11049.00	  11272.00	   4	   0.00000	   5748.19	    -1.294
  11411.00	  11513.00	   5	   0.00000	   5781.61	    -0.840
  11621.00	  11851.00	   5	   0.00000	   5834.21	    -0.493
  11940.00	  12150.00	   6	   0.00000	   5933.44	    -0.713
  12194.00	  12364.00	   6	   0.00000	   5985.17	    -1.223
  12508.00	  12716.00	   9	   0.00000	   6080.78	    -1.590
  12839.00	  13070.00	   6	   0.00000	   6131.90	    -0.951
  13070.00	  13364.00	   6	   0.00000	   6182.08	     0.245
  13433.00	  13565.00	   5	   0.00000	   6287.23	    -1.881
  13778.00	  13950.00	   5	   0.00000	   6307.49	    -1.781
  13978.00	  14258.00	   8	   0.00000	   6304.40	    -2.017
  14258.00	  14532.00	   9	   0.00000	   6314.54	    -1.647
  14584.00	  14734.00	   4	   0.00000	   6357.94	    -1.574
  14886.00	  15118.00	   8	   0.00000	   6288.50	    -1.983
  15158.00	  15431.00	   6	   0.00000	   6254.33	    -1.520
  15475.00	  15729.00	   4	   0.00000	   6264.20	    -1.574
  15744.00	  15986.00	   8	   0.00000	   6242.14	    -1.149
  16212.00	  16233.00	   3	   0.00000	   6315.51	    -1.631
  16377.00	  16630.00	   8	   0.00000	   6319.62	    -1.876
  16818.00	  16884.00	   6	   0.00000	   6367.70	    -0.817
  16954.00	  17181.00	   9	   0.00000	   6361.47	    -1.721
  17239.00	  17503.00	   6	   0.00000	   6391.93	    -1.454
  17608.00	  17751.00	   4	   0.00000	   6456.90	    -1.405
  17879.00	  18098.00	   9	   0.00000	   6417.35	    -1.594
  18183.00	  18411.00	   5	   0.00000	   6395.58	    -0.256
  18450.00	  18712.00	   4	   0.00000	   6403.69	    -1.741
  18712.00	  19006.00	  11	   0.00000	   6375.30	    -1.785
  19033.00	  19226.00	   5	   0.00000	   6416.27	    -1.082
  19330.00	  19594.00	   7	   0.00000	   6364.93	    -1.926
  19682.00	  19883.00	   5	   0.00000	   6353.37	    -1.830
  19910.00	  20191.00	  17	   0.00000	   6234.59	    -2.187
  20200.00	  20479.00	  20	   0.00029	   6197.37	    -1.537
  20506.00	  20754.00	  16	   0.00060	   6161.53	    -2.282
  20798.00	  21088.00	  24	   0.00069	   6034.38	    -2.233
  21088.00	  21385.00	  23	   0.00077	   6000.66	    -1.728
  21384.00	  21679.00	  29	   0.00092	   5891.82	    -1.729
  21703.00	  21955.00	  19	   0.00115	   5791.68	    -1.751
  22000.00	  22272.00	  19	   0.00110	   5797.69	    -1.876
  22278.00	  22569.00	  19	   0.00107	   5722.34	    -2.095
  22580.00	  22868.00	  17	   0.00111	   5659.09	    -2.151
  22879.00	  23133.00	  16	   0.00130	   5580.25	    -1.822
  23190.00	  23459.00	  23	   0.00134	   5367.29	    -1.788
  23466.00	  23753.00	  17	   0.00136	   5197.69	    -1.376
  23766.00	  24046.00	  20	   0.00150	   5029.63	    -1.700
  24095.00	  24351.00	  16	   0.00168	   4894.83	    -1.581
  24366.00	  24632.00	  21	   0.00177	   4684.04	    -1.547
  24656.00	  24939.00	  18	   0.00173	   4484.61	    -1.596
  24974.00	  25247.00	  12	   0.00183	   4285.77	    -0.970
  25247.00	  25534.00	  22	   0.00195	   3950.90	    -1.495
  25570.00	  25830.00	  16	   0.00231	   3719.82	    -0.414
  25864.00	  26113.00	  28	   0.00253	   3283.90	    -1.959
  26167.00	  26432.00	  16	   0.00226	   3204.10	    -2.035
  26446.00	  26712.00	  23	   0.00218	   3067.42	    -2.423
  26752.00	  27018.00	  16	   0.00207	   2942.29	    -1.956
  27045.00	  27294.00	  16	   0.00229	   2565.52	    -0.826
  27328.00	  27623.00	  22	   0.00200	   2270.61	    -1.777
  27623.00	  27896.00	  19	   0.00194	   2138.21	    -1.820
  27923.00	  28215.00	  15	   0.00182	   1897.34	    -1.656
  28215.00	  28508.00	  22	   0.00177	   1560.53	    -1.650
  28516.00	  28805.00	  17	   0.00187	   1339.98	    -2.356
  28816.00	  29079.00	  17	   0.00247	   1057.86	    -2.154
  29125.00	  29397.00	  16	   0.00265	    757.39	    -1.970
  29407.00	  29691.00	  23	   0.00296	    461.13	    -2.437
  29735.00	  29998.00	  18	   0.00597	     78.92	    -1.980
