1086 30000.000 L
3.000
18.000
26.000
31.000
107.000
111.000
172.000
249.000
250.000
259.000
324.000
362.000
395.000
420.000
461.000
539.000
564.000
572.000
599.000
647.000
746.000
788.000
793.000
856.000
867.000
868.000
915.000
974.000
1009.000
1011.000
1016.000
1021.000
1061.000
1083.000
1135.000
1155.000
1244.000
1256.000
1264.000
1335.000
1391.000
1403.000
1490.000
1587.000
1594.000
1698.000
1705.000
1750.000
1766.000
1790.000
1815.000
1899.000
1929.000
1930.000
1937.000
2125.000
2176.000
2181.000
2230.000
2278.000
2327.000
2387.000
2390.000
2418.000
2492.000
2509.000
2576.000
2723.000
2744.000
2798.000
2823.000
2844.000
2848.000
2852.000
2853.000
2866.000
2873.000
2895.000
2941.000
2967.000
3020.000
3071.000
3134.000
3144.000
3170.000
3205.000
3224.000
3369.000
3474.000
3488.000
3494.000
3550.000
3557.000
3591.000
3689.000
3691.000
3738.000
3750.000
3834.000
3852.000
3881.000
3932.000
3935.000
3946.000
4008.000
4045.000
4088.000
4122.000
4125.000
4161.000
4227.000
4230.000
4245.000
4319.000
4399.000
4422.000
4473.000
4491.000
4539.000
4625.000
4657.000
4751.000
4783.000
4804.000
4845.000
4883.000
4944.000
4990.000
5040.000
5137.000
5162.000
5223.000
5250.000
5327.000
5351.000
5421.000
5485.000
5489.000
5521.000
5804.000
5887.000
5913.000
5926.000
5972.000
6113.000
6307.000
6326.000
6332.000
6357.000
6387.000
6414.000
6465.000
6537.000
6548.000
6626.000
6632.000
6654.000
6666.000
6737.000
6746.000
6754.000
6804.000
6835.000
6877.000
6921.000
6944.000
6949.000
6956.000
6964.000
6965.000
6967.000
6988.000
6994.000
7005.000
7055.000
7107.000
7127.000
7144.000
7154.000
7217.000
7284.000
7294.000
7335.000
7336.000
7346.000
7402.000
7466.000
7486.000
7509.000
7611.000
7819.000
7831.000
7850.000
7893.000
7895.000
8006.000
8080.000
8209.000
8312.000
8326.000
8446.000
8497.000
8530.000
8537.000
8616.000
8795.000
8812.000
8915.000
9123.000
9141.000
9156.000
9228.000
9249.000
9272.000
9311.000
9325.000
9387.000
9414.000
9443.000
9466.000
9500.000
9501.000
9540.000
9588.000
9590.000
9598.000
9599.000
9629.000
9688.000
9699.000
9707.000
9992.000
9998.000
10012.000
10089.000
10170.000
10184.000
10202.000
10244.000
10298.000
10333.000
10452.000
10508.000
10526.000
10539.000
10606.000
10632.000
10714.000
10723.000
10758.000
10798.000
10803.000
10880.000
10908.000
10918.000
10919.000
11049.000
11081.000
11232.000
11272.000
11411.000
11485.000
11510.000
11512.000
11513.000
11621.000
11720.000
11759.000
11850.000
11851.000
11940.000
11944.000
11953.000
12058.000
12069.000
12150.000
12194.000
12199.000
12313.000
12335.000
12358.000
12364.000
12508.000
12540.000
12550.000
12600.000
12628.000
12642.000
12661.000
12688.000
12716.000
12839.000
12851.000
12916.000
13015.000
13038.000
13070.000
13175.000
13188.000
13215.000
13237.000
13364.000
13433.000
13442.000
13448.000
13524.000
13565.000
13778.000
13796.000
13806.000
13862.000
13950.000
13978.000
14156.000
14172.000
14194.000
14231.000
14235.000
14241.000
14258.000
14288.000
14289.000
14304.000
14307.000
14343.000
14455.000
14500.000
14532.000
14584.000
14663.000
14676.000
14734.000
14886.000
14890.000
14901.000
14927.000
15093.000
15105.000
15114.000
15118.000
15158.000
15184.000
15308.000
15353.000
15376.000
15431.000
15475.000
15567.000
15708.000
15729.000
15744.000
15749.000
15776.000
15787.000
15828.000
15868.000
15984.000
15986.000
16212.000
16227.000
16233.000
16377.000
16378.000
16448.000
16450.000
16503.000
16578.000
16617.000
16630.000
16818.000
16834.000
16847.000
16866.000
16873.000
16884.000
16954.000
16968.000
17033.000
17083.000
17110.000
17132.000
17168.000
17170.000
17181.000
17239.000
17302.000
17303.000
17372.000
17414.000
17503.000
17608.000
17640.000
17719.000
17751.000
17879.000
17918.000
17932.000
17942.000
17946.000
17959.000
18010.000
18094.000
18098.000
18183.000
18226.000
18323.000
18373.000
18411.000
18450.000
18664.000
18669.000
18712.000
18737.000
18755.000
18765.000
18825.000
18834.000
18877.000
18911.000
18925.000
18982.000
19006.000
19033.000
19049.000
19119.000
19175.000
19226.000
19330.000
19385.000
19405.000
19500.000
19521.000
19553.000
19594.000
19682.000
19687.000
19766.000
19882.000
19883.000
19910.000
19933.000
19979.000
20007.000
20026.000
20027.000
20038.000
20064.000
20083.000
20095.000
20098.000
20117.000
20119.000
20141.000
20182.000
20185.000
20191.000
20200.000
20209.000
20226.000
20249.000
20269.000
20281.000
20287.000
20308.000
20312.000
20316.000
20391.000
20402.000
20420.000
20450.000
20451.000
20455.000
20472.000
20473.000
20474.000
20479.000
20506.000
20515.000
20535.000
20554.000
20561.000
20576.000
20605.000
20624.000
20640.000
20654.000
20656.000
20663.000
20696.000
20699.000
20741.000
20754.000
20798.000
20824.000
20831.000
20836.000
20854.000
20861.000
20874.000
20890.000
20936.000
20954.000
20966.000
20969.000
20983.000
20989.000
21010.000
21022.000
21032.000
21034.000
21035.000
21057.000
21060.000
21072.000
21075.000
21088.000
21102.000
21106.000
21137.000
21152.000
21178.000
21183.000
21196.000
21206.000
21235.000
21269.000
21295.000
21298.000
21303.000
21312.000
21324.000
21331.000
21343.000
21364.000
21366.000
21369.000
21384.000
21385.000
21387.000
21393.000
21400.000
21401.000
21402.000
21451.000
21466.000
21475.000
21487.000
21497.000
21544.000
21558.000
21567.000
21580.000
21593.000
21594.000
21598.000
21600.000
21621.000
21628.000
21632.000
21636.000
21643.000
21649.000
21652.000
21668.000
21679.000
21703.000
21718.000
21727.000
21739.000
21745.000
21775.000
21779.000
21802.000
21804.000
21805.000
21842.000
21843.000
21849.000
21856.000
21886.000
21910.000
21913.000
21952.000
21955.000
22000.000
22017.000
22059.000
22060.000
22104.000
22111.000
22114.000
22115.000
22118.000
22127.000
22146.000
22153.000
22175.000
22188.000
22229.000
22241.000
22244.000
22258.000
22272.000
22278.000
22291.000
22296.000
22300.000
22322.000
22343.000
22347.000
22392.000
22406.000
22407.000
22454.000
22458.000
22463.000
22468.000
22475.000
22494.000
22544.000
22561.000
22569.000
22580.000
22585.000
22592.000
22636.000
22639.000
22680.000
22704.000
22734.000
22739.000
22755.000
22776.000
22808.000
22811.000
22817.000
22820.000
22836.000
22868.000
22879.000
22931.000
22946.000
22955.000
22965.000
22969.000
22972.000
22987.000
23066.000
23081.000
23088.000
23095.000
23099.000
23101.000
23114.000
23133.000
23190.000
23209.000
23213.000
23243.000
23245.000
23253.000
23256.000
23266.000
23287.000
23296.000
23299.000
23300.000
23303.000
23354.000
23362.000
23367.000
23369.000
23375.000
23424.000
23442.000
23452.000
23457.000
23459.000
23466.000
23489.000
23494.000
23511.000
23515.000
23528.000
23558.000
23579.000
23587.000
23592.000
23615.000
23631.000
23654.000
23689.000
23694.000
23721.000
23753.000
23766.000
23775.000
23777.000
23823.000
23859.000
23865.000
23876.000
23884.000
23885.000
23887.000
23909.000
23933.000
23939.000
23967.000
23976.000
23979.000
23982.000
23993.000
24041.000
24046.000
24095.000
24116.000
24135.000
24136.000
24140.000
24163.000
24167.000
24185.000
24188.000
24200.000
24203.000
24204.000
24221.000
24264.000
24290.000
24351.000
24366.000
24416.000
24428.000
24447.000
24453.000
24465.000
24476.000
24478.000
24487.000
24496.000
24510.000
24513.000
24547.000
24566.000
24570.000
24572.000
24600.000
24616.000
24629.000
24630.000
24632.000
24656.000
24669.000
24714.000
24739.000
24742.000
24744.000
24761.000
24765.000
24774.000
24798.000
24801.000
24829.000
24840.000
24848.000
24877.000
24901.000
24906.000
24939.000
24974.000
24982.000
24988.000
24990.000
24994.000
25031.000
25052.000
25114.000
25132.000
25218.000
25231.000
25247.000
25252.000
25278.000
25290.000
25294.000
25299.000
25329.000
25331.000
25342.000
25349.000
25350.000
25354.000
25374.000
25399.000
25401.000
25404.000
25411.000
25424.000
25433.000
25472.000
25524.000
25534.000
25570.000
25590.000
25595.000
25632.000
25650.000
25673.000
25686.000
25692.000
25714.000
25726.000
25738.000
25747.000
25761.000
25813.000
25826.000
25830.000
25864.000
25878.000
25885.000
25887.000
25902.000
25907.000
25910.000
25949.000
25955.000
25957.000
25961.000
25966.000
25974.000
25987.000
26007.000
26010.000
26017.000
26028.000
26029.000
26031.000
26037.000
26039.000
26047.000
26057.000
26063.000
26067.000
26096.000
26113.000
26167.000
26200.000
26204.000
26233.000
26237.000
26238.000
26240.000
26253.000
26255.000
26287.000
26324.000
26341.000
26356.000
26420.000
26427.000
26432.000
26446.000
26455.000
26465.000
26487.000
26489.000
26523.000
26529.000
26546.000
26554.000
26573.000
26601.000
26602.000
26617.000
26628.000
26645.000
26647.000
26654.000
26661.000
26685.000
26688.000
26689.000
26695.000
26712.000
26752.000
26754.000
26760.000
26767.000
26788.000
26791.000
26804.000
26832.000
26873.000
26886.000
26912.000
26970.000
27006.000
27009.000
27013.000
27018.000
27045.000
27054.000
27056.000
27076.000
27079.000
27090.000
27096.000
27099.000
27105.000
27108.000
27114.000
27125.000
27127.000
27204.000
27208.000
27294.000
27328.000
27358.000
27381.000
27437.000
27447.000
27452.000
27455.000
27459.000
27470.000
27477.000
27479.000
27482.000
27483.000
27496.000
27502.000
27527.000
27559.000
27568.000
27580.000
27583.000
27608.000
27623.000
27674.000
27679.000
27691.000
27724.000
27728.000
27730.000
27732.000
27755.000
27766.000
27772.000
27780.000
27796.000
27831.000
27854.000
27870.000
27873.000
27878.000
27896.000
27923.000
27932.000
27961.000
27998.000
28016.000
28036.000
28059.000
28069.000
28144.000
28160.000
28172.000
28175.000
28207.000
28209.000
28215.000
28227.000
28229.000
28230.000
28234.000
28240.000
28242.000
28264.000
28290.000
28310.000
28324.000
28356.000
28359.000
28390.000
28406.000
28416.000
28430.000
28453.000
28465.000
28472.000
28476.000
28508.000
28516.000
28524.000
28563.000
28578.000
28591.000
28630.000
28641.000
28650.000
28670.000
28675.000
28677.000
28719.000
28753.000
28773.000
28784.000
28786.000
28805.000
28816.000
28838.000
28863.000
28871.000
28875.000
28891.000
28904.000
28931.000
28935.000
28942.000
28954.000
28964.000
28965.000
29027.000
29036.000
29048.000
29079.000
29125.000
29137.000
29145.000
29166.000
29201.000
29229.000
29248.000
29257.000
29264.000
29303.000
29318.000
29337.000
29354.000
29359.000
29375.000
29397.000
29407.000
29415.000
29418.000
29419.000
29454.000
29466.000
29469.000
29518.000
29523.000
29566.000
29579.000
29607.000
29616.000
29625.000
29632.000
29638.000
29640.000
29646.000
29649.000
29657.000
29659.000
29683.000
29691.000
29735.000
29746.000
29752.000
29764.000
29771.000
29805.000
29824.000
29832.000
29839.000
29858.000
29904.000
29912.000
29937.000
29946.000
29950.000
29951.000
29993.000
29998.000
30000.000