Distribution of estimated Rho values

Shuffle   Rho    Lkmax      G4     corr(r2,d)   corr(D',d)

   1     4.200  -19704264.510  30044373  -0.00483   0.00452
   2     4.100  -19703873.591  32987879   0.00297  -0.00300
   3     4.130  -19704248.461  30189235  -0.00229   0.00360
   4     4.280  -19703988.924  31918304  -0.00539   0.00064
   5     4.040  -19704058.786  33061060   0.00216  -0.00089
   6     4.200  -19703950.129  30732010  -0.00802   0.00169
   7     4.090  -19704078.882  31796438   0.00504  -0.00098
   8     3.920  -19704240.150  31243511   0.00116   0.00085
   9     4.100  -19703902.845  32425887   0.00398  -0.00244
  10     4.060  -19704287.637  30891786   0.00765   0.00340
  11     4.100  -19704394.868  29618688   0.00017   0.00674
  12     4.060  -19704076.941  32705008   0.00171  -0.00278
  13     4.100  -19703793.634  34194356   0.00097  -0.00754
  14     4.120  -19704188.136  30943419  -0.00074   0.00208
  15     4.070  -19703839.849  32259698  -0.00466  -0.00227
  16     3.960  -19703944.638  33395045   0.00634  -0.00398
  17     4.180  -19703847.475  31965221  -0.00938   0.00008
  18     3.890  -19704075.799  30372678   0.00307   0.00148
  19     4.090  -19703969.796  31976473  -0.00330  -0.00164
  20     4.220  -19703735.698  32242656  -0.00335  -0.00225
  21     4.240  -19703853.098  33407547   0.00110  -0.00810
  22     4.030  -19704092.872  29394384  -0.00160   0.00697
  23     4.070  -19703737.573  31579101  -0.00674  -0.00008
  24     4.000  -19704084.388  31935790   0.00064  -0.00283
  25     4.060  -19704262.581  31739599   0.00349  -0.00046
  26     4.230  -19703895.512  31744415  -0.00271   0.00112
  27     4.250  -19703777.255  31051736   0.00031   0.00057
  28     4.150  -19704018.137  33431304  -0.00351  -0.00565
  29     4.110  -19703951.377  34244735   0.00457  -0.00758
  30     3.990  -19704023.186  33645974  -0.00062  -0.00481
  31     4.240  -19703861.616  32362487  -0.00131  -0.00431
  32     4.020  -19704256.589  29868206   0.00184   0.00440
  33     4.000  -19704209.556  30930433   0.00423   0.00121
  34     4.110  -19703902.866  33406784   0.00201  -0.00560
  35     3.980  -19704416.339  29078419   0.00445   0.00600
  36     4.000  -19704208.223  30438985  -0.00252   0.00224
  37     4.160  -19703959.230  29825720   0.00324   0.00665
  38     4.020  -19704400.136  29136527   0.00079   0.00889
  39     4.030  -19704395.261  31184958   0.00583  -0.00034
  40     4.090  -19704034.918  28997435  -0.00486   0.00632
  41     4.140  -19704082.597  33655401  -0.00197  -0.00788
  42     4.010  -19704334.129  30664015   0.00383   0.00348
  43     4.040  -19703819.147  32792002  -0.00371  -0.00447
  44     4.040  -19704040.978  30036746  -0.00297   0.00590
  45     4.180  -19703755.477  31373693  -0.00476   0.00003
  46     4.160  -19704248.495  29558723   0.00004   0.00397
  47     4.180  -19704134.352  29878655   0.00241   0.00455
  48     4.080  -19704287.916  29741187   0.00394   0.00378
  49     4.050  -19704060.892  33236509   0.00152  -0.00378
  50     4.060  -19703883.212  30457935  -0.00357   0.00346
  51     4.060  -19704074.265  31424302  -0.00307  -0.00163
  52     4.140  -19704041.063  33185568  -0.00099  -0.00685
  53     4.050  -19704292.970  31598234   0.00110   0.00094
  54     3.980  -19704040.322  30220085   0.00017   0.00393
  55     4.120  -19704111.821  29952082   0.00286   0.00270
  56     3.960  -19703941.877  31015710  -0.00053   0.00103
  57     4.250  -19704138.079  30585529  -0.00064   0.00231
  58     4.130  -19703896.489  33818209  -0.00292  -0.00606
  59     4.040  -19704217.903  30886386  -0.00351   0.00140
  60     4.310  -19703917.608  34217653   0.00338  -0.00648
  61     4.050  -19703564.183  34449981   0.00239  -0.00892
  62     3.930  -19704482.304  31595495   0.00473  -0.00078
  63     4.080  -19703862.763  34072117  -0.00301  -0.00916
  64     4.010  -19704048.698  31744535  -0.00420   0.00147
  65     4.080  -19704177.732  30870480   0.00153   0.00061
  66     4.320  -19703849.536  29916230  -0.00747   0.00393
  67     4.090  -19703976.486  31450330  -0.00191   0.00273
  68     4.080  -19704196.187  31779419   0.00032  -0.00341
  69     4.030  -19703889.808  31874045  -0.00501  -0.00303
  70     4.160  -19704399.773  28996586   0.00286   0.00825
  71     4.060  -19704262.905  29257577   0.00015   0.00610
  72     4.110  -19703977.704  32402310  -0.00537  -0.00188
  73     4.060  -19704340.354  30072023   0.00057   0.00383
  74     4.110  -19704047.777  31136545   0.00365   0.00206
  75     4.290  -19703934.482  32578970  -0.00258  -0.00427
  76     4.270  -19704020.071  29006079  -0.00191   0.00828
  77     4.040  -19704171.002  30383738   0.00206   0.00195
  78     4.080  -19704210.003  31847980  -0.00100  -0.00319
  79     3.940  -19704383.512  29657861   0.00069   0.00407
  80     4.070  -19704357.929  30047746   0.00181   0.00390
  81     4.050  -19704289.600  30398743  -0.00219   0.00272
  82     4.070  -19704322.266  31341683   0.00383   0.00212
  83     4.140  -19704090.303  31204225   0.00381  -0.00092
  84     4.120  -19703739.415  34694405  -0.00205  -0.01107
  85     3.980  -19704389.385  31262573   0.01004   0.00069
  86     4.260  -19704161.850  32441825   0.00568  -0.00241
  87     4.020  -19704115.759  31972678   0.00231   0.00023
  88     4.350  -19704039.088  30830505   0.00121  -0.00089
  89     3.970  -19704257.975  30265030  -0.00752   0.00402
  90     4.010  -19704300.310  30333880   0.00358   0.00117
  91     4.110  -19703867.388  32200606  -0.00299  -0.00281
  92     4.090  -19704187.834  32133463   0.00464  -0.00237
  93     4.050  -19703944.768  31370507   0.00396   0.00007
  94     4.130  -19704373.962  30033130   0.00659   0.00451
  95     4.100  -19703997.562  30057170  -0.00664   0.00338
  96     3.920  -19704307.525  33190506   0.00589  -0.00520
  97     3.940  -19704296.974  29260706  -0.00052   0.00424
  98     4.040  -19704323.711  31404888  -0.00123  -0.00079
  99     4.020  -19704063.335  31555648  -0.00317   0.00054
 100     4.020  -19704336.372  29549227   0.00258   0.00540
 101     4.110  -19703949.751  30432391  -0.00447   0.00419
 102     4.230  -19703989.944  29646406  -0.00462   0.00644
 103     4.080  -19704086.162  32654789   0.00460  -0.00321
 104     4.040  -19704019.691  30870327  -0.00431   0.00284
 105     4.090  -19704617.712  29033645   0.00046   0.00711
 106     4.040  -19704184.177  31161110  -0.00213  -0.00017
 107     4.140  -19704006.551  32923590  -0.00097  -0.00446
 108     4.010  -19704286.356  31633832  -0.00122  -0.00224
 109     4.210  -19704354.918  31229222   0.00149   0.00143
 110     4.120  -19704321.550  31179746   0.00309   0.00150
 111     4.120  -19704284.088  31742085   0.00307  -0.00288
 112     4.050  -19704342.567  31593964   0.01134  -0.00082
 113     4.120  -19704217.613  32589499   0.00464  -0.00402
 114     3.860  -19704503.353  28741189   0.00411   0.00894
 115     4.210  -19704319.950  31158744   0.00250   0.00004
 116     4.140  -19704252.951  31842688   0.00193  -0.00211
 117     4.120  -19703602.638  35656311  -0.00335  -0.01540
 118     4.150  -19704369.014  31317286   0.00185  -0.00101
 119     4.120  -19703962.499  30407068  -0.00182   0.00447
 120     4.260  -19703988.318  30804167  -0.00436   0.00087
 121     3.980  -19704161.392  33015597   0.00425  -0.00413
 122     4.060  -19704146.731  31041043  -0.00637   0.00152
 123     4.060  -19704200.937  30871373   0.00198   0.00325
 124     4.130  -19703862.951  29447495  -0.00962   0.00625
 125     3.970  -19704106.923  30514177  -0.00067   0.00459
 126     4.000  -19704386.740  27407110   0.00317   0.01007
 127     3.990  -19704143.141  34030107   0.00686  -0.00882
 128     4.050  -19704032.485  31248027   0.00621   0.00178
 129     4.150  -19704040.189  30220662  -0.00195   0.00606
 130     4.100  -19704022.558  30169668  -0.00686   0.00392
 131     3.960  -19704374.254  30543873   0.00099   0.00276
 132     4.080  -19704477.561  29500441   0.00537   0.00471
 133     3.980  -19703687.223  31318505   0.00356   0.00230
 134     4.260  -19703973.224  30309566  -0.00328   0.00189
 135     4.130  -19704323.051  30661601   0.00152   0.00006
 136     4.150  -19704174.681  29905024  -0.00239   0.00555
 137     4.010  -19704033.315  32771969  -0.00839  -0.00456
 138     3.990  -19704458.349  29114348  -0.00162   0.00891
 139     4.130  -19704217.233  32440140   0.00431  -0.00354
 140     4.070  -19703914.828  31437473   0.00141  -0.00221
 141     4.060  -19704047.106  31256174  -0.00069   0.00134
 142     4.170  -19704336.492  29429475  -0.00178   0.00848
 143     4.150  -19703953.660  30947056  -0.00237   0.00047
 144     4.180  -19704252.389  30032786  -0.00304   0.00468
 145     3.970  -19703940.294  29941477  -0.00016   0.00326
 146     4.120  -19703998.591  31175420  -0.00234   0.00085
 147     4.150  -19704499.172  27473399   0.00175   0.01313
 148     4.000  -19704041.330  29752952   0.00420   0.00630
 149     4.130  -19704023.799  31021456   0.00031   0.00170
 150     3.940  -19704128.804  30811186   0.00387   0.00137
 151     4.010  -19704273.412  30581084   0.00388   0.00436
 152     3.940  -19703959.600  32080374   0.00014  -0.00155
 153     3.990  -19704058.615  30329973   0.00161   0.00297
 154     4.110  -19704189.525  32496428   0.00487  -0.00384
 155     3.950  -19704189.519  32072281   0.00556  -0.00041
 156     3.910  -19704588.938  28978733   0.00180   0.00574
 157     4.020  -19704211.827  32024604   0.00180  -0.00148
 158     4.130  -19704066.102  31924371  -0.00023  -0.00361
 159     4.120  -19704077.194  33836808   0.00413  -0.00601
 160     4.090  -19704039.908  31677008   0.00062  -0.00104
 161     4.050  -19704341.426  32069557   0.00246  -0.00129
 162     4.120  -19703785.873  32532055  -0.00250  -0.00338
 163     4.130  -19704124.643  31405906   0.00673  -0.00132
 164     4.060  -19703841.223  33097346  -0.00280  -0.00149
 165     4.030  -19704042.454  32224819  -0.00098  -0.00345
 166     3.920  -19703984.839  33761547  -0.00169  -0.00615
 167     4.030  -19704168.741  31673962  -0.00246  -0.00107
 168     4.230  -19704326.300  27099045  -0.00346   0.01180
 169     4.230  -19704182.444  30341491  -0.00025   0.00382
 170     4.100  -19703708.306  33703569  -0.00439  -0.00448
 171     4.100  -19703999.885  31933527   0.00195  -0.00382
 172     3.940  -19704251.201  32054704   0.00732  -0.00066
 173     4.270  -19703865.491  29135531  -0.00396   0.00441
 174     4.070  -19704174.472  32044644   0.00121  -0.00172
 175     3.950  -19704342.594  31653623   0.00091  -0.00060
 176     3.990  -19704135.707  29852504  -0.00610   0.00454
 177     4.220  -19704070.189  30432090  -0.00166   0.00289
 178     4.000  -19704260.360  33637789  -0.00063  -0.00695
 179     4.050  -19703976.281  31722729  -0.00420   0.00137
 180     4.300  -19703945.170  31425698  -0.00222  -0.00431
 181     4.100  -19704093.605  29837194  -0.00465   0.00418
 182     3.930  -19704105.028  29839127  -0.00242   0.00441
 183     4.040  -19704244.004  31862849   0.00767  -0.00104
 184     3.880  -19704024.779  33116728  -0.00244  -0.00563
 185     3.970  -19704312.794  29540800  -0.00318   0.00580
 186     4.070  -19704515.822  29739139   0.00633   0.00385
 187     4.020  -19704494.407  29009540   0.00191   0.00651
 188     3.940  -19704209.907  29489959   0.00039   0.00696
 189     4.100  -19703985.358  31859747   0.00173  -0.00212
 190     4.330  -19704146.735  30636744  -0.00255  -0.00036
 191     3.990  -19703959.246  30939960  -0.00685   0.00026
 192     4.240  -19703969.763  29871950  -0.01372   0.00522
 193     4.160  -19703899.403  30848430  -0.00583   0.00322
 194     4.090  -19704305.387  32027941   0.00749  -0.00425
 195     4.140  -19704235.786  30813380   0.00386   0.00241
 196     4.090  -19704035.365  33123090   0.00047  -0.00613
 197     4.060  -19703905.036  31778930  -0.00574  -0.00139
 198     4.170  -19704124.735  33606711   0.00742  -0.00751
 199     4.250  -19704406.611  29748470   0.00408   0.00267
 200     4.030  -19704335.249  28965063  -0.00233   0.00676
 201     3.940  -19704163.379  31944005   0.00657  -0.00006
 202     4.060  -19704282.377  30167291   0.00035   0.00420
 203     4.190  -19704163.428  31208975   0.00042  -0.00092
 204     3.980  -19704021.909  30785683  -0.00452   0.00136
 205     3.940  -19704326.148  30180409  -0.00024   0.00407
 206     4.060  -19704540.319  28458791   0.00466   0.00799
 207     4.320  -19704039.816  28734473  -0.00576   0.00750
 208     4.180  -19704201.812  31025856   0.00343   0.00170
 209     4.110  -19704194.482  32666311   0.00436  -0.00393
 210     4.070  -19704064.109  32172352   0.00235  -0.00131
 211     4.100  -19704302.619  31847883  -0.00047  -0.00361
 212     3.980  -19704025.656  32307698  -0.00555  -0.00107
 213     4.240  -19704060.493  30346667  -0.00198   0.00062
 214     4.220  -19703849.233  32099669   0.00213  -0.00341
 215     4.250  -19703936.511  31676417  -0.00336  -0.00193
 216     4.220  -19703906.043  34290302  -0.00448  -0.00976
 217     4.090  -19704358.404  28497957   0.00373   0.00740
 218     4.020  -19703547.713  32956967   0.00072  -0.00438
 219     3.980  -19703987.220  32720414  -0.00194  -0.00419
 220     4.040  -19704236.736  33010689   0.00813  -0.00364
 221     4.060  -19703909.948  34138334   0.00027  -0.00792
 222     4.100  -19704361.599  28273109  -0.00488   0.00910
 223     3.970  -19704162.382  31242007   0.00016  -0.00015
 224     4.210  -19703972.785  30438823  -0.00762   0.00234
 225     3.940  -19704131.420  32070429  -0.00020  -0.00204
 226     4.120  -19704016.366  28951753  -0.00119   0.00828
 227     4.080  -19704113.999  30624153  -0.00014   0.00101
 228     4.030  -19704236.674  31222216   0.00662  -0.00056
 229     4.190  -19703891.864  33955320  -0.00126  -0.00825
 230     4.090  -19704299.261  32061437   0.00740  -0.00116
 231     4.160  -19703820.961  32787975  -0.00132  -0.00367
 232     4.010  -19704125.282  29366875   0.00119   0.00768
 233     3.990  -19704479.829  31184447   0.00756   0.00150
 234     4.070  -19704020.674  29077828  -0.00250   0.00662
 235     3.950  -19704568.787  29662756   0.00333   0.00493
 236     4.100  -19704066.694  31898596  -0.00185  -0.00295
 237     4.110  -19704166.903  28396082   0.00060   0.00783
 238     4.100  -19704166.169  33794764   0.00176  -0.00558
 239     4.130  -19704066.016  31257062  -0.00039   0.00064
 240     4.010  -19704214.542  29662011  -0.00018   0.00735
 241     4.250  -19704465.529  32296846   0.00396  -0.00435
 242     3.990  -19703928.953  33901113   0.00728  -0.00703
 243     4.340  -19703920.917  31865646  -0.00100  -0.00058
 244     4.010  -19704075.402  32579130   0.00721  -0.00395
 245     4.190  -19704291.028  28987802  -0.00151   0.00701
 246     3.990  -19704042.310  32667951   0.00615  -0.00313
 247     4.070  -19704348.803  29991123   0.00037   0.00431
 248     4.200  -19704147.418  30138394  -0.00451   0.00288
 249     3.990  -19703837.946  32139929  -0.00105  -0.00302
 250     4.070  -19703950.722  32325993  -0.00127  -0.00458
 251     4.270  -19704021.023  30784965  -0.00687   0.00161
 252     3.920  -19703877.701  32499761   0.00068  -0.00443
 253     4.120  -19704132.483  30871040   0.00137   0.00160
 254     4.100  -19704306.870  29923888  -0.00120   0.00335
 255     4.120  -19703656.070  34565574  -0.00108  -0.00865
 256     4.040  -19704167.950  31924232  -0.00008  -0.00027
 257     4.100  -19704181.295  30099249  -0.00216   0.00478
 258     4.120  -19704148.429  30862352   0.00022   0.00218
 259     4.060  -19704130.090  32182228   0.00037  -0.00314
 260     4.080  -19703756.441  34027328  -0.00533  -0.00597
 261     4.160  -19704047.149  31773871  -0.00098  -0.00298
 262     4.100  -19703845.273  32580817  -0.00191  -0.00301
 263     4.040  -19704246.127  30724528   0.00576   0.00438
 264     4.110  -19704246.217  29119799   0.00094   0.00780
 265     4.200  -19704016.038  29844524  -0.00189   0.00262
 266     4.080  -19703956.145  32956586  -0.00061  -0.00608
 267     4.050  -19704246.140  32315422   0.00503  -0.00103
 268     3.980  -19704020.410  31771592   0.00232  -0.00119
 269     4.190  -19703937.674  34450878   0.00447  -0.00722
 270     4.010  -19704292.229  33123094   0.00845  -0.00513
 271     4.060  -19704347.405  31432634   0.00088   0.00006
 272     4.340  -19704006.480  32500829  -0.00394  -0.00521
 273     4.110  -19704502.258  30610694   0.00268   0.00243
 274     4.110  -19704215.699  29640444  -0.00167   0.00604
 275     3.930  -19704231.231  32479255   0.00512  -0.00369
 276     4.120  -19704328.206  30858960   0.00511   0.00456
 277     4.170  -19704325.632  30052440  -0.00352   0.00189
 278     4.180  -19704165.139  31513722  -0.00133  -0.00072
 279     4.150  -19704042.257  31296437  -0.00145   0.00355
 280     4.040  -19704321.235  29339578   0.00381   0.00721
 281     4.060  -19704030.009  30456219  -0.00333   0.00387
 282     4.040  -19704345.447  29926316  -0.00041   0.00307
 283     4.120  -19704054.402  31247440  -0.00396   0.00014
 284     3.990  -19704311.454  31997348  -0.00124  -0.00298
 285     3.870  -19704187.014  31898780   0.00356  -0.00018
 286     4.090  -19704058.497  30932518   0.00066  -0.00037
 287     3.930  -19703981.408  30350089   0.00191   0.00110
 288     4.130  -19704244.327  29203155   0.00026   0.00635
 289     4.250  -19703758.401  33858488  -0.00295  -0.00582
 290     4.110  -19704126.886  33081512   0.00353  -0.00563
 291     4.120  -19703745.594  31111618  -0.00821   0.00216
 292     4.140  -19703965.591  32960419  -0.00060  -0.00656
 293     4.000  -19704080.463  30219015   0.00060   0.00453
 294     4.020  -19704178.078  32323743  -0.00249  -0.00450
 295     4.100  -19704317.361  31226062   0.00453  -0.00147
 296     4.040  -19704111.946  32185995   0.00024  -0.00391
 297     3.940  -19704344.180  30696211   0.00115   0.00272
 298     3.960  -19703878.426  32543301   0.00365  -0.00189
 299     4.010  -19704035.508  33188542  -0.00258  -0.00407
 300     4.050  -19703776.897  33018261  -0.00231  -0.00514
 301     4.050  -19704271.878  29571277  -0.00160   0.00496
 302     4.070  -19704210.619  28119882  -0.00548   0.00969
 303     4.200  -19704143.133  30889516  -0.00140   0.00003
 304     4.090  -19704159.494  31661246  -0.00115  -0.00053
 305     4.220  -19704279.382  30280060   0.00355   0.00230
 306     4.080  -19704120.449  33740154   0.00502  -0.00601
 307     3.960  -19704542.076  29439036   0.00587   0.00604
 308     4.170  -19703783.260  32485944  -0.00134  -0.00297
 309     3.980  -19703909.830  33775560   0.00340  -0.00575
 310     4.140  -19704008.829  32732115  -0.00380  -0.00297
 311     3.830  -19704163.954  29837390  -0.00328   0.00511
 312     4.130  -19704389.510  29330691   0.00032   0.00682
 313     4.210  -19704178.994  31042240  -0.00644   0.00211
 314     4.230  -19704019.960  30257772  -0.00768   0.00182
 315     4.130  -19704021.235  34375013   0.00136  -0.00854
 316     4.140  -19703879.630  31218565  -0.00488   0.00027
 317     4.130  -19704150.301  32104044   0.00151  -0.00242
 318     4.100  -19704485.660  27684264  -0.00118   0.01044
 319     4.090  -19703969.928  32430530   0.00280  -0.00195
 320     4.100  -19703974.502  33995509   0.00098  -0.00620
 321     4.030  -19704342.993  29994837   0.00370   0.00561
 322     3.950  -19704038.546  33069542   0.00099  -0.00441
 323     3.970  -19704168.983  30472351  -0.00331   0.00181
 324     4.310  -19703908.255  30973572  -0.00613  -0.00038
 325     4.220  -19704327.938  29408679   0.00363   0.00648
 326     4.130  -19703773.136  35186469   0.00053  -0.01111
 327     4.080  -19704219.745  29541761   0.00132   0.00531
 328     3.910  -19704114.184  31651551  -0.00194  -0.00133
 329     3.990  -19703961.483  32862880   0.00161  -0.00552
 330     4.210  -19704038.410  31550448  -0.00322  -0.00132
 331     3.910  -19704145.478  30363559  -0.00101   0.00328
 332     3.920  -19704228.449  29855157   0.00232   0.00437
 333     3.920  -19703997.613  33805594   0.00224  -0.00656
 334     4.170  -19704050.476  31019931   0.00120  -0.00114
 335     4.260  -19704214.354  31804286   0.00074  -0.00256
 336     4.120  -19704078.203  33319830   0.00107  -0.00910
 337     3.860  -19704208.490  32914775   0.00291  -0.00630
 338     4.240  -19704172.070  31395147  -0.00549  -0.00162
 339     4.160  -19704139.312  30984248  -0.00160   0.00087
 340     4.010  -19704230.996  31290487   0.00126  -0.00044
 341     3.970  -19703963.758  33060375   0.00175  -0.00257
 342     4.070  -19704131.839  32811046  -0.00172  -0.00604
 343     4.170  -19703918.861  31322450  -0.00411  -0.00046
 344     4.160  -19703991.280  28760028  -0.00187   0.01003
 345     4.130  -19703932.152  32158412  -0.00645  -0.00381
 346     4.170  -19704157.427  29650614  -0.00242   0.00469
 347     4.000  -19704176.415  29793971   0.00594   0.00567
 348     4.000  -19704285.587  29724689  -0.00216   0.00465
 349     4.270  -19704067.722  33900852   0.00555  -0.00871
 350     4.060  -19704041.576  30502842  -0.00014   0.00388
 351     4.100  -19703964.967  32982545   0.00475  -0.00256
 352     4.120  -19704175.660  34309957   0.00169  -0.00907
 353     4.000  -19704051.269  31442971   0.00035  -0.00033
 354     3.970  -19704172.155  32106128   0.00344  -0.00328
 355     4.050  -19703879.376  30869681   0.00434   0.00254
 356     4.000  -19704189.558  31715801   0.00752   0.00114
 357     4.110  -19703704.079  35066843   0.00187  -0.01116
 358     4.200  -19704305.466  30007491  -0.00060   0.00392
 359     3.980  -19703858.522  29552444  -0.00740   0.00692
 360     4.280  -19704118.939  30706402  -0.00116   0.00171
 361     3.950  -19704005.603  31289243   0.00351  -0.00102
 362     4.020  -19704236.417  30988639   0.00321   0.00064
 363     3.930  -19704279.741  29728560   0.00095   0.00642
 364     4.150  -19704424.801  29525518   0.00151   0.00522
 365     4.240  -19704040.655  31189801  -0.00264  -0.00072
 366     4.030  -19704090.549  31337675   0.00183   0.00188
 367     4.010  -19704231.231  31413112   0.00191  -0.00105
 368     4.210  -19704342.402  27021361  -0.00839   0.01144
 369     4.260  -19704054.367  30086487  -0.00544   0.00233
 370     4.100  -19704187.991  30913050  -0.00208   0.00341
 371     4.170  -19704205.393  30301984  -0.00281   0.00191
 372     4.130  -19704307.302  30139650   0.00151   0.00431
 373     4.150  -19704080.636  30316091  -0.00080   0.00270
 374     3.980  -19704107.798  34806151   0.00554  -0.00964
 375     3.980  -19704342.178  30533568   0.00131   0.00312
 376     4.050  -19703795.572  35246106  -0.00235  -0.01278
 377     3.910  -19703788.555  32614036  -0.00890  -0.00403
 378     3.970  -19704215.972  32003073   0.00581   0.00040
 379     3.930  -19704303.681  32766650  -0.00031  -0.00559
 380     4.190  -19704178.389  31543075   0.00194  -0.00086
 381     4.200  -19703853.081  32195793  -0.00650  -0.00543
 382     4.050  -19704069.749  32367885   0.00009  -0.00542
 383     4.030  -19704517.935  29834320  -0.00107   0.00455
 384     4.100  -19704128.991  32410824   0.00616  -0.00270
 385     4.050  -19704476.788  29560941  -0.00139   0.00343
 386     4.180  -19704033.337  32609442   0.00302  -0.00414
 387     4.230  -19704309.886  30156652   0.00049   0.00287
 388     4.170  -19704230.593  29665896  -0.00347   0.00292
 389     4.190  -19703916.580  33622120   0.00221  -0.00675
 390     4.040  -19704160.835  30882446   0.00066   0.00231
 391     4.250  -19704081.417  32669970   0.00717  -0.00588
 392     4.190  -19703826.312  31867320  -0.00339  -0.00552
 393     4.240  -19704125.064  32416927  -0.00052  -0.00357
 394     4.120  -19703995.472  32553727  -0.00126  -0.00553
 395     4.200  -19704031.458  33313351  -0.00091  -0.00658
 396     4.030  -19704086.456  33489191   0.00550  -0.00294
 397     4.010  -19704258.857  29879598   0.00575   0.00334
 398     4.180  -19704194.896  32405895   0.00249  -0.00359
 399     4.200  -19703823.759  32575749  -0.00395  -0.00377
 400     4.150  -19704130.300  29165549   0.00154   0.00756
 401     4.220  -19704048.047  32306575  -0.00755  -0.00009
 402     3.950  -19704214.811  31103830   0.00049  -0.00033
 403     4.130  -19703974.300  32733760   0.00599  -0.00575
 404     4.040  -19704234.940  31844546  -0.00097  -0.00010
 405     4.160  -19703989.255  31562052  -0.00444  -0.00031
 406     4.160  -19703851.560  31090195  -0.00693   0.00142
 407     4.140  -19704294.780  29012678  -0.00981   0.00593
 408     4.170  -19704053.493  30778777  -0.00612   0.00206
 409     4.130  -19704228.323  31945603   0.00026  -0.00140
 410     4.120  -19704138.229  34319774   0.00095  -0.00956
 411     4.140  -19704233.675  29797626   0.00597   0.00527
 412     3.850  -19704383.062  30254497   0.00274   0.00330
 413     4.030  -19704264.331  30834510  -0.00202   0.00213
 414     4.140  -19703829.332  30736967  -0.00217   0.00318
 415     3.950  -19704006.026  31347552   0.00083  -0.00076
 416     4.210  -19703884.188  30336953   0.00071   0.00107
 417     4.090  -19704076.554  30804243  -0.00267   0.00194
 418     4.080  -19703791.031  31048445  -0.00275  -0.00103
 419     3.930  -19704150.330  29372441  -0.00844   0.00533
 420     4.030  -19704003.617  31216226   0.00174   0.00078
 421     4.210  -19703984.861  29285013  -0.00066   0.00623
 422     4.060  -19704573.192  28108971   0.00249   0.00971
 423     4.000  -19704285.050  32347782   0.00449   0.00125
 424     4.140  -19703906.888  30775251  -0.01284  -0.00110
 425     4.240  -19704339.676  30563012   0.00195   0.00251
 426     4.090  -19704063.919  32904879   0.00709  -0.00235
 427     4.080  -19703776.745  32051047  -0.00392  -0.00321
 428     4.160  -19703900.851  30111978  -0.00122   0.00367
 429     4.070  -19704392.125  30488265   0.00883   0.00222
 430     4.020  -19704270.452  30099573  -0.00021   0.00413
 431     3.970  -19704334.266  29679295   0.00487   0.00710
 432     4.180  -19704185.908  30033360  -0.00377   0.00340
 433     3.970  -19704256.577  31450162   0.00133  -0.00095
 434     4.080  -19704215.307  32118314  -0.00159  -0.00204
 435     4.090  -19704373.739  30974494   0.00632   0.00214
 436     3.970  -19704189.880  34073716   0.00784  -0.00794
 437     3.940  -19704361.785  30801168   0.00080   0.00015
 438     4.160  -19704413.527  30381848   0.00357   0.00209
 439     4.110  -19704168.071  34466506   0.00179  -0.00942
 440     4.020  -19704362.702  29827980   0.00473   0.00504
 441     4.000  -19704328.862  29814547   0.00570   0.00472
 442     4.150  -19703974.359  32794882  -0.00772  -0.00398
 443     4.010  -19703947.477  31554595  -0.00224  -0.00156
 444     4.030  -19704025.186  30020628  -0.00338   0.00302
 445     4.020  -19704426.871  27515827  -0.00139   0.01160
 446     3.960  -19703898.943  33053388   0.00327  -0.00716
 447     4.010  -19704219.853  31359940  -0.00180   0.00016
 448     4.130  -19704358.138  30295509   0.00325   0.00300
 449     4.040  -19704155.234  31789873   0.00506  -0.00131
 450     3.900  -19704265.498  29602203   0.00516   0.00602
 451     4.060  -19704207.557  29654306  -0.00358   0.00296
 452     4.160  -19704116.261  32267070   0.00394  -0.00388
 453     4.220  -19704035.610  29775337  -0.00522   0.00396
 454     4.130  -19704461.342  30136765  -0.00332   0.00178
 455     3.860  -19704189.683  33133475   0.00426  -0.00556
 456     4.100  -19704139.658  30640227   0.00243   0.00101
 457     3.980  -19704329.211  30007194   0.00270   0.00481
 458     4.080  -19704005.665  29715102  -0.00230   0.00267
 459     3.930  -19703889.605  31477904  -0.00451  -0.00003
 460     3.980  -19704138.376  31842140  -0.00088  -0.00318
 461     3.950  -19704299.139  30905655   0.00343   0.00185
 462     4.000  -19704227.773  31050796   0.00881   0.00061
 463     4.210  -19703908.692  30428561  -0.00842   0.00443
 464     4.140  -19703915.932  32393131  -0.00716  -0.00318
 465     3.990  -19704309.952  31905935  -0.00263  -0.00253
 466     4.000  -19704354.889  29447627   0.00661   0.00519
 467     3.950  -19703721.523  33133057   0.00207  -0.00408
 468     3.950  -19704467.494  30593812   0.00924   0.00253
 469     4.000  -19704248.699  30962205   0.00309   0.00151
 470     4.070  -19704027.046  32717174   0.00398  -0.00324
 471     4.060  -19704452.517  28859813   0.00322   0.00643
 472     4.210  -19703945.916  31792943   0.00123  -0.00115
 473     3.850  -19704269.865  32641037  -0.00104  -0.00298
 474     4.150  -19704186.456  29375934   0.00193   0.00530
 475     3.890  -19704312.306  30450087   0.00345   0.00227
 476     4.200  -19703959.335  31769573   0.00032  -0.00082
 477     4.240  -19703848.128  31969905  -0.01081  -0.00168
 478     4.070  -19704097.726  32881454   0.00100  -0.00395
 479     3.970  -19704163.639  30703069   0.00389   0.00248
 480     4.170  -19704138.785  31534980   0.00355  -0.00154
 481     3.860  -19704149.515  31704457   0.00376   0.00092
 482     4.140  -19704238.381  28745914  -0.01455   0.00765
 483     4.010  -19704166.450  31359055   0.00344   0.00053
 484     4.090  -19704478.890  26637713  -0.00642   0.01448
 485     4.140  -19704300.465  29296479   0.00199   0.00982
 486     4.190  -19704206.731  31999304   0.00468  -0.00139
 487     4.200  -19703545.768  33208227  -0.00000  -0.00718
 488     4.250  -19704076.971  31748192  -0.00478   0.00026
 489     4.050  -19704170.720  30532746   0.00349   0.00339
 490     4.000  -19704218.369  28450698   0.00051   0.00978
 491     4.020  -19704032.853  32507024   0.00620  -0.00175
 492     4.020  -19704009.133  29459622  -0.00260   0.00627
 493     4.160  -19703872.832  34147415   0.00227  -0.00794
 494     4.160  -19704148.424  31238858  -0.00042   0.00146
 495     3.950  -19704074.214  32985634   0.00160  -0.00676
 496     4.090  -19703983.184  32360766   0.00207  -0.00165
 497     4.050  -19704060.479  30478601  -0.00129   0.00146
 498     4.220  -19704082.386  29663945  -0.00561   0.00411
 499     4.140  -19703876.368  33705560   0.00068  -0.00568
 500     4.150  -19703983.854  31887266  -0.00980  -0.00324
 501     4.170  -19704277.999  29931901  -0.00293   0.00309
 502     4.060  -19704449.703  28955171  -0.00141   0.00493
 503     4.290  -19703933.244  35002427   0.00054  -0.01341
 504     4.120  -19704013.276  31062843  -0.00827  -0.00301
 505     4.020  -19704152.157  30758918   0.00118   0.00145
 506     4.030  -19704065.449  29785179  -0.00472   0.00616
 507     4.060  -19703933.709  29338449  -0.00449   0.00571
 508     4.060  -19703885.968  32982565   0.00174  -0.00558
 509     3.950  -19704042.697  31031720   0.00069   0.00350
 510     3.920  -19703965.239  33055122  -0.00056  -0.00367
 511     3.920  -19704289.108  33694443   0.00364  -0.00882
 512     4.030  -19704214.513  31421726   0.01094  -0.00262
 513     4.000  -19704202.638  30486226   0.00342   0.00377
 514     4.080  -19703947.013  31964327  -0.00192  -0.00117
 515     4.090  -19704566.094  29473356   0.00544   0.00535
 516     4.150  -19704252.728  31952465   0.00466  -0.00184
 517     4.040  -19704146.053  32081631  -0.00448  -0.00167
 518     3.970  -19703992.539  33357225  -0.00127  -0.00598
 519     4.100  -19703937.138  32948834  -0.00306  -0.00562
 520     4.060  -19704090.139  29700259  -0.00847   0.00699
 521     3.980  -19704328.840  29590542   0.00555   0.00621
 522     4.070  -19704172.603  33492567   0.00869  -0.00571
 523     4.180  -19704419.491  30159158   0.00035   0.00231
 524     4.040  -19704074.980  32084399   0.00392  -0.00138
 525     4.200  -19703762.804  33742484   0.00307  -0.00854
 526     4.100  -19703767.110  33865701   0.00490  -0.00895
 527     4.000  -19704403.515  29669770  -0.00388   0.00301
 528     4.100  -19704379.766  32332086   0.00765  -0.00317
 529     4.220  -19704121.668  29629817  -0.00318   0.00502
 530     4.200  -19704383.051  31382360   0.00475  -0.00006
 531     4.110  -19704217.170  34245480   0.00877  -0.00831
 532     4.170  -19704174.389  28785255   0.00207   0.00626
 533     4.000  -19704409.704  31691459   0.01071  -0.00086
 534     4.130  -19704218.614  33072461   0.00827  -0.00611
 535     3.950  -19704067.806  32252458   0.00006  -0.00298
 536     4.020  -19704133.222  32670478   0.00278  -0.00401
 537     4.040  -19704114.063  32059175   0.00680  -0.00108
 538     4.030  -19704218.603  32396411   0.00297  -0.00344
 539     4.140  -19703675.631  31348441  -0.01029   0.00075
 540     4.130  -19703759.362  32913884  -0.00573  -0.00728
 541     3.880  -19703909.462  32602349  -0.00483  -0.00456
 542     4.020  -19704322.344  32060209  -0.00193  -0.00528
 543     3.930  -19703932.589  31430240  -0.00091  -0.00147
 544     4.140  -19704169.567  29029654  -0.01073   0.00585
 545     4.240  -19703992.264  29452597  -0.00899   0.00577
 546     4.020  -19704222.989  31569959   0.00339  -0.00124
 547     4.140  -19704029.368  32167978  -0.00112  -0.00205
 548     4.020  -19704060.283  30858804   0.00087   0.00155
 549     4.130  -19703874.567  34352759   0.00083  -0.01079
 550     4.150  -19703905.013  30963999   0.00005   0.00277
 551     4.120  -19703959.975  30543370  -0.00470   0.00470
 552     4.040  -19704088.421  33497376   0.00089  -0.00604
 553     4.140  -19704139.682  34183615   0.00364  -0.01167
 554     4.010  -19704214.646  30841941   0.00524   0.00112
 555     4.040  -19704101.044  31637335  -0.00542  -0.00216
 556     4.110  -19703968.012  31720121  -0.00299  -0.00065
 557     3.990  -19704195.843  31207671  -0.00035  -0.00010
 558     4.080  -19704054.702  31395024  -0.00020  -0.00138
 559     4.110  -19704042.185  33455099   0.00202  -0.00702
 560     4.010  -19704076.097  32126391  -0.00155  -0.00210
 561     4.140  -19704093.925  32235653  -0.00114  -0.00482
 562     4.120  -19704032.278  31469302  -0.00433  -0.00056
 563     4.110  -19704377.505  29124838   0.00185   0.00685
 564     4.110  -19704054.500  32975668  -0.00408  -0.00290
 565     4.000  -19703863.960  31416039  -0.00063  -0.00056
 566     4.150  -19704093.445  29379655  -0.00679   0.00590
 567     4.030  -19704056.683  31059754   0.00339   0.00147
 568     3.960  -19704301.758  29067458   0.00134   0.00634
 569     4.220  -19704141.427  31222495   0.00116   0.00569
 570     4.020  -19703885.119  31789794  -0.00380   0.00068
 571     4.030  -19704101.556  31997318   0.00271  -0.00231
 572     4.210  -19703993.272  33257894  -0.00032  -0.00554
 573     4.110  -19703845.630  31629282  -0.00708  -0.00131
 574     4.120  -19704106.779  33565513   0.00359  -0.00649
 575     4.130  -19704427.108  28362553   0.00086   0.00959
 576     3.960  -19704426.769  28361198   0.00100   0.00957
 577     4.130  -19704387.087  30185381   0.00435   0.00468
 578     4.090  -19704434.317  27728990   0.00522   0.01019
 579     4.100  -19703965.915  31455481   0.00025   0.00057
 580     4.220  -19703780.329  32520170   0.00122  -0.00372
 581     3.970  -19704287.381  31287319   0.00419   0.00047
 582     4.120  -19704144.086  29265070  -0.00434   0.00340
 583     4.080  -19704164.038  31866156   0.00190   0.00078
 584     4.130  -19703990.586  34039530   0.00231  -0.00665
 585     4.200  -19704010.474  32882982  -0.00068  -0.00705
 586     4.210  -19704102.053  31355355  -0.00346  -0.00061
 587     4.040  -19704035.703  32432885  -0.00185  -0.00152
 588     4.210  -19704055.238  32856020  -0.00105  -0.00285
 589     4.210  -19704367.326  31477131   0.00305  -0.00160
 590     4.200  -19704148.354  33344890  -0.00051  -0.00535
 591     4.050  -19703999.234  31025643  -0.00597   0.00145
 592     4.150  -19704176.621  31365904   0.00291   0.00004
 593     4.300  -19704249.724  28203179   0.00170   0.00934
 594     4.080  -19704474.921  29405106   0.00208   0.00569
 595     4.100  -19704335.884  29687010   0.00273   0.00517
 596     4.100  -19704269.046  28368961  -0.00523   0.00917
 597     4.200  -19703784.592  32134219  -0.00421  -0.00462
 598     3.920  -19704136.877  33169774   0.00104  -0.00626
 599     4.270  -19704201.192  30675211   0.00180   0.00070
 600     3.890  -19704284.725  31428971   0.00389  -0.00141
 601     3.960  -19704032.702  28443712  -0.00577   0.01034
 602     4.370  -19703744.392  34300512   0.00222  -0.00826
 603     4.000  -19704117.803  31204194   0.00304  -0.00033
 604     4.210  -19704185.150  32398669   0.00165  -0.00306
 605     4.160  -19703799.500  31402368  -0.00738   0.00101
 606     3.950  -19704211.680  31779522  -0.00068  -0.00090
 607     4.040  -19704112.943  30296906   0.00226   0.00498
 608     4.220  -19704052.463  33590040   0.00464  -0.00634
 609     4.040  -19704084.118  32712453   0.00156  -0.00649
 610     4.140  -19704157.395  31015520   0.00530   0.00185
 611     4.050  -19704086.497  30062319  -0.00420   0.00251
 612     4.220  -19704197.397  30348210   0.00522   0.00353
 613     4.300  -19703923.200  33187097   0.00065  -0.00371
 614     4.320  -19704019.273  30623801  -0.00478   0.00137
 615     4.000  -19704379.982  34074554   0.00197  -0.00864
 616     4.090  -19704053.492  29571989  -0.00368   0.00355
 617     4.040  -19704067.665  35399188   0.00550  -0.01192
 618     4.120  -19704069.240  31910766   0.00683  -0.00078
 619     4.140  -19704046.948  32015287   0.00113  -0.00281
 620     3.950  -19704212.640  30785897   0.00042   0.00268
 621     4.070  -19704295.043  29434934  -0.00648   0.00559
 622     4.180  -19703921.954  31884275  -0.00046   0.00048
 623     4.070  -19704029.562  29928625  -0.00172   0.00466
 624     4.100  -19704550.488  29837404   0.00312   0.00534
 625     4.040  -19704158.417  30505523   0.00010   0.00246
 626     4.030  -19703953.657  31004970  -0.00653   0.00087
 627     3.840  -19704363.340  31999600   0.00512  -0.00036
 628     3.950  -19704155.312  31419162  -0.00034   0.00084
 629     4.070  -19703895.586  33555273   0.00300  -0.00942
 630     4.170  -19703998.763  33040985  -0.00010  -0.00630
 631     4.200  -19704177.558  27105378  -0.00462   0.01135
 632     4.170  -19704052.164  29696786  -0.00051   0.00500
 633     4.130  -19704333.110  30212171  -0.00080   0.00390
 634     4.110  -19704170.567  30656716   0.00072   0.00055
 635     4.110  -19704149.303  30803799  -0.00076   0.00438
 636     4.010  -19704331.702  28218803   0.00038   0.00985
 637     4.110  -19703876.115  30742141  -0.00385   0.00369
 638     4.060  -19704118.026  30067623   0.00031   0.00534
 639     4.060  -19703789.317  32572419  -0.00473  -0.00429
 640     3.890  -19704331.794  33729365   0.00552  -0.00545
 641     4.060  -19703822.346  32224744  -0.00431  -0.00299
 642     4.190  -19704180.780  29762232  -0.00007   0.00435
 643     4.060  -19704151.869  30114437  -0.00394   0.00358
 644     4.240  -19704079.570  32256344   0.00004  -0.00472
 645     4.170  -19704309.175  31710098   0.00469  -0.00239
 646     4.170  -19704314.252  28809905   0.00509   0.00817
 647     4.030  -19703894.906  32146072  -0.00079   0.00207
 648     4.110  -19703961.009  32212346  -0.00479  -0.00623
 649     4.140  -19704147.487  28809660  -0.00670   0.00783
 650     4.100  -19704140.515  32038167  -0.00268   0.00006
 651     4.030  -19704374.544  27281452  -0.00339   0.01258
 652     4.200  -19703841.491  30919733  -0.00867   0.00166
 653     4.250  -19703976.691  31332973  -0.00336  -0.00021
 654     4.130  -19704052.695  31620971  -0.00687  -0.00195
 655     4.020  -19704432.407  29849807  -0.00053   0.00672
 656     3.990  -19703890.523  31992872   0.00290  -0.00286
 657     4.080  -19703890.543  31750672  -0.00208   0.00036
 658     3.890  -19704209.117  32881344   0.00178  -0.00468
 659     4.020  -19703918.617  32601996   0.00028  -0.00335
 660     4.030  -19704026.353  31573606  -0.00514  -0.00141
 661     4.110  -19704353.539  30035936   0.00054   0.00364
 662     4.020  -19703742.518  33710422  -0.01131  -0.00777
 663     3.970  -19703904.919  33173977   0.00528  -0.00633
 664     4.170  -19703961.957  32046402   0.00368  -0.00225
 665     3.980  -19704118.169  31097715  -0.00247   0.00258
 666     4.070  -19704049.944  30812196   0.00058   0.00194
 667     3.910  -19704443.826  31713207   0.00763   0.00061
 668     3.950  -19704530.553  29206176   0.00155   0.00490
 669     4.240  -19704213.284  30024884  -0.00260   0.00127
 670     4.000  -19704328.767  27757091  -0.00401   0.00961
 671     4.040  -19704125.273  32810518   0.00395  -0.00389
 672     3.950  -19703944.629  30159091  -0.00381   0.00156
 673     4.310  -19703902.437  31884778  -0.00259  -0.00029
 674     4.300  -19704236.682  28286475  -0.00290   0.00948
 675     3.980  -19704074.989  33059830   0.00644  -0.00357
 676     4.020  -19704203.751  34283329   0.00993  -0.00897
 677     3.880  -19704189.044  30328951   0.00819   0.00230
 678     4.040  -19704103.743  31648705  -0.00144   0.00070
 679     4.040  -19703914.823  33444062  -0.00245  -0.00483
 680     3.970  -19703488.516  33716663  -0.00782  -0.00661
 681     4.000  -19704165.608  32230011   0.00418  -0.00200
 682     4.070  -19703954.104  30149859  -0.00526   0.00143
 683     4.170  -19704047.368  34442576   0.00607  -0.01051
 684     4.050  -19703991.825  30346430  -0.00772   0.00490
 685     4.070  -19704525.709  28242354   0.00151   0.01052
 686     3.970  -19703929.512  30643902  -0.00334   0.00180
 687     4.250  -19703882.478  29170802   0.00056   0.00583
 688     4.100  -19703680.186  33107722  -0.00112  -0.00780
 689     4.100  -19704080.733  33581730   0.00637  -0.00649
 690     4.150  -19704003.996  32254636  -0.00119  -0.00306
 691     3.990  -19704394.417  30603261  -0.00352  -0.00053
 692     4.150  -19703917.598  32483577  -0.00300  -0.00283
 693     3.990  -19703861.091  33285659  -0.00472  -0.00610
 694     4.300  -19704004.843  32047597  -0.00379  -0.00234
 695     4.220  -19703846.848  30863296   0.00041   0.00036
 696     4.160  -19704323.977  31392661   0.00349  -0.00011
 697     4.180  -19704111.958  34195840   0.00245  -0.00901
 698     3.930  -19704259.993  30560201   0.00322   0.00212
 699     4.100  -19703886.988  33060419  -0.00430  -0.00658
 700     4.000  -19703975.600  31669398   0.00325  -0.00091
 701     4.150  -19703983.858  32732676  -0.00063  -0.00416
 702     4.120  -19703923.843  31173509  -0.00406   0.00164
 703     4.060  -19704084.370  29638789  -0.00118   0.00749
 704     4.070  -19703991.128  33091081   0.00049  -0.00453
 705     4.210  -19704065.696  30808039   0.00334   0.00253
 706     4.040  -19703961.100  31638646   0.00021  -0.00047
 707     3.960  -19704157.524  31486068   0.00109   0.00056
 708     4.020  -19704246.295  30007680  -0.00070   0.00313
 709     4.230  -19703806.687  32016489   0.00033  -0.00314
 710     4.070  -19704092.182  31587144   0.00098  -0.00093
 711     4.040  -19704191.672  31111007   0.00041   0.00166
 712     4.050  -19704107.944  31665805   0.00404  -0.00097
 713     3.990  -19704005.337  33896394   0.00012  -0.00742
 714     4.110  -19704027.636  33305622  -0.00078  -0.00397
 715     4.000  -19704291.135  30269456   0.00353   0.00568
 716     4.120  -19703898.096  33220051  -0.00009  -0.00472
 717     4.000  -19704189.886  32782738   0.00208  -0.00412
 718     4.010  -19704212.732  33191616   0.01070  -0.00635
 719     4.120  -19704145.327  30411113  -0.00247   0.00151
 720     4.170  -19704168.353  29430423  -0.01192   0.00699
 721     4.140  -19703902.023  29680213  -0.00228   0.00406
 722     3.980  -19703955.398  33273061   0.00649  -0.00669
 723     4.020  -19704222.121  29991801   0.00066   0.00296
 724     4.020  -19704075.543  33900033   0.00068  -0.00851
 725     3.770  -19704196.138  32439311   0.01321  -0.00257
 726     3.960  -19704330.885  29223743  -0.00505   0.00610
 727     4.090  -19703783.803  30074225  -0.00503   0.00355
 728     4.210  -19704119.736  31295136   0.00292   0.00089
 729     4.160  -19704050.256  33148076   0.00098  -0.00369
 730     4.020  -19703993.014  29546997   0.00131   0.00447
 731     4.250  -19703961.930  29179701  -0.00519   0.00445
 732     3.990  -19704049.843  33506681   0.00668  -0.00577
 733     3.990  -19703824.755  32729741  -0.00425  -0.00377
 734     4.130  -19703969.076  34779998   0.00410  -0.00914
 735     4.110  -19704127.207  29264019   0.00187   0.00565
 736     4.090  -19703966.095  31121561  -0.00420  -0.00116
 737     4.030  -19703930.479  33271593  -0.00186  -0.00548
 738     3.960  -19704086.416  32177114  -0.00260  -0.00085
 739     3.910  -19704086.141  32608282   0.00216  -0.00387
 740     4.080  -19703712.252  34451765  -0.00479  -0.00789
 741     4.010  -19704042.718  31531788  -0.00120   0.00009
 742     4.230  -19704190.675  31408360  -0.00091  -0.00339
 743     3.990  -19704047.771  33369249   0.00089  -0.00452
 744     4.080  -19703907.195  32618622  -0.00406  -0.00558
 745     4.000  -19703999.027  29567522  -0.00234   0.00575
 746     4.040  -19703992.345  32221887   0.00503  -0.00033
 747     4.130  -19703839.180  33274108  -0.00041  -0.00669
 748     3.920  -19704015.373  32571842  -0.00350  -0.00356
 749     4.020  -19703656.681  33779469  -0.00099  -0.00698
 750     4.150  -19703792.353  33325485  -0.00394  -0.00642
 751     4.250  -19704054.022  33299299   0.00282  -0.00479
 752     3.950  -19704161.185  32274410   0.00071  -0.00268
 753     4.340  -19703903.513  32563695  -0.00070  -0.00551
 754     4.020  -19704137.133  31639156   0.00306   0.00195
 755     3.990  -19704252.048  29075670  -0.00419   0.00688
 756     4.110  -19704254.462  30372847   0.00009   0.00178
 757     4.080  -19704098.084  31270764   0.00132   0.00136
 758     4.070  -19704116.198  29968523   0.00210   0.00394
 759     4.060  -19704131.466  31160710  -0.00567   0.00105
 760     4.100  -19704316.273  30525195   0.00599   0.00246
 761     4.230  -19704052.299  31183547  -0.00379  -0.00062
 762     4.210  -19704252.074  31831405   0.00670   0.00002
 763     4.030  -19704115.877  30006085  -0.00231   0.00470
 764     4.090  -19704193.364  31217530  -0.00002   0.00035
 765     4.070  -19704066.018  31516903  -0.00003  -0.00014
 766     4.170  -19704450.316  29194794   0.00452   0.00646
 767     4.120  -19703975.643  32033307  -0.00517  -0.00209
 768     4.010  -19703666.981  34262594  -0.00566  -0.00671
 769     4.260  -19704334.872  29666688  -0.00113   0.00537
 770     4.100  -19704395.619  28158154   0.00720   0.00965
 771     4.070  -19704081.311  29678717  -0.00079   0.00380
 772     3.970  -19704051.321  29639166  -0.00296   0.00436
 773     3.850  -19703693.754  32661122   0.00032  -0.00488
 774     4.080  -19704063.748  32524741  -0.00212  -0.00155
 775     4.030  -19704059.484  29149078   0.00062   0.00718
 776     4.190  -19704087.067  30190605   0.00196   0.00346
 777     4.130  -19704132.140  32315863   0.00436  -0.00407
 778     4.010  -19704169.133  30449271   0.00682   0.00406
 779     4.120  -19704205.181  29788114   0.00377   0.00520
 780     4.090  -19703878.777  31947270  -0.00021  -0.00092
 781     4.290  -19703978.497  32723154  -0.00241  -0.00523
 782     4.140  -19704218.565  29024139  -0.00348   0.00658
 783     4.110  -19703753.328  33531577   0.00520  -0.00527
 784     4.300  -19703913.896  29769340  -0.00779   0.00343
 785     4.080  -19704205.552  29919035  -0.00709   0.00357
 786     4.100  -19704060.438  31039180  -0.00574   0.00036
 787     4.170  -19703445.295  33448378  -0.01299  -0.00936
 788     4.150  -19704005.222  31247035  -0.00383   0.00073
 789     4.100  -19704266.442  29817225  -0.00196   0.00379
 790     4.090  -19703921.972  30523982  -0.00326   0.00126
 791     3.890  -19704011.061  34627001   0.00760  -0.00817
 792     4.180  -19704435.868  29757210   0.00221   0.00469
 793     4.160  -19703788.910  35379940   0.00299  -0.01316
 794     4.050  -19704000.288  32604340   0.00326  -0.00279
 795     4.110  -19704006.361  32069339   0.00044  -0.00190
 796     4.230  -19704092.425  29689525  -0.00509   0.00512
 797     4.070  -19704045.114  31784471   0.00239  -0.00167
 798     4.420  -19704104.040  29390563  -0.00997   0.00605
 799     3.970  -19704254.346  31738842  -0.00172  -0.00091
 800     4.090  -19703798.682  31771597  -0.00388   0.00025
 801     4.110  -19703902.652  34622184  -0.00228  -0.01195
 802     4.090  -19703999.452  32197307  -0.00574  -0.00268
 803     4.190  -19704216.177  30672057  -0.00116   0.00107
 804     4.060  -19704049.483  32852870   0.00426  -0.00284
 805     4.090  -19703965.401  33098979  -0.00419  -0.00429
 806     4.140  -19704138.263  29589279  -0.00696   0.00559
 807     4.130  -19704337.804  29814683  -0.00172   0.00462
 808     3.970  -19704162.582  31315819   0.00378  -0.00042
 809     4.070  -19703964.403  34053073   0.00434  -0.00718
 810     4.040  -19703753.857  33045871  -0.00181  -0.00496
 811     4.080  -19704058.243  29088777   0.00099   0.00897
 812     4.030  -19703629.143  30501816  -0.00493   0.00230
 813     4.050  -19704086.876  31563617   0.00049   0.00101
 814     4.140  -19703836.206  32841620  -0.00301  -0.00588
 815     4.220  -19704309.168  29287904   0.00267   0.00607
 816     4.150  -19704122.676  32948542   0.00370  -0.00250
 817     4.210  -19704205.919  28357618  -0.00267   0.00724
 818     4.020  -19704051.637  31642120   0.00231  -0.00357
 819     4.090  -19704021.952  33766311   0.00297  -0.00766
 820     3.990  -19704004.098  30426033  -0.00216   0.00344
 821     4.150  -19703902.772  32663103   0.00113  -0.00400
 822     3.960  -19704146.159  32037996  -0.00320  -0.00242
 823     3.970  -19704082.508  32544498   0.00341  -0.00444
 824     4.050  -19703987.535  32491734  -0.00522  -0.00326
 825     4.230  -19703833.389  29861186  -0.00548   0.00365
 826     4.200  -19703792.149  33675084   0.00397  -0.00542
 827     3.890  -19704344.943  29726820   0.00384   0.00442
 828     4.140  -19704281.211  29836986   0.00051   0.00413
 829     4.010  -19703832.196  34909478  -0.00386  -0.01345
 830     4.050  -19703978.240  34604300   0.00270  -0.01019
 831     3.960  -19704156.934  31956635   0.00351   0.00052
 832     3.980  -19704047.532  31474001  -0.00315   0.00169
 833     3.910  -19704141.624  29960735   0.00270   0.00372
 834     4.030  -19703961.357  31178703  -0.00391   0.00142
 835     4.000  -19704171.211  32931000   0.00551  -0.00455
 836     4.070  -19704264.302  32007202   0.00226  -0.00245
 837     4.000  -19703976.370  28744356  -0.00277   0.00656
 838     3.890  -19703820.300  35903804   0.00550  -0.01541
 839     4.120  -19704073.705  31285900   0.00137  -0.00114
 840     4.190  -19704271.916  31659790   0.00112  -0.00035
 841     4.010  -19704239.183  33767697   0.00137  -0.00697
 842     4.130  -19704253.132  28942179  -0.00222   0.00599
 843     4.030  -19704183.659  30477685   0.00332   0.00201
 844     3.920  -19703862.196  32331189  -0.00296  -0.00227
 845     4.060  -19704116.356  28500559   0.00222   0.00907
 846     4.120  -19704233.423  31095299  -0.00159   0.00153
 847     4.160  -19704260.965  28534212   0.00232   0.00861
 848     4.040  -19704131.617  29951698   0.00543   0.00504
 849     4.000  -19704172.646  31739929  -0.00130  -0.00099
 850     3.950  -19704293.429  33474221   0.00519  -0.00700
 851     4.120  -19704307.791  29937769  -0.00383   0.00594
 852     3.970  -19703838.328  34677429  -0.00587  -0.00724
 853     3.970  -19704200.644  33269021  -0.00089  -0.00509
 854     4.090  -19704008.605  29657541  -0.00031   0.00540
 855     4.030  -19704423.266  29356102   0.00529   0.00471
 856     3.890  -19704323.832  30824698  -0.00032   0.00069
 857     4.350  -19703724.061  32848446  -0.00547  -0.00388
 858     4.170  -19704128.427  32964847   0.00592  -0.00758
 859     4.090  -19704125.383  32682081   0.00349  -0.00315
 860     4.240  -19704030.632  31033602  -0.00681  -0.00071
 861     4.040  -19704076.178  29552025  -0.00174   0.00464
 862     3.980  -19704133.062  31184223   0.00249   0.00213
 863     4.070  -19704107.895  30952910  -0.00293   0.00187
 864     4.020  -19703867.639  30770181  -0.00418   0.00315
 865     3.930  -19704132.874  32777608   0.00399  -0.00324
 866     4.000  -19704100.605  31387616  -0.00097  -0.00043
 867     3.980  -19704016.307  32945529  -0.00243  -0.00317
 868     3.940  -19703883.080  33164240   0.00274  -0.00459
 869     4.170  -19703924.716  34023289   0.00040  -0.00911
 870     4.040  -19704337.882  28122936  -0.00051   0.01011
 871     4.060  -19704200.228  30225213   0.00393   0.00314
 872     4.160  -19704340.101  28332832  -0.00861   0.00837
 873     4.090  -19704132.470  30509870   0.00116   0.00301
 874     4.090  -19704326.280  29805353   0.00486   0.00697
 875     3.920  -19704240.544  30873501  -0.00187  -0.00073
 876     4.150  -19704131.009  30107343  -0.00429   0.00282
 877     4.030  -19704245.430  31246063   0.00684  -0.00199
 878     4.290  -19703859.548  30228546  -0.00082   0.00106
 879     4.240  -19704175.527  30482412  -0.00043   0.00155
 880     4.150  -19703959.278  31683246  -0.00534  -0.00173
 881     4.160  -19704197.940  28503394  -0.00838   0.00902
 882     4.100  -19704076.441  32303825   0.00650  -0.00279
 883     4.270  -19704301.066  31034993   0.00291   0.00023
 884     4.040  -19704135.557  32819471   0.01139  -0.00346
 885     4.260  -19704081.804  30991007   0.00141   0.00139
 886     4.210  -19704077.736  30195534  -0.00189   0.00600
 887     4.240  -19703918.033  30684016  -0.00338   0.00211
 888     4.140  -19704080.520  30376169  -0.00744   0.00110
 889     4.010  -19704044.228  30935825  -0.00135  -0.00015
 890     4.120  -19704282.586  29526542   0.00045   0.00551
 891     4.020  -19703989.603  34234735   0.00415  -0.00822
 892     4.040  -19704443.282  29694788   0.00205   0.00489
 893     4.070  -19704081.683  33069933   0.00463  -0.00430
 894     4.130  -19704079.040  29940345   0.00149   0.00303
 895     4.140  -19704210.740  33046401   0.00483  -0.00440
 896     4.150  -19704053.836  32313889  -0.00049  -0.00241
 897     4.090  -19703612.886  31784165  -0.00291  -0.00047
 898     4.230  -19704046.145  29516445   0.00100   0.00570
 899     4.170  -19704042.907  31239372   0.00292   0.00184
 900     4.120  -19703860.285  31836425  -0.00258  -0.00063
 901     3.980  -19703891.517  31431835  -0.00237   0.00070
 902     4.020  -19704053.362  30609212  -0.00424   0.00413
 903     4.070  -19704226.992  29995055   0.00042   0.00317
 904     4.160  -19704361.828  30281272   0.00091   0.00146
 905     4.150  -19704137.938  29878051  -0.00571   0.00453
 906     4.000  -19704300.192  30405853  -0.00726   0.00284
 907     4.080  -19704480.041  28820711   0.00286   0.00682
 908     4.120  -19703953.172  32514967  -0.00446  -0.00503
 909     4.170  -19703918.097  32463433  -0.00572  -0.00275
 910     4.110  -19704286.430  32011041   0.00025  -0.00420
 911     4.050  -19704087.701  31560236   0.00321   0.00023
 912     3.990  -19704090.912  31970876   0.00524  -0.00368
 913     3.960  -19703964.957  31930380  -0.00042   0.00032
 914     4.230  -19704144.258  29217176   0.00165   0.00551
 915     4.030  -19704060.381  32516420   0.00513  -0.00344
 916     4.140  -19704069.678  31052441   0.00244  -0.00127
 917     4.040  -19704177.042  32247655   0.00778  -0.00373
 918     4.050  -19704139.695  30470127   0.00115   0.00295
 919     4.050  -19703845.156  30029487  -0.00264   0.00342
 920     4.080  -19704210.756  30417924   0.00703   0.00226
 921     4.110  -19704053.763  33827870   0.00422  -0.00586
 922     4.160  -19704122.655  32572404   0.00542  -0.00347
 923     4.240  -19703928.114  31077466  -0.00110   0.00245
 924     4.180  -19704091.963  30025268  -0.00246   0.00296
 925     4.060  -19704440.284  30262501   0.00156   0.00391
 926     4.290  -19704104.230  29346135  -0.00002   0.00353
 927     4.080  -19704105.238  31166179   0.00484   0.00227
 928     4.120  -19704284.442  30019961   0.00751   0.00358
 929     4.060  -19703872.533  33853803   0.00103  -0.00746
 930     4.090  -19704173.044  28848874  -0.00338   0.00885
 931     4.250  -19703945.624  31409607  -0.00611   0.00167
 932     4.150  -19703703.474  31950941  -0.00409  -0.00108
 933     3.910  -19704053.704  32519528   0.00456  -0.00111
 934     4.100  -19703998.489  31339823   0.00146   0.00055
 935     4.190  -19704000.478  32117433   0.00237  -0.00078
 936     3.990  -19704131.449  28507766  -0.00571   0.00810
 937     3.950  -19704299.408  27546120  -0.00418   0.01177
 938     3.960  -19704047.955  34259746   0.00856  -0.00727
 939     4.080  -19704120.912  28711298  -0.00141   0.00695
 940     3.920  -19703986.773  33254988   0.00829  -0.00483
 941     3.990  -19704112.126  30968660  -0.00165   0.00156
 942     4.060  -19703861.600  31602284   0.00395  -0.00171
 943     4.060  -19704064.322  33133650   0.00294  -0.00698
 944     4.130  -19703605.052  34549555  -0.00423  -0.00744
 945     4.230  -19703874.890  33452842  -0.00296  -0.00534
 946     4.000  -19704057.896  33193366   0.00740  -0.00640
 947     4.200  -19704483.134  30441015   0.00626   0.00230
 948     4.260  -19704147.902  29386830  -0.00205   0.00590
 949     4.020  -19704132.151  31803382  -0.00004  -0.00195
 950     4.130  -19703993.359  31682457  -0.00053  -0.00078
 951     4.020  -19704057.704  33605049   0.00858  -0.00774
 952     4.090  -19703992.098  32187555   0.00456  -0.00366
 953     3.800  -19704369.227  30453857   0.00126   0.00131
 954     4.040  -19704251.051  31773162   0.00560  -0.00196
 955     3.930  -19704333.447  30088257  -0.00065   0.00317
 956     4.030  -19704456.227  30428529   0.00212   0.00348
 957     4.010  -19704000.797  29548039   0.00091   0.00484
 958     4.050  -19704002.603  31889796  -0.00508  -0.00266
 959     4.120  -19704211.684  28011380  -0.00227   0.00779
 960     4.010  -19704053.001  29656895  -0.00365   0.00490
 961     4.060  -19704152.417  32159286  -0.00176  -0.00241
 962     4.170  -19704253.854  31011574   0.00386   0.00108
 963     4.160  -19704374.770  29183748   0.00219   0.00772
 964     4.210  -19704049.316  32424847   0.00152  -0.00190
 965     4.150  -19704149.377  32514780   0.00100  -0.00322
 966     4.150  -19703670.690  33987091  -0.00574  -0.00850
 967     3.990  -19704402.802  27614013  -0.00135   0.01103
 968     3.970  -19704335.126  30826642   0.00131   0.00039
 969     3.980  -19704047.744  31887550   0.00537  -0.00000
 970     4.050  -19704275.466  30269154   0.00459   0.00354
 971     4.050  -19704141.342  34741984   0.00301  -0.00942
 972     4.250  -19704068.633  29317712  -0.01322   0.00185
 973     4.120  -19703812.374  33582893   0.00186  -0.00704
 974     4.050  -19704220.380  32088097   0.00732  -0.00159
 975     4.160  -19704273.379  30852020  -0.00129   0.00008
 976     4.050  -19703958.843  32948111  -0.00013  -0.00835
 977     4.220  -19704380.087  32346151   0.00109  -0.00193
 978     4.240  -19703992.192  31903212  -0.00725  -0.00275
 979     4.020  -19703997.663  31361437  -0.00213   0.00061
 980     3.960  -19704147.657  30781321  -0.00472   0.00106
 981     4.040  -19704061.803  32692573  -0.00033  -0.00417
 982     3.970  -19703864.039  31969453  -0.00736  -0.00234
 983     4.080  -19704113.491  31392224   0.00138   0.00108
 984     4.040  -19703805.378  32861495   0.00289  -0.00613
 985     4.060  -19704331.435  29125318   0.00656   0.00614
 986     4.120  -19703942.320  32151139   0.00189  -0.00487
 987     4.000  -19704178.853  30873957   0.00029   0.00117
 988     4.220  -19704225.395  31227744   0.00618   0.00228
 989     4.200  -19704072.013  34076579  -0.00011  -0.00782
 990     4.130  -19704241.702  26824438  -0.00245   0.01123
 991     4.090  -19704227.407  30479155   0.00093   0.00165
 992     4.130  -19704270.842  29933417  -0.00215   0.00304
 993     4.170  -19704148.876  29750569  -0.00361   0.00663
 994     4.170  -19703958.222  35053146   0.00173  -0.01387
 995     4.080  -19703853.062  34463679   0.00535  -0.00852
 996     4.040  -19704358.399  30286820   0.00138   0.00077
 997     4.120  -19703992.862  33576072  -0.00451  -0.00746
 998     4.130  -19704165.825  30623184  -0.00262   0.00492
 999     3.930  -19704204.478  30603848  -0.00498   0.00234
1000     4.260  -19703877.642  32513822  -0.00392  -0.00106
